-65.0
-64.70882606767013
-64.41895634613887
-64.13038238545347
-63.84309686548678
-63.55709246596257
-63.27236184352899
-62.98889785713596
-62.70669346907808
-62.42574093352319
-62.14603268238977
-61.86756126679823
-61.590318753536025
-61.31429666634288
-61.0394866947594
-60.76588064178734
-60.493468831404506
-60.22224153107192
-59.95218918992114
-59.683301924673636
-59.41556770780086
-59.148974833914366
-58.8835118165474
-58.61916560742506
-58.35592108454945
-58.09376353622437
-57.83267853385004
-57.57264809939897
-57.31365249764188
-57.055672536709885
-56.798689404514306
-56.542677767512224
-56.28761109215352
-56.03346358470239
-55.7802099729487
-55.52781432657868
-55.27624016703953
-55.02545204186091
-54.775415222854974
-54.52607894531677
-54.27739225263724
-54.02930562081888
-53.78177052723594
-53.534715847218486
-53.28806959729039
-53.04176177534617
-52.795723726723786
-52.54985652922619
-52.30405764619704
-52.0582271930306
-51.81226698406699
-51.56603948476056
-51.31939757164994
-51.07219742223038
-50.82429705745839
-50.57550275214353
-50.325601690841914
-50.074384534116554
-49.82164315906224
-49.56709577279884
-49.310431101172924
-49.05133986915325
-48.78951124313494
-48.52451284492031
-48.25588163411824
-47.98315057083786
-47.705830981812596
-47.423225468305475
-47.134626182764315
-46.839303951043675
-46.53634715050362
-46.22467007700346
-45.903139819202444
-45.570443167864134
-45.22489147851834
-44.86468886713803
-44.48769660407845
-44.09122059639156
-43.672320287801845
-43.22713329639891
-42.751172333571034
-42.238843840792946
-41.6832133370814
-41.075502510232184
-40.4047719721638
-39.65637030975203
-38.811452720713675
-37.84500369335993
-36.723087398726875
-35.39907246474148
-33.80866793552887
-31.863518045695262
-29.444761873853782
-26.40532191762803
-22.60417615560259
-18.017872258617107
-12.948923538749305
-8.135969595851495
-4.385260953161383
-1.988037584031182
-0.6831528036245043
-0.045301845826681064
0.2506518502445213
0.3889257788862759
0.45874761556251553
0.499884503110463
0.5293998603660879
0.5545611988517825
0.578509995840851
0.6026479543552088
0.6276285877219809
0.6537721317088963
0.6812427669683281
0.7101266007789826
0.7404671760371673
0.7722821772914369
0.8055714698775166
0.8403209681550031
0.8765044152918599
0.9140840900472312
0.9530109661677729
0.9932246153527446
1.0346530267827923
1.0772084692195147
1.1207924131589402
1.1652958987578452
1.2105992055661456
1.2565720541518495
1.3030742007529974
1.3499563512905384
1.3970613498567124
1.4442256074485949
1.491280738413647
1.5380553695670085
1.5843785564144608
1.6300803428577852
1.6749935179295656
1.718955765908281
1.7618117293761109
1.8034149481125143
1.8436296352247772
1.8823322537891605
1.9194128616465143
1.954776198192527
1.9883424944528583
2.020047995920053
2.049842842214573
2.0776932621097366
2.103582745043291
2.1275109550355085
2.1494926069605644
2.1695562695589
2.18774308697712
2.2041054277486483
2.21870548027738
2.231613819223222
2.242907969175727
2.252670991661071
2.260990119597161
2.2679554603425696
2.27365878489905
2.278192416950626
2.281648231506691
2.284116769153393
2.285686468446512
2.286443015895841
2.2864688103539748
2.2858425364578774
2.2846388400805986
2.282928097513539
2.2807762692823115
2.2782448290566744
2.275390757996278
2.272266595025474
2.2689205338987906
2.265396558453088
2.2617346080959146
2.2579707663107005
2.2541374657319837
2.2502637041280606
2.24637526639978
2.2424949484441075
2.238642779425542
2.234836239638136
2.231090471719897
2.227418483497164
2.223831341188958
2.220338352091985
2.2169472361992586
2.2136642864831453
2.210494517801963
2.2074418045730893
2.204509007500055
2.2016980897513614
2.1990102230696262
2.196445884345643
2.1940049432271587
2.191686741350306
2.1894901637860733
2.1874137032876937
2.185455517909979
2.183613482550489
2.181885234936749
2.180268216555039
2.1787597089857584
2.177356866078944
2.176056742372034
2.1748563181209026
2.1737525212851256
2.1727422467795448
2.1718223732768234
2.170989777819917
2.1702413484792777
2.169573995267269
2.1689846595015716
2.1684703217904002
2.1680280087949058
2.1676547989083055
2.1673478269768154
2.1671042881743627
2.1669214411312128
2.1667966104059433
2.16672718838055
2.16671063664981
2.1667444869682284
2.1668263418109217
2.166953874598529
2.16712482963065
2.1673370217672976
2.1675883358934023
2.1678767261973952
2.1682002152913595
2.168556893197063
2.1689449162193557
2.169362505725914
2.1698079468500646
2.170279587131438
2.1707758351074267
2.1712951588668457
2.171836084575806
2.1723971949845526
2.1729771279229273
2.173574574791128
2.1741882790515676
2.174817034726869
2.17545968490833
2.1761151202786158
2.1767822776518524
2.1774601385338714
2.1781477277048835
2.178844111826517
2.1795483980748203
2.1802597328005184
2.1809773002175863
2.1817003211209434
2.1824280516338974
2.1831597819857755
2.183894835320034
2.184632566532997
2.1853723611432656
2.1861136341917176
2.186855829171957
2.187598416990964
2.1883408949596523
2.1890827858129693
2.189823636759134
2.190563018557564
2.1913005246250012
2.1920357701693307
2.192768391350544
2.1934980444683068
2.1942244051755377
2.194947167717435
2.1956660441953466
2.1963807638548913
2.1970910723977326
2.197796731316398
2.1984975172515506
2.199193221371114
2.1998836487706575
2.2005686178944472
2.2012479599765995
2.2019215185017442
2.202589148684645
2.2032507169682165
2.2039061005393905
2.2045551868622995
2.2051978732282453
2.205834066321942
2.2064636818035277
2.2070866439058503
2.207702885046547
2.208312345454446
2.2089149728098327
2.2095107218981296
2.2100995542765562
2.2106814379533453
2.2112563470790936
2.211824261649858
2.2123851672215884
2.2129390546355343
2.21348591975424
2.214025763207778
2.2145585901498706
2.2150844100235516
2.215603236336056
2.2161150864426
2.21661998133876
2.2171179454611325
2.217609006495998
2.2180931951957006
2.218570545202472
2.219041092879434
2.219504877148523
2.2199619393350933
2.2204123230189516
2.2208560738915972
2.2212932396194365
2.2217238697127617
2.222148015400277
2.222565729508972
2.222977066349146
2.2233820816043903
2.223780832226346
2.2241733763340656
2.2245597731177926
2.2249400827470085
2.225314366282579
2.2256826855928438
2.226045103273508
2.22640168257118
2.226752487310427
2.2270975818242067
2.227437030887551
2.2277708996543697
2.228099253597258
2.2284221584501944
2.228739680154005
2.2290518848045036
2.2293588386031793
2.229660607810358
2.2299572587007175
2.2302488575210715
2.230535470450339
2.2308171635615968
2.2310940027861452
2.231366053879497
2.2316333823892145
2.231896053624522
2.2321541326276177
2.232407684146616
2.2326567726100532
2.2329014621028955
2.233141816343978
2.2333778986648274
2.2336097719897965
2.2338374988174676
2.234061141203263
2.234280760743214
2.2344964185588374
2.2347081752830773
2.234916091047255
2.2351202254689966
2.235320637641083
2.2355173861211908
2.235710528922482
2.2359001235049996
2.236086226767841
2.23626889504207
2.2364481840843298
2.236624149071135
2.236796844593802
2.2369663246539915
2.237132642659836
2.237295851422621
2.237456003153995
2.2376131494636895
2.2377673413577095
2.2379186292369853
2.2380670628964583
2.2382126915245744
2.2383555637031742
2.2384957274077486
2.23863323000805
2.238768118269036
2.2389004383521307
2.239030235816781
2.2391575556223
2.239282442129976
2.2394049391054356
2.2395250897212424
2.2396429365597212
2.239758521615993
2.239871886301214
2.2399830714459923
2.240092117303987
2.240199063555668
2.2403039493122305
2.2404068131196544
2.2405076929628946
2.240606626270198
2.240703649917534
2.240798800233136
2.2408921130021358
2.2409836234712968
2.2410733663538247
2.2411613758342583
2.2412476855734287
2.2413323287134834
2.2414153378829687
2.2414967452019585
2.2415765822872356
2.241654880257509
2.241731669738671
2.2418069808690775
2.2418808433048616
2.241953286225267
2.2420243383379943
2.242094027884567
2.2421623826457027
2.242229429946691
2.2422951966627775
2.2423597092245386
2.2424229936232636
2.2424850754163197
2.242545979732516
2.2426057312774463
2.2426643543388294
2.242721872791818
2.2427783101042995
2.2428336893421705
2.24288803317459
2.242941363879204
2.2429937033473486
2.2430450730892186
2.2430954942390104
2.2431449875600316
2.243193573449776
2.2432412719449677
2.2432881027265665
2.243334085124739
2.2433792381237923
2.2434235803670655
2.243467130161786
2.243509905483883
2.243551923982763
2.243593202986036
2.2436337595042124
2.2436736102353407
2.243712771569617
2.24375125959394
2.243789090096427
2.243826278570882
2.2438628402212193
2.2438987899658467
2.2439341424419936
2.243968912010002
2.2440031127575653
2.244036758503926
2.2440698628040225
2.2441024389525928
2.2441344999882302
2.2441660586973917
2.2441971276183628
2.244227719045173
2.2442578450314663
2.2442875173943255
2.24431674771805
2.244345547357889
2.244373927443723
2.2444018988837096
2.2444294723678735
2.244456658371659
2.244483467159432
2.2445099087879385
2.244535993109723
2.2445617297764935
2.244587128242451
2.2446121977675677
2.2446369474208296
2.2446613860834295
2.2446855224519173
2.2447093650413126
2.244732922188169
2.244756202053601
2.244779212626266
2.2448019617253046
2.2448244570032463
2.2448467059488646
2.24486871589
2.2448904939963397
2.244912047282157
2.2449333826090134
2.2449545066884213
2.244975426084468
2.244996147216401
2.245016676361178
2.2450370196559777
2.2450571831006734
2.2450771725602725
2.2450969937673153
2.245116652324244
2.2451361537057326
2.2451555032609836
2.2451747062159866
2.2451937676757487
2.2452126926264864
2.2452314859377864
2.2452501523647324
2.2452686965499997
2.2452871230259186
2.245305436216503
2.2453236404394525
2.245341739908118
2.2453597387334416
2.2453776409258617
2.2453954503971922
2.2454131709624696
2.2454308063417723
2.24544836016201
2.245465835958687
2.245483237177634
2.2455005671767143
2.245517829227504
2.2455350265169423
2.2455521621489583
2.245569239146066
2.2455862604509447
2.245603228927979
2.245620147364785
2.245637018473708
2.245653844893294
2.245670629189741
2.2456873738583205
2.2457040813247837
2.2457207539467348
2.245737394014991
2.245754003754912
2.245770585327714
2.245787140831757
2.245803672303812
2.2458201817203083
2.245836670998556
2.245853141997954
2.2458695965211715
2.2458860363153126
2.2459024630730613
2.2459188784338067
2.2459352839847457
2.2459516812619733
2.245968071751547
2.245984456890539
2.2460008380680674
2.246017216626309
2.246033593861495
2.246049971024891
2.2460663493237583
2.2460827299222985
2.2460991139425834
2.246115502465465
2.2461318965314727
2.246148297141694
2.246164705258639
2.246181121807089
2.246197547674932
2.2462139837139836
2.246230430740787
2.2462468895374097
2.246263360852216
2.24627984540063
2.246296343865886
2.246312856899762
2.2463293851233015
2.246345929127523
2.2463624894741168
2.246379066696126
2.24639566129862
2.2464122737593506
2.2464289045293993
2.2464455540338113
2.246462222672219
2.2464789108194543
2.2464956188261462
2.24651234701931
2.246529095702926
2.2465458651585064
2.2465626556456515
2.246579467402595
2.2465963006467407
2.2466131555751856
2.2466300323652404
2.2466469311749293
2.2466638521434907
2.246680795391861
2.2466977610231536
2.2467147491231274
2.2467317597606447
2.2467487929881207
2.2467658488419677
2.2467829273430273
2.2468000284969945
2.246817152294833
2.2468342987131846
2.246851467714771
2.246868659248782
2.246885873251264
2.246903109645495
2.246920368342354
2.2469376492406834
2.2469549522276444
2.2469722771790637
2.246989623959775
2.247006992423953
2.2470243824154386
2.247041793768062
2.247059226305955
2.2470766798438597
2.2470941541874283
2.2471116491335192
2.247129164470486
2.247146699978458
2.247164255429622
2.2471818305884885
2.247199425212161
2.2472170390505948
2.2472346718468503
2.247252323337343
2.247269993252089
2.2472876813149427
2.247305387243827
2.247323110750968
2.2473408515431132
2.2473586093217532
2.2473763837833354
2.2473941746194726
2.247411981517147
2.247429804158913
2.2474476422230913
2.247465495383959
2.2474833633119395
2.247501245673785
2.247519142132754
2.247537052348787
2.2475549759786775
2.247572912676238
2.247590862092465
2.2476088238756975
2.247626797671771
2.247644783124174
2.247662779874191
2.2476807875610514
2.2476988058220693
2.2477168342927842
2.247734872607093
2.2477529203973834
2.2477709772946617
2.2477890429286793
2.247807116928054
2.247825198920389
2.247843288532391
2.2478613853899834
2.2478794891184153
2.247897599342371
2.2479157156860747
2.2479338377733926
2.247951965227935
2.247970097673149
2.2479882347324187
2.2480063760291538
2.248024521186881
2.2480426698293305
2.2480608215805216
2.2480789760648467
2.24809713290715
2.248115291732808
2.248133452167803
2.248151613838799
2.248169776373213
2.2481879393992874
2.248206102546154
2.2482242654439024
2.2482424277236444
2.2482605890175753
2.2482787489590352
2.248296907182566
2.24831506332397
2.248333217020363
2.2483513679102303
2.248369515633477
2.248387659831477
2.2484058001471237
2.248423936224874
2.248442067710797
2.2484601942526163
2.2484783154997525
2.248496431103364
2.248514540716386
2.2485326439935713
2.248550740591523
2.248568830168734
2.2485869123856186
2.248604986904547
2.248623053389875
2.2486411115079776
2.248659160927275
2.2486772013182637
2.248695232353541
2.248713253707832
2.248731265058015
2.2487492660831445
2.2487672564644736
2.248785235885476
2.248803204031867
2.248821160591622
2.2488391052549983
2.2488570377145485
2.2488749576651403
2.248892864803972
2.2489107588305886
2.248928639446893
2.248946506357163
2.2489643592680606
2.2489821978886484
2.2490000219303954
2.249017831107192
2.2490356251353543
2.249053403733639
2.249071166623247
2.249088913527834
2.2491066441735135
2.249124358288867
2.2491420556049473
2.249159735855284
2.2491773987758865
2.2491950441052495
2.2492126715843557
2.249230280956677
2.2492478719681777
2.2492654443673152
2.249282997905043
2.2493005323348076
2.2493180474125514
2.24933554289671
2.249353018548213
2.249370474130481
2.249387909409425
2.249405324153443
2.249422718133417
2.2494400911227115
2.249457442897166
2.2494747732350966
2.2494920819172863
2.2495093687269847
2.249526633449899
2.249543875874191
2.249561095790471
2.24957829299179
2.2495954672736356
2.2496126184339236
2.2496297462729915
2.249646850593591
2.2496639312008813
2.249680987902419
2.249698020508152
2.2497150288304115
2.2497320126838996
2.2497489718856847
2.2497659062551905
2.249782815614187
2.2497996997867786
2.2498165585994
2.249833391880799
2.2498501994620317
2.249866981176449
2.2498837368596885
2.249900466349662
2.2499171694865447
2.2499338461127656
2.249950496072993
2.2499671192141273
2.2499837153852864
2.2500002844377955
2.2500168262251745
2.250033340603126
2.2500498274295238
2.250066286564401
2.2500827178699367
2.2500991212104453
2.2501154964523606
2.250131843464227
2.2501481621166852
2.2501644522824584
2.250180713836342
2.2501969466551874
2.2502131506178933
2.2502293256053867
2.250245471500615
2.2502615881885317
2.2502776755560805
2.250293733492184
2.2503097618877317
2.2503257606355636
2.2503417296304575
2.250357668769118
2.2503735779501586
2.250389457074093
2.2504053060433176
2.2504211247621
2.2504369131365642
2.250452671074678
2.2504683984862384
2.250484095282858
2.2504997613779514
2.2505153966867217
2.2505310011261472
2.2505465746149667
2.250562117073665
2.2505776284244625
2.250593108591298
2.2506085574998163
2.250623975077354
2.250639361252928
2.2506547159572188
2.250670039122557
2.2506853306829124
2.2507005905738784
2.2507158187326586
2.250731015098052
2.2507461796104424
2.250761312211783
2.250776412845582
2.2507914814568903
2.2508065179922885
2.2508215223998724
2.2508364946292403
2.2508514346314796
2.2508663423591533
2.250881217766286
2.2508960608083517
2.250910871442262
2.2509256496263492
2.2509403953203555
2.2509551084854205
2.250969789084068
2.250984437080191
2.250999052439041
2.2510136351272134
2.251028185112638
2.251042702364562
2.2510571868535396
2.2510716385514193
2.2510860574313316
2.251100443467674
2.2511147966361023
2.2511291169135155
2.251143404278044
2.251157658709037
2.251171880187053
2.2511860686938423
2.2512002242123406
2.2512143467266528
2.2512284362220423
2.2512424926849195
2.251256516102831
2.2512705064644445
2.2512844637595406
2.2512983879789985
2.2513122791147864
2.2513261371599476
2.251339962108591
2.2513537539558808
2.2513675126980206
2.2513812383322462
2.251394930856814
2.251408590270988
2.2514222165750306
2.2514358097701885
2.2514493698586877
2.2514628968437154
2.251476390729414
2.2514898515208697
2.2515032792241008
2.251516673846047
2.251530035394561
2.2515433638783944
2.25155665930719
2.2515699216914715
2.2515831510426327
2.251596347372927
2.251609510695457
2.251622641024164
2.251635738373823
2.2516488027600245
2.251661834199172
2.2516748327084675
2.2516877983059045
2.2517007310102573
2.2517136308410715
2.2517264978186553
2.251739331964069
2.2517521332991164
2.2517649018463346
2.251777637628987
2.2517903406710515
2.2518030109972136
2.2518156486328555
2.251828253604049
2.2518408259375455
2.251853365660768
2.2518658728018006
2.251878347389383
2.2518907894529
2.2519031990223723
2.251915576128449
2.2519279208023995
2.2519402330761067
2.2519525129820535
2.251964760553321
2.2519769758235757
2.2519891588270653
2.252001309598607
2.2520134281735826
2.2520255145879284
2.25203756887813
2.2520495910812115
2.2520615812347304
2.2520735393767692
2.2520854655459277
2.252097359781316
2.252109222122546
2.252121052609726
2.252132851283452
2.2521446181848015
2.2521563533553253
2.2521680568370415
2.2521797286724263
2.2521913689044117
2.2522029775763737
2.252214554732128
2.2522261004159234
2.252237614672434
2.2522490975467524
2.252260549084385
2.2522719693312445
2.2522833583336435
2.2522947161382865
2.252306042792266
2.2523173383430564
2.2523286028385052
2.2523398363268297
2.2523510388566077
2.2523622104767753
2.2523733512366175
2.2523844611857657
2.2523955403741884
2.252406588852187
2.2524176066703916
2.2524285938797517
2.2524395505315336
2.2524504766773146
2.252461372368975
2.252472237658696
2.252483072598951
2.2524938772425043
2.252504651642401
2.2525153958519653
2.2525261099247937
2.2525367939147514
2.252547447875965
2.2525580718628193
2.25256866592995
2.252579230132242
2.2525897645248225
2.252600269163056
2.2526107441025403
2.2526211893991013
2.2526316051087885
2.2526419912878706
2.2526523479928304
2.252662675280361
2.252672973207359
2.252683241830925
2.2526934812083517
2.2527036913971275
2.2527138724549265
2.2527240244396074
2.252734147409208
2.252744241421941
2.2527543065361892
2.2527643428105035
2.2527743503035964
2.2527843290743403
2.2527942791817614
2.2528042006850373
2.2528140936434933
2.2528239581165965
2.2528337941639545
2.2528436018453095
2.252853381220537
2.25286313234964
2.2528728552927473
2.2528825501101064
2.252892216862084
2.252901855609161
2.252911466411928
2.252921049331084
2.25293060442743
2.252940131761869
2.252949631395401
2.252959103389119
2.252968547804207
2.252977964701936
2.252987354143663
2.2529967161908235
2.2530060509049328
2.2530153583475805
2.2530246385804285
2.253033891665208
2.2530431176637156
2.253052316637811
2.2530614886494145
2.2530706337605038
2.2530797520331114
2.253088843529321
2.253097908311266
2.2531069464411266
2.2531159579811253
2.2531249429935274
2.253133901540635
2.2531428336847874
2.2531517394883562
2.2531606190137445
2.2531694723233837
2.2531782994797305
2.253187100545266
2.253195875582492
2.253204624653929
2.2532133478221135
2.2532220451495957
2.2532307166989387
2.2532393625327143
2.253247982713502
2.2532565773038873
2.253265146366456
2.253273689963798
2.2532822081584998
2.2532907010131447
2.2532991685903117
2.253307610952571
2.253316028162484
2.2533244202826013
2.2533327873754594
2.25334112950358
2.253349446729467
2.253357739115605
2.253366006724459
2.25337424961847
2.2533824678600554
2.2533906615116055
2.2533988306354837
2.253406975294022
2.253415095549522
2.2534231914642526
2.253431263100447
2.253439310520302
2.253447333785977
2.2534553329595917
2.2534633081032234
2.253471259278908
2.253479186548637
2.2534870899743553
2.253494969617962
2.2535028255413057
2.2535106578061854
2.2535184664743504
2.2535262516074943
2.2535340132672577
2.253541751515226
2.2535494664129265
2.2535571580218288
2.2535648264033425
2.2535724716188175
2.25358009372954
2.2535876927967333
2.253595268881557
2.2536028220451025
2.253610352348397
2.253617859852397
2.253625344617992
2.253632806705999
2.253640246177166
2.2536476630921656
2.2536550575115983
2.2536624294959893
2.2536697791057874
2.2536771064013656
2.2536844114430186
2.2536916942909624
2.2536989550053317
2.2537061936461824
2.2537134102734884
2.2537206049471386
2.253727777726941
2.2537349286726185
2.253742057843807
2.2537491653000576
2.2537562511008344
2.253763315305513
2.2537703579733797
2.253777379163632
2.2537843789353764
2.253791357347629
2.2537983144593134
2.2538052503292603
2.2538121650162073
2.253819058578797
2.2538259310755784
2.253832782565004
2.25383961310543
2.253846422755116
2.253853211572224
2.253859979614817
2.2538667269408594
2.253873453608216
2.2538801596746514
2.25388684519783
2.253893510235314
2.2539001548445636
2.253906779082937
2.253913383007689
2.2539199666759706
2.253926530144829
2.253933073471206
2.253939596711939
2.2539460999237586
2.253952583163291
2.2539590464870534
2.2539654899514576
2.2539719136128067
2.2539783175272965
2.253984701751014
2.2539910663399367
2.2539974113499337
2.254003736836763
2.2540100428560734
2.2540163294634032
2.254022596714179
2.2540288446637162
2.254035073367218
2.254041282879778
2.2540474732563736
2.2540536445518726
2.254059796821028
2.25406593011848
2.2540720444987556
2.254078140016266
2.2540842167253095
2.25409027468007
2.2540963139346153
2.254102334542899
2.2541083365587595
2.254114320035918
2.254120285027982
2.2541262315884407
2.2541321597706676
2.25413806962792
2.2541439612133387
2.254149834579946
2.254155689780648
2.254161526868232
2.2541673458953704
2.2541731469146153
2.2541789299784014
2.254184695139046
2.2541904424487464
2.2541961719595833
2.254201883723517
2.2542075777923904
2.2542132542179263
2.254218913051729
2.2542245543452846
2.2542301781499576
2.2542357845169954
2.2542413734975244
2.254246945142552
2.254252499502965
2.254258036629531
2.254263556572898
2.254269059383593
2.2542745451120245
2.2542800138084798
2.254285465523126
2.2542909003060103
2.254296318207059
2.2543017192760786
2.254307103562755
2.2543124711166542
2.254317821987221
2.2543231562237787
2.2543284738755323
2.254333774991565
2.2543390596208406
2.2543443278122
2.254349579614366
2.254354815075939
2.2543600342454
2.254365237171109
2.2543704239013054
2.254375594484108
2.254380748967516
2.2543858873994065
2.254391009827537
2.2543961162995445
2.254401206862946
2.254406281565138
2.254411340453396
2.254416383574876
2.254421410976613
2.2544264227055235
2.254431418808401
2.254436399331922
2.2544413643226417
2.2544463138269952
2.254451247891298
2.254456166561746
2.254461069884415
2.2544659579052624
2.254470830670124
2.2544756882247183
2.2544805306146434
2.254485357885378
2.2544901700822826
2.254494967250597
2.2544997494354435
2.254504516681826
2.254509269034628
2.2545140065386158
2.2545187292384363
2.2545234371786185
2.2545281304035734
2.254532808957593
2.2545374728848526
2.2545421222294086
2.2545467570352
2.2545513773460466
2.254555983205654
2.2545605746576083
2.2545651517453784
2.254569714512316
2.2545742630016576
2.2545787972565203
2.2545833173199075
2.2545878232347034
2.254592315043677
2.2545967927894828
2.2546012565146554
2.2546057062616174
2.254610142072673
2.2546145639900135
2.2546189720557117
2.254623366311728
2.254627746799906
2.2546321135619753
2.2546364666395498
2.2546408060741303
2.2546451319071026
2.2546494441797376
2.2546537429331934
2.254658028208514
2.2546623000466286
2.2546665584883545
2.2546708035743954
2.254675035345341
2.2546792538416693
2.254683459103745
2.2546876511718192
2.254691830086033
2.2546959958864137
2.254700148612877
2.2547042883052266
2.2547084150031558
2.254712528746246
2.254716629573966
2.2547207175256765
2.2547247926406246
2.2547288549579485
2.2547329045166755
2.2547369413557226
2.2547409655138977
2.254744977029898
2.254748975942312
2.254752962289618
2.2547569361101862
2.2547608974422775
2.2547648463240426
2.254768782793527
2.2547727068886654
2.2547766186472846
2.2547805181071046
2.2547844053057378
2.2547882802806876
2.2547921430693525
2.2547959937090223
2.2547998322368805
2.254803658690005
2.254807473105366
2.2548112755198284
2.2548150659701514
2.2548188444929878
2.2548226111248852
2.254826365902287
2.254830108861531
2.2548338400388492
2.2548375594703707
2.25484126719212
2.254844963240017
2.2548486476498777
2.254852320457415
2.2548559816982374
2.254859631407852
2.2548632696216617
2.254866896374967
2.254870511702966
2.254874115640755
2.254877708223327
2.2548812894855743
2.2548848594622877
2.2548884181881563
2.2548919656977673
2.2548955020256094
2.254899027206069
2.254902541273432
2.2549060442618836
2.2549095362055116
2.254913017138302
2.2549164870941416
2.2549199461068192
2.2549233942100226
2.2549268314373427
2.2549302578222705
2.2549336733982
2.2549370781984264
2.2549404722561466
2.2549438556044614
2.2549472282763725
2.254950590304786
2.2549539417225106
2.254957282562258
2.254960612856645
2.25496393263819
2.2549672419393163
2.2549705407923524
2.25497382922953
2.254977107282987
2.254980374984766
2.2549836323668138
2.2549868794609838
2.2549901162990342
2.25499334291263
2.2549965593333425
2.2549997655926486
2.2550029617219325
2.255006147752485
2.2550093237155044
2.2550124896420956
2.2550156455632724
2.2550187915099555
2.2550219275129737
2.2550250536030645
2.2550281698108736
2.255031276166956
2.2550343727017754
2.255037459445705
2.2550405364290276
2.255043603681935
2.255046661234529
2.255049709116823
2.2550527473587394
2.2550557759901118
2.255058795040685
2.255061804540114
2.2550648045179664
2.25506779500372
2.2550707760267663
2.2550737476164078
2.255076709801859
2.2550796626122467
2.255082606076612
2.2550855402239067
2.2550884650829985
2.2550913806826673
2.2550942870516058
2.2550971842184224
2.255100072211638
2.255102951059689
2.2551058207909267
2.255108681433616
2.2551115330159375
2.2551143755659875
2.2551172091117775
2.2551200336812345
2.2551228493022024
2.25512565600244
2.2551284538096237
2.2551312427513466
2.2551340228551178
2.2551367941483638
2.255139556658429
2.2551423104125745
2.255145055437981
2.2551477917617455
2.255150519410884
2.2551532384123307
2.255155948792939
2.255158650579481
2.2551613437986475
2.255164028477049
2.255166704641216
2.255169372317598
2.2551720315325663
2.255174682312411
2.2551773246833418
2.255179958671492
2.2551825843029136
2.2551852016035805
2.255187810599388
2.255190411316153
2.2551930037796137
2.2551955880154315
2.2551981640491894
2.255200731906392
2.255203291612468
2.2552058431927686
2.2552083866725683
2.255210922077065
2.2552134494313796
2.2552159687605573
2.255218480089567
2.255220983443302
2.2552234788465806
2.2552259663241445
2.255228445900661
2.2552309176007226
2.255233381448847
2.2552358374694776
2.2552382856869833
2.255240726125659
2.2552431588097255
2.25524558376333
2.255248001010547
2.255250410575377
2.2552528124817477
2.2552552067535134
2.255257593414457
2.2552599724882887
2.255262343998646
2.2552647079690944
2.2552670644231285
2.255269413384171
2.2552717548755727
2.2552740889206135
2.255276415542503
2.255278734764379
2.25528104660931
2.255283351100293
2.255285648260256
2.255287938112056
2.2552902206784813
2.25529249598225
2.2552947640460106
2.2552970248923434
2.25529927854376
2.255301525022702
2.255303764351543
2.255305996552589
2.2553082216480766
2.2553104396601764
2.25531265061099
2.255314854522551
2.255317051416828
2.2553192413157195
2.255321424241058
2.255323600214611
2.2553257692580773
2.2553279313930905
2.2553300866412185
2.2553322350239613
2.2553343765627556
2.2553365112789714
2.2553386391939125
2.2553407603288185
2.2553428747048643
2.2553449823431597
2.2553470832647498
2.255349177490615
2.2553512650416714
2.2553533459387722
2.2553554202027057
2.255357487854197
2.2553595489139076
2.255361603402436
2.2553636513403172
2.2553656927480223
2.255367727645962
2.255369756054483
2.25537177799387
2.255373793484345
2.255375802546069
2.2553778051991404
2.2553798014635964
2.255381791359413
2.2553837749065044
2.2553857521247247
2.2553877230338655
2.2553896876536585
2.2553916460037753
2.2553935981038267
2.2553955439733633
2.2553974836318758
2.2553994170987957
2.2554013443934946
2.255403265535284
2.2554051805434163
2.2554070894370857
2.2554089922354263
2.2554108889575133
2.2554127796223655
2.2554146642489408
2.2554165428561403
2.255418415462807
2.2554202820877247
2.255422142749621
2.255423997467165
2.25542584625897
2.2554276891435903
2.2554295261395234
2.2554313572652114
2.255433182539038
2.255435001979332
2.2554368156043645
2.2554386234323514
2.2554404254814524
2.255442221769771
2.2554440123153543
2.255445797136196
2.255447576250232
2.2554493496753456
2.2554511174293634
2.255452879530058
2.255454635995147
2.2554563868422925
2.2554581320891036
2.2554598717531356
2.2554616058518886
2.2554633344028088
2.2554650574232897
2.2554667749306705
2.255468486942237
2.2554701934752224
2.255471894546806
2.255473590174116
2.2554752803742257
2.255476965164157
2.255478644560879
2.2554803185813093
2.255481987242312
2.2554836505607008
2.2554853085532365
2.2554869612366293
2.2554886086275365
2.255490250742565
2.25549188759827
2.255493519211157
2.2554951455976795
2.255496766774241
2.2554983827571933
2.2554999935628386
2.255501599207429
2.255503199707167
2.255504795078203
2.2555063853366404
2.255507970498531
2.2555095505798786
2.2555111255966356
2.2555126955647076
2.255514260499949
2.255515820418167
2.2555173753351196
2.2555189252665153
2.2555204702280154
2.2555220102352322
2.25552354530373
2.255525075449025
2.255526600686585
2.2555281210318316
2.2555296365001385
2.2555311471068307
2.255532652867186
2.255534153796437
2.2555356499097665
2.2555371412223124
2.255538627749166
2.255540109505371
2.2555415865059247
2.2555430587657788
2.255544526299839
2.2555459891229646
2.255547447249968
2.2555489006956178
2.2555503494746363
2.255551793601699
2.255553233091438
2.2555546679584384
2.255556098217242
2.255557523882344
2.2555589449681976
2.255560361489208
2.255561773459738
2.255563180894106
2.255564583806584
2.255565982211403
2.255567376122748
2.255568765554761
2.25557015052154
2.25557153103714
2.2555729071155706
2.255574278770801
2.2555756460167555
2.2555770088673155
2.2555783673363194
2.255579721437563
2.2555810711848
2.2555824165917415
2.2555837576720554
2.255585094439368
2.255586426907262
2.2555877550892807
2.255589078998924
2.25559039864965
2.2555917140548756
2.255593025227976
2.2555943321822847
2.2555956349310953
2.255596933487658
2.2555982278651845
2.2555995180768442
2.2556008041357654
2.2556020860550365
2.2556033638477064
2.255604637526782
2.25560590710523
2.2556071725959788
2.2556084340119136
2.2556096913658825
2.2556109446706936
2.2556121939391143
2.2556134391838727
2.2556146804176573
2.255615917653118
2.255617150902866
2.2556183801794725
2.2556196054954696
2.255620826863351
2.2556220442955723
2.2556232578045496
2.255624467402661
2.255625673102246
2.2556268749156065
2.2556280728550058
2.255629266932669
2.255630457160784
2.2556316435515007
2.2556328261169307
2.2556340048691497
2.2556351798201937
2.2556363509820634
2.2556375183667225
2.255638681986095
2.2556398418520707
2.255640997976501
2.255642150371202
2.2556432990479514
2.255644444018492
2.255645585294529
2.2556467228877324
2.2556478568097345
2.2556489870721337
2.2556501136864906
2.2556512366643306
2.2556523560171438
2.255653471756384
2.25565458389347
2.2556556924397846
2.2556567974066764
2.2556578988054574
2.2556589966474054
2.2556600909437634
2.255661181705739
2.255662268944505
2.2556633526712004
2.2556644328969284
2.2556655096327587
2.255666582889726
2.2556676526788313
2.2556687190110414
2.2556697818972893
2.255670841348473
2.2556718973754575
2.2556729499890746
2.2556739992001216
2.255675045019363
2.2556760874575286
2.255677126525317
2.2556781622333917
2.2556791945923838
2.2556802236128917
2.2556812493054803
2.2556822716806826
2.2556832907489976
2.255684306520893
2.255685319006803
2.2556863282171298
2.255687334162243
2.2556883368524816
2.25568933629815
2.255690332509523
2.2556913254968416
2.2556923152703154
2.255693301840123
2.255694285216411
2.2556952654092948
2.255696242428857
2.2556972162851507
2.2556981869881976
2.2556991545479863
2.2557001189744765
2.2557010802775963
2.255702038467243
2.255702993553282
2.25570394554555
2.255704894453851
2.255705840287961
2.2557067830576236
2.255707722772553
2.255708659442433
2.255709593076917
2.2557105236856287
2.2557114512781626
2.2557123758640825
2.255713297452922
2.255714216054186
2.2557151316773494
2.2557160443318582
2.2557169540271285
2.255717860772547
2.2557187645774714
2.25571966545123
2.255720563403123
2.255721458442421
2.2557223505783655
2.2557232398201696
2.2557241261770176
2.2557250096580654
2.2557258902724406
2.2557267680292417
2.255727642937539
2.2557285150063766
2.255729384244767
2.2557302506616974
2.2557311142661254
2.255731975066982
2.2557328024242738
2.2557335312541413
2.2557340846936347
2.2557343988840723
2.255734436560398
2.255734188995202
2.2557336709276155
2.255732913002199
2.255731923896377
2.2557306808175395
2.2557291482078177
2.255727300106065
2.2557251324941423
2.255722664815087
2.255719934994448
2.255716992267899
2.2557138904616214
2.255710682848466
2.255707418763295
2.2557041417218664
2.2557008886550345
2.255697689887925
2.255694569567579
2.2556915463247127
2.2556886340260602
2.255685842527872
2.255683178379522
2.255680645451853
2.255678245481174
2.2556759785295912
2.255673843367695
2.2556718377881766
2.255669958859766
2.25566820313068
2.2556665667900457
2.2556650457947858
2.255663635968407
2.255662333077149
2.2556611328880023
2.25566003121233
2.255658993416592
2.2556579506845926
2.255656822617262
2.2556555419187907
2.2556540679193415
2.255652388496673
2.255650515014975
2.2556484747893544
2.2556463038626378
2.25564404130882
2.255641725302821
2.2556393907328056
2.255637067982528
2.2556347825186935
2.255632554985922
2.2556304015905986
2.2556283346240553
2.2556263630291205
2.255624492952581
2.2556227282522836
2.255621070944559
2.255619521588129
2.255618079606689
2.2556167435555556
2.255615511339128
2.2556143803862145
2.2556133477899394
2.2556124104183217
2.2556115650008475
2.255610808195587
2.255610136640671
2.255609546993293
2.2556090359588135
2.255608600312069
2.255608236912584
2.25560794271502
2.2556077147759597
2.2556075502578627
2.2556074464308735
2.2556074006730085
2.255607410469136
2.2556074734090656
2.2556075871850063
2.255607749588576
2.255607958507516
2.2556082119222274
2.255608507902201
2.255608844602425
2.2556092202598035
2.2556096331896263
2.255610081782117
2.255610564499075
2.255611079870626
2.255611596016007
2.2556120468868555
2.2556123548139726
2.2556124551404015
2.2556123097116423
2.2556119087867614
2.2556112659814107
2.255610410743383
2.2556093811419804
2.255608218182761
2.255606961886344
2.255605648907509
2.255604311322464
2.2556029762197785
2.2556016657980242
2.255600397751769
2.255599185796618
2.2555980402375106
2.25559696852292
2.255595975753726
2.2555950651324808
2.255594238349214
2.2555934959059707
2.2555928373854477
2.2555922616704676
2.2555917671213206
2.2555913517176687
2.2555910131710974
2.2555907490136233
2.2555905566666925
2.255590433494492
2.2555903768447187
2.255590384079389
2.255590452597792
2.2555905798532705
2.255590763365181
2.2555910007271143
2.255591289612227
2.255591627776362
2.2555920130594846
2.2555924433858507
2.2555929167632303
2.255593431281439
2.255593985110375
2.255594576497704
2.25559520376632
2.2555958653116552
2.255596559598921
2.2555972851603165
2.2555980405922544
2.25559882455262
2.2555996357580947
2.255600472981549
2.255601335049518
2.255602220839766
2.255603129278945
2.2556040593403437
2.25560501004173
2.2556059804432915
2.255606969645659
2.2556079767880273
2.255609001046353
2.255610041631644
2.2556110977883232
2.2556121383184125
2.255613097825498
2.255613899260654
2.255614478555473
2.255614798113666
2.255614848724462
2.2556146445081295
2.2556142153937846
2.2556135999105957
2.2556128090504095
2.255611818604215
2.255610589322437
2.2556090903214567
2.2556073121529385
2.2556052688066055
2.2556029930388344
2.2556005293766304
2.2555979274807547
2.25559523702093
2.2555925042698064
2.255589770177213
2.255587069548539
2.255584430964871
2.2555818771533236
2.255579425596003
2.255577089235398
2.2555748771871813
2.255572795409204
2.255570847300838
2.2555690342229666
2.255567355938632
2.2555658109797148
2.2555643969476313
2.2555631107568974
2.2555619488303065
2.255560907253779
2.2555599818980547
2.255559168513404
2.255558462802574
2.255557860476322
2.255557357295101
2.2555569490998226
2.2555566318340246
2.2555564015593528
2.255556254465847
2.2555561868782306
2.255556195259148
2.2555562762100845
2.2555564264705614
2.255556642916051
2.255556922554963
2.2555572625249836
2.255557660088967
2.255558112630544
2.255558617649572
2.2555591727575157
2.2555597756728267
2.2555604242163763
2.2555611163069766
2.2555618499570156
2.2555625928601177
2.255563278648715
2.2555638293938682
2.255564180179551
2.2555642925547628
2.255564156432608
2.2555637850395254
2.2555632074055607
2.255562461169994
2.2555615869101646
2.255560624230818
2.2555596093901826
2.255558574091224
2.255557545074296
2.255556544214923
2.255555588908917
2.2555546622124045
2.2555537096796012
2.2555526624066133
2.255551462096637
2.255550074947322
2.255548493929323
2.2555467340603146
2.255544825168223
2.2555428049225146
2.255540713346943
2.255538589056981
2.255536436653749
2.255534221891158
2.2555318938144815
2.2555294094452654
2.2555267476289522
2.2555239114762475
2.255520923904816
2.2555178207104833
2.255514643907215
2.255511436527221
2.2555082391138335
2.2555050876856386
2.25550201280616
2.2554990394027246
2.2554961870459107
2.2554934704790686
2.2554909002555807
2.2554884833940583
2.2554862239991538
2.255484093526455
2.255482027563946
2.255479918395401
2.255477636131128
2.2554750648148922
2.2554721290061286
2.2554688023003044
2.255465101855983
2.255461076293258
2.2554567926475753
2.2554523253812366
2.2554477484331517
2.2554431301730498
2.25543853067513
2.2554340006465696
2.255429581432557
2.2554253056555327
2.255421198177718
2.255417277182756
2.2554135250447516
2.2554098856463565
2.2554062876468537
2.2554026696576064
2.2553989942271477
2.25539525023569
2.255391448296358
2.2553876136412865
2.2553837792599234
2.255379980497888
2.2553762513593725
2.2553726222974575
2.255369119129424
2.2553657627213397
2.2553625691526125
2.2553595501484724
2.255356713636111
2.2553540643326273
2.255351604310445
2.255349333511271
2.255347250196036
2.255345351328264
2.255343632894013
2.2553420901644667
2.2553407179084344
2.2553395105621603
2.2553384322015586
2.2553374129702557
2.2553363715032173
2.2553352393568016
2.255333974371139
2.2553325625598704
2.25533101310698
2.2553293509295673
2.25532760955732
2.2553258255239954
2.255324034503835
2.2553222689694277
2.2553205570018533
2.255318921892289
2.2553173822416093
2.25531595234248
2.255314642696846
2.255313460574605
2.255312410557223
2.255311495035796
2.2553107146497386
2.255310068662516
2.2553095552767655
2.2553091718942224
2.2553089153271983
2.2553087819686093
2.2553087679272084
2.2553088691340526
2.255309081425446
2.2553094006068566
2.255309822501562
2.255310342987127
2.255310958022263
2.25531163349615
2.255312301559634
2.255312882978801
2.255313311515461
2.255313547253303
2.2553135784598055
2.2553134165609547
2.2553130886862673
2.255312630534203
2.2553120807527858
2.255311477067955
2.2553108539357494
2.2553102413487505
2.2553096644356274
2.2553091435599577
2.2553086947025553
2.2553083299799614
2.255308058204695
2.255307885430857
2.255307815454462
2.2553078200853296
2.255307835844799
2.2553077866294666
2.255307608348949
2.255307262462406
2.2553067380108254
2.2553060467288053
2.2553052156992957
2.255304280306418
2.2553032786854055
2.2553022479056493
2.255301221665794
2.2553002291336552
2.255299264417329
2.2552982830096417
2.2552972245247456
2.255296037591345
2.2552946635931996
2.255293035410036
2.255291095231666
2.2552888119029046
2.255286187475396
2.255283253758461
2.2552800636840256
2.2552766817239682
2.2552731757449926
2.2552696111393282
2.2552660471745116
2.2552625351268687
2.255259117685701
2.255255829176052
2.2552526962528128
2.2552497388223105
2.2552469710322134
2.255244402233453
2.2552420378614513
2.2552398802125775
2.2552379291095517
2.2552361824598584
2.2552346367166898
2.255233287254265
2.2552321286698644
2.2552311550243207
2.2552303600315886
2.25522973720669
2.255229279979953
2.2552289817842044
2.2552288361203976
2.2552288366061846
2.2552289770110665
2.255229251281062
2.255229653555236
2.255230178175948
2.255230819694303
2.255231572871964
2.2552324326802293
2.255233394297098
2.255234453102867
2.255235604674692
2.2552368447804394
2.255238169372084
2.2552395745788445
2.2552410567001964
2.255242612198882
2.255244237693984
2.2552459299541354
2.2552476858908954
2.2552495025523243
2.2552513771167826
2.255253306886954
2.2552552892841047
2.2552573218425853
2.2552593720470995
2.25526137364563
2.255263248978473
2.255264933338138
2.255266388283691
2.2552676034986425
2.2552685917663773
2.2552693815179516
2.2552700097006855
2.255270516161618
2.255270939778147
2.255271316111992
2.255271676217075
2.2552720462402815
2.2552724475214094
2.255272896976603
2.2552734076179806
2.2552739891150684
2.2552746483416364
2.2552753898773146
2.255276216450055
2.25527712931577
2.2552781285774106
2.2552792134488557
2.2552803824703074
2.255281633682156
2.2552829345855305
2.2552842185668878
2.255285407334036
2.2552864353663344
2.255287263296121
2.255287879812368
2.255288296666131
2.255288541238095
2.255288619251469
2.2552885054873837
2.2552881622724144
2.2552875615150625
2.255286696839491
2.2552855850466194
2.2552842611874007
2.255282771491096
2.255281166751703
2.255279497272876
2.2552778095471178
2.2552761444143226
2.255274536315788
2.255273013278573
2.2552715973384454
2.2552703051908707
2.2552691489293366
2.2552681367835423
2.2552672738076773
2.2552665624941994
2.255266003304454
2.255265595116997
2.2552653355996894
2.255265221514075
2.2552652489613285
2.255265413578832
2.255265710695708
2.2552661354546624
2.255266682906458
2.25526734808236
2.2552681260489744
2.2552690119491157
2.255270001031667
2.2552710886728127
2.2552722703905506
2.2552735418540197
2.255274898888832
2.255276337479378
2.255277853768842
2.2552794440575172
2.2552811047998786
2.255282832600759
2.255284624210909
2.255286476522148
2.2552883865622637
2.2552903514897853
2.255292368588717
2.2552944352633055
2.255296549032884
2.2552987075268374
2.2553009084797044
2.2553031497264397
2.255305429197846
2.2553077449161796
2.255310094990933
2.255312477614797
2.255314891059796
2.255317333673593
2.2553198038759676
2.2553223001554494
2.25532482106611
2.255327365224507
2.2553299313067687
2.255332518045822
2.255335124228747
2.255337748694262
2.2553403903303275
2.255343048071866
2.2553457208985916
2.2553484078329435
2.25535110793812
2.2553538203162065
2.2553565441063954
2.2553592784832897
2.2553620226552913
2.2553647758630637
2.2553675373780724
2.2553703065011934
2.255373082561388
2.255375864914446
2.2553786529417836
2.255381446049302
2.2553842436663025
2.2553870452444507
2.25538985025679
2.255392658196808
2.255395468577539
2.255398280930719
2.255401094805972
2.2554039097700396
2.25540672540605
2.2554095413128166
2.255412357104172
2.2554151724083358
2.255417986867306
2.255420800136289
2.2554236118831468
2.255426421787876
2.2554292295421106
2.255432034848646
2.255434837420988
2.2554376369829194
2.2554404332680913
2.2554432260196298
2.255446014989763
2.2554487999394635
2.2554515806381086
2.255454356863158
2.2554571283998404
2.2554598950408624
2.2554626565861247
2.255465412842452
2.255468163623338
2.2554709087487006
2.255473648044646
2.2554763813432444
2.2554791084823202
2.255481829305244
2.255484543660739
2.2554872514026942
2.2554899523899854
2.255492646486306
2.2554953335600034
2.2554980134839213
2.2555006861352527
2.2555033513953946
2.255506009149813
2.2555086592879103
2.2555113017029003
2.2555139362916874
2.255516562954752
2.2555191815960383
2.2555217921228494
2.2555243944457453
2.255526988478444
2.25552957413773
2.2555321513433615
2.255534720017985
2.2555372800870535
2.255539831478744
2.255542374123881
2.2555449079558647
2.2555474329105984
2.255549948926419
2.255552455944033
2.2555549539064503
2.2555574427589256
2.2555599224488976
2.255562392925934
2.2555648541416726
2.255567306049773
2.255569748605862
2.255572181767486
2.2555746054940604
2.2555770197468283
2.2555794244888108
2.2555818196847657
2.255584205301147
2.255586581306061
2.2555889476692315
2.2555913043619573
2.2555936513570773
2.2555959886289356
2.2555983161533457
2.255600633907556
2.2556029418702184
2.2556052400213567
2.2556075283423347
2.2556098068158255
2.2556120754257853
2.2556143341574213
2.2556165829971664
2.2556188219326523
2.2556210509526813
2.255623270047203
2.2556254792072883
2.255627678425105
2.255629867693895
2.25563204700795
2.2556342163625898
2.25563637575414
2.2556385251799123
2.255640664638179
2.255642794128157
2.2556449136499857
2.2556470232047086
2.255649122794252
2.255651212421409
2.2556532920898187
2.2556553618039494
2.2556574215690817
2.255659471391289
2.2556615112774248
2.255663541235101
2.255665561272675
2.2556675713992345
2.255669571624579
2.2556715619592067
2.2556735424142995
2.2556755130017074
2.255677473733935
2.2556794246241263
2.255681365686052
2.2556832969340963
2.2556852183832405
2.2556871300490546
2.2556890319476817
2.2556909240958234
2.255692806510732
2.2556946792101953
2.255696542212525
2.255698395536546
2.2557002392015835
2.255702073227452
2.2557038976344455
2.255705712443324
2.255707517675305
2.255709313352052
2.2557110994956644
2.255712876128666
2.255714643273997
2.255716400955002
2.255718149195422
2.2557198880193843
2.2557216174513917
2.2557233375163146
2.255725048239383
2.2557267496461746
2.2557284417626082
2.255730124614934
2.255731798229727
2.255733462633874
2.255735117854571
2.2557367639193115
2.255738400855879
2.255740028692341
2.2557416474570378
2.255743257178578
2.255744857885829
2.2557464496079125
2.255748032374193
2.255749606214275
2.2557511711579914
2.255752727235401
2.255754274476779
2.255755812912611
2.2557573425735873
2.255758863490594
2.255760375694709
2.255761879217196
2.255763374089496
2.255764860343222
2.2557663380101554
2.2557678071222362
2.255769267711561
2.2557707198103736
2.2557721634510637
2.2557735986661576
2.255775025488315
2.255776443950322
2.255777854085087
2.255779255925636
2.2557806495051076
2.255782034856745
2.2557834120138955
2.2557847810100027
2.2557861418786023
2.255787494653319
2.25578883936786
2.255790176056011
2.2557915047516324
2.2557928254886543
2.255794138301073
2.255795443222946
2.2557967402883876
2.2557980295315665
2.2557993109866996
2.2558005846880502
2.2558018506699224
2.2558031089666586
2.2558043596126343
2.2558056026422566
2.2558068380899585
2.255808065990197
2.255809286377448
2.2558104992862047
2.255811704750973
2.2558129028062686
2.2558140934866135
2.255815276826534
2.2558164528605555
2.2558176216232018
2.25581878314899
2.25581993747243
2.2558210846280184
2.255822224650238
2.255823357573556
2.255824483432417
2.2558256022612455
2.25582671409444
2.255827818966371
2.2558289169113794
2.2558300079637728
2.2558310921578237
2.2558321695277685
2.255833240107802
2.2558343039320774
2.255835361034704
2.255836411449746
2.2558374552112155
2.255838492353077
2.2558395229092407
2.255840546913563
2.2558415643998417
2.2558425754018185
2.2558435799531726
2.255844578087521
2.2558455698384177
2.2558465552393483
2.2558475343237334
2.2558485071249224
2.255849473676194
2.255850434010754
2.255851388161735
2.2558523361621927
2.2558532780451053
2.2558542138433726
2.2558551435898138
2.2558560673171675
2.2558569850580876
2.255857896845145
2.2558588027108235
2.2558597026875216
2.255860596807548
2.255861485103123
2.2558623676063756
2.2558632443493436
2.2558641153639707
2.2558649806821083
2.2558658403355114
2.255866694355839
2.255867542774654
2.2558683856234194
2.2558692229335007
2.255870054736162
2.2558708810625685
2.2558717019437813
2.25587251741076
2.255873327494361
2.2558741322253355
2.25587493163433
2.2558757257518858
2.255876514608437
2.2558772982343096
2.255878076659724
2.2558788499147893
2.255879618029507
2.2558803810337684
2.2558811389573536
2.255881891829933
2.255882639681064
2.255883382540192
2.2558841204366504
2.2558848533996594
2.2558855814583247
2.255886304641639
2.255887022978479
2.255887736497608
2.2558884452276726
2.2558891491972046
2.255889848434619
2.255890542968214
2.255891232826172
2.255891918036558
2.2558925986273186
2.255893274626284
2.255893946061165
2.255894612959555
2.255895275348929
2.255895933256643
2.2558965867099334
2.255897235735919
2.2558978803615974
2.2558985206138487
2.255899156519432
2.2558997881049865
2.255900415397033
2.2559010384219707
2.2559016572060795
2.255902271775519
2.2559028821563274
2.255903488374425
2.25590409045561
2.2559046884255594
2.255905282309832
2.255905872133864
2.2559064579229733
2.2559070397023553
2.255907617497086
2.255908191332121
2.255908761232295
2.255909327222322
2.2559098893267975
2.2559104475701948
2.2559110019768687
2.2559115525710522
2.25591209937686
2.255912642418286
2.2559131817192046
2.255913717303371
2.2559142491944195
2.2559147774158674
2.2559153019911102
2.2559158229434266
2.255916340295975
2.255916854071795
2.2559173642938095
2.2559178709848204
2.2559183741675137
2.255918873864456
2.255919370098097
2.2559198628907677
2.255920352264684
2.255920838241942
2.255921320844523
2.2559218000942898
2.255922276012991
2.255922748622258
2.255923217943606
2.2559236839984345
2.255924146808028
2.255924606393557
2.255925062776075
2.255925515976523
2.2559259660157256
2.2559264129143957
2.255926856693132
2.255927297372418
2.2559277349726274
2.2559281695140183
2.255928601016737
2.2559290295008196
2.2559294549861884
2.2559298774926546
2.2559302970399187
2.255930713647571
2.2559311273350895
2.255931538121844
2.2559319460270935
2.2559323510699882
2.2559327532695694
2.2559331526447686
2.2559335492144097
2.255933942997209
2.2559343340117746
2.2559347222766073
2.2559351078101018
2.2559354906305447
2.255935870756119
2.2559362482048995
2.255936622994857
2.255936995143857
2.2559373646696605
2.255937731589924
2.2559380959222004
2.255938457683939
2.2559388168924865
2.2559391735650864
2.2559395277188803
2.255939879370908
2.255940228538107
2.255940575237315
2.2559409194852686
2.255941261298604
2.2559416006938577
2.2559419376874668
2.2559422722957696
2.255942604535005
2.255942934421314
2.255943261970742
2.255943587199232
2.2559439101226353
2.2559442307567044
2.2559445491170953
2.2559448652193685
2.2559451790789904
2.2559454907113308
2.2559458001316663
2.2559461073551796
2.255946412396958
2.255946715271998
2.2559470159952015
2.255947314581379
2.25592781327894
2.2558917587772145
2.255844064417845
2.255788773230539
2.2557289098366375
2.255666673576727
2.2556036431798643
2.255540940463744
2.255479352892671
2.2554194236008103
2.2553615172219623
2.2553058680540263
2.2552526153761296
2.2552018294110745
2.255153530455402
2.2551077030013973
2.255064306175268
2.2550232814566633
2.2549845583859973
2.2549480587787003
2.2549136998292463
2.2548813963882663
2.2548510626229876
2.2548226132174496
2.2547959642291726
2.2547710336894844
2.254747742012781
2.2547260122636583
2.2547057703186466
2.254686944950137
2.254669467853225
2.25465327363105
2.254638299750343
2.2546244864759504
2.254611776790927
2.2546001163071114
2.254589453169855
2.2545797379596153
2.254570923592424
2.2545629652206935
2.2545558201354092
2.254549447670467
2.254543809109669
2.254538867596722
2.25453458804846
2.254530937071401
2.254527882881694
2.254525395228453
2.254523445320426
2.2545220057559425
2.254521050456042
2.2545205546006897
2.2545204945679687
2.254520847876132
2.254521593128405
2.254522709960421
2.2545241789901733
2.254525981770377
2.2545281007431246
2.254530519196737
2.2545331905943815
2.2545360347480505
2.2545389604363653
2.2545418901357297
2.254544773562308
2.254547589577189
2.2545503410841214
2.2545530474425832
2.2545557371931126
2.254558442314631
2.254561194255244
2.2545640215126475
2.2545669483905666
2.2545699945649873
2.2545731751615956
2.2545765011247654
2.254579979727795
2.2545836151279
2.2545874089081233
2.2545913605746217
2.254595467994857
2.254599727772708
2.2546041355626465
2.254608686328309
2.254613374552189
2.2546181944034784
2.2546231398707755
2.2546282048657247
2.254633383302926
2.2546386691606433
2.254644056526135
2.254649539628758
2.2546551128634205
2.254660770806491
2.2546665082258253
2.2546723200862795
2.2546782015517617
2.254684147984676
2.2546901549434253
2.254696218178483
2.254702333627453
2.2547084974094234
2.2547147058188513
2.25472095531918
2.2547272425363123
2.2547335642520556
2.2547399173976173
2.2547462990472047
2.2547527064117734
2.2547591368329547
2.2547655877771797
2.2547720568300145
2.254778541690708
2.2547850401669645
2.254791550169931
2.2547980697094023
2.254804596889237
2.2548111299029805
2.254817667029685
2.2548242066299253
2.254830747141999
2.254837287078304
2.2548438250218865
2.254850359623153
2.254856889596739
2.2548634137185264
2.2548699308228017
2.2548764397995504
2.254882939591885
2.2548894291935886
2.2548959076467816
2.2549023740397
2.2549088275045746
2.25491526721562
2.2549216923871125
2.254928102271564
2.2549344961579822
2.254940873370212
2.25494723326536
2.25495357523229
2.2549598986901924
2.254966172504559
2.2549723312084335
2.2549782976229547
2.2549840075823977
2.2549894234837558
2.254994536216365
2.254999360095041
2.25500392531257
2.2550082707037267
2.255012438038134
2.255016468082719
2.2550203982100165
2.2550242611792966
2.255028084724857
2.2277933790636397
2.1789178734157177
2.115361627541384
2.0420942872853374
1.9625595066615729
1.87918089599187
1.7936849756547446
1.7073086115811118
1.6209378786576274
1.5352049572658264
1.424534238551436
1.2949450137060905
1.1535057549019
1.0051898143557396
0.8533892916932305
0.7004436081317829
0.547974519226435
0.39710269185563074
0.24859451898874163
0.10296240095787271
-0.03946543398183655
-0.17849183399805033
-0.33781544058796104
-0.5118430511839906
-0.6941925137389903
-0.8804857087237575
-1.0678102846648168
-1.2542150093421567
-1.4383904384452706
-1.6194675857207137
-1.7968865447202502
-1.970302103059346
-2.139520101920217
-2.3044534882167196
-2.4650885962957667
-2.621466063417815
-2.7736594530141847
-2.9217626152258465
-3.065885706493133
-3.206149518511754
-3.3426771732165306
-3.47559094720171
-3.605008104381226
-3.7310438478208003
-3.85381356729121
-3.9734274740165234
-4.089987465712502
-4.203589539110457
-4.314325724609469
-4.422284721970623
-4.527550339356389
-4.630202532937164
-4.730316371152526
-4.8279659188446775
-4.92322040096777
-5.016146455813699
-5.10680553540075
-5.195257463102061
-5.281559509528719
-5.365766200107773
-5.447929822153569
-5.528099342441094
-5.606320486788946
-5.682636265082114
-5.757088058053377
-5.829717586522751
-5.900565244762627
-5.969670601488922
-6.037071456056138
-6.102805428074177
-6.166909267400005
-6.229417193087353
-6.2903620591564655
-6.349776958553019
-6.4076929585585
-6.464139487790033
-6.519144703258585
-6.572736345135099
-6.624941616700533
-6.675787502741015
-6.725300698996602
-6.7735073475012655
-6.82043268965526
-6.866101534495169
-6.9105389863016145
-6.953768733288867
-6.995813271189195
-7.036694209395009
-7.076433707722883
-7.115052737762915
-7.152571395495196
-7.1890097456063655
-7.224387498158819
-7.258723745600504
-7.292037534569295
-7.324347625631731
-7.35567204013754
-7.386028196746063
-7.415433035603534
-7.443903268622427
-7.471455285788371
-7.498105909036828
-7.5238716590956445
-7.548768905605981
-7.572813159524091
-7.596019312498463
-7.618401793679512
-7.639974667049113
-7.660751682329185
-7.680746308299488
-7.699971757102272
-7.718441001945036
-7.736166789811138
-7.753161650582365
-7.769437903704821
-7.785007663240858
-7.799882841903867
-7.814075154483839
-7.827596120933994
-7.8404570692918005
-7.852669138540651
-7.882277001123704
-7.925330561409599
-7.977342652283228
-8.03523449522936
-8.096911312617205
-8.160902529606302
-8.226154985895526
-8.291902012525792
-8.357582902712128
-8.422786212484226
-8.487210153085755
-8.550637564475853
-8.612911318090605
-8.673920226092463
-8.733588251057794
-8.791864335467707
-8.84871664963428
-8.904128166959271
-8.958093027106784
-9.010613804819016
-9.0617008028659
-9.11137205013946
-9.176604815101868
-9.253599010345047
-9.338114754977882
-9.427265905208968
-9.519099651705105
-9.612253409737678
-9.705759003188628
-9.815236285789332
-9.936364761087722
-10.064601480803827
-10.19685496944493
-10.331035531316338
-10.465685288763842
-10.599770648895849
-10.73256426170282
-10.86354883141909
-10.992358984556788
-11.118741322436874
-11.242539231692346
-11.363652940476994
-11.482031284876069
-11.597652538394955
-11.710518373349352
-11.820647553491932
-11.928072792198591
-12.032835471525487
-12.134985799635285
-12.2345866295008
-12.33169694427963
-12.426381888731727
-12.518704510740765
-12.608724925427287
-12.696500393648693
-12.782085632989869
-12.865534332181834
-12.946901204849803
-13.02624091809909
-13.103606416567212
-13.179050276837918
-13.252619599617494
-13.324358022306926
-13.394307428621334
-13.462508540867516
-13.52900395148753
-13.593836140075872
-13.657044701835606
-13.71866730982774
-13.778741480977285
-13.837301176605793
-13.894377496733235
-13.95000002533133
-14.004197372173216
-14.056997710514773
-14.108432864134505
-14.158530685418166
-14.207317271911672
-14.25481737350367
-14.301054632248904
-14.346052024513899
-14.389831671457765
-14.432414875468417
-14.473822202192991
-14.514073624956543
-14.553188831500318
-14.591187786913423
-14.628091814742245
-14.663921320662364
-14.69869510022834
-14.732430782816046
-14.765145076854754
-14.796853944038428
-14.82757272005048
-14.857316209756886
-14.886098770589195
-14.913934383413187
-14.940836700148761
-14.966819068318669
-14.991894544645836
-15.016075905315228
-15.039377122367995
-15.074878245145548
-15.119720467818013
-15.170801237923598
-15.226038714703746
-15.2840197708713
-15.343737984762827
-15.4044546682488
-15.465618673781929
-15.526811413523783
-15.58771152786919
-15.648071396674249
-15.707700235430151
-15.766451212520531
-15.824216413467513
-15.880914227622267
-15.936481270748917
-15.990870871066159
-16.04404963476267
-16.095998581713683
-16.146704977491005
-16.196161672678432
-16.244367167400004
-16.291326055585756
-16.337045152335925
-16.381533486916535
-16.42480202877249
-16.466863342793946
-16.507731417347582
-16.5474209631641
-16.58594678764812
-16.62332471769998
-16.65957111718081
-16.69470242809181
-16.72873544218932
-16.76168715636367
-16.793574572623395
-16.82441461968275
-16.854224101959698
-16.883019610655982
-16.91082092675565
-16.937646302702728
-16.963512450604856
-16.988435156482023
-17.012429465089873
-17.035511001320074
-17.05769507871879
-17.07899547735322
-17.09942525502707
-17.11899700859971
-17.137723558348394
-17.155616901018394
-17.172688524552235
-17.188949595055114
-17.204411003855807
-17.21908337804481
-17.232977091745152
-17.246102279328372
-17.258468848879414
-17.270086497536006
-17.280964722076174
-17.291112824521722
-17.300539940916305
-17.309255057793216
-17.31726699452167
-17.32458438475595
-17.331215668747923
-17.337169094472667
-17.34245272343319
-17.347074438331127
-17.35104195272624
-17.354362839912003
-17.35704452659027
-17.359094292320464
-17.360519267851604
-17.361326436319416
-17.361522638818833
-17.361114580988584
-17.360108840103493
-17.35851187214623
-17.356330018413686
-17.353569511463473
-17.35023648039879
-17.346336955582927
-17.341876872900215
-17.336862077778278
-17.33129832988344
-17.32519130733989
-17.31854660993821
-17.311369761648862
-17.30366621291827
-17.29544134304218
-17.28670046271434
-17.277448816735777
-17.26769178498445
-17.257435001267794
-17.24668372541362
-17.235443015016724
-17.223717803936502
-17.21151293969479
-17.198832886946285
-17.1856811970875
-17.172061763101667
-17.157978770850868
-17.14343657529239
-17.128439623818423
-17.1129924112172
-17.097099452303052
-17.080765264940965
-17.063994359558034
-17.046791232862656
-17.02916036435451
-17.011106214706814
-16.992633241541423
-16.973746659537618
-16.954452226779413
-16.93475420892888
-16.914656555985644
-16.894163170731478
-16.873277968856357
-16.852004892819263
-16.830347925383943
-16.80831109136681
-16.785898448834562
-16.76311273216612
-16.739956652042885
-16.71643345680082
-16.69254677561092
-16.681658126487214
-16.681276801139123
-16.6884956911334
-16.70131565418052
-16.71833942665824
-16.738536690263416
-16.76111730801089
-16.785457674341124
-16.811057621495834
-16.8375112534317
-16.864486052858897
-16.89170774309321
-16.918949036571686
-16.946021065084683
-16.972766713896437
-16.999054797831487
-17.02477639243865
-17.04984407462335
-17.074184545754886
-17.09773751958497
-17.120454060450903
-17.142295024445392
-17.163229678444555
-17.18323449308545
-17.20229209907312
-17.220390475131282
-17.237522119238616
-17.253683334869116
-17.268873623113784
-17.283095171383376
-17.296352421754907
-17.308651700710676
-17.32000090096746
-17.330409206576388
-17.339886864409394
-17.348444981352873
-17.356095370804532
-17.362850402653848
-17.368722835631
-17.373725674806867
-17.377872103208173
-17.381175403249415
-17.383648888970033
-17.38530585014834
-17.386159506251435
-17.38622281924066
-17.38550850875716
-17.38402917306019
-17.381797265193757
-17.378825064321497
-17.3751246553879
-17.370707982905916
-17.3655869549119
-17.35977311953292
-17.353277731205882
-17.346111780671304
-17.33828600893767
-17.329810916192926
-17.32069676896039
-17.310953606617424
-17.300591247727777
-17.289619296384707
-17.27804714864729
-17.265883999094708
-17.25313884749329
-17.239820505553364
-17.22593760375069
-17.211498598181887
-17.19651177764381
-17.180985271186742
-17.16492705402557
-17.148344954043804
-17.131246662831465
-17.113639737613482
-17.095531606950598
-17.076929590149582
-17.057840923482146
-17.03827275483303
-17.018232142048962
-16.99772588286527
-16.976760583133057
-16.955344527070828
-16.933483749305505
-16.911183215292102
-16.88844826175165
-16.865284535265907
-16.84169786478645
-16.817694139348614
-16.793279249274196
-16.768459062677845
-16.74323941669385
-16.717626124817965
-16.69162497899958
-16.665241744193356
-16.638482152035355
-16.611352175810943
-16.58385891218979
-16.556008505270395
-16.527806650616967
-16.499258821929807
-16.470373465354115
-16.441157727171927
-16.411616855396172
-16.38175428431786
-16.351573942886734
-16.321080266908552
-16.290277913881177
-16.259171660814175
-16.227766489498062
-16.196067602366806
-16.16408038689794
-16.131810273342772
-16.099262643643467
-16.066442800569128
-16.033355968878407
-16.000007308567902
-15.966401930660252
-15.932548246976992
-15.898452078692317
-15.864117609422657
-15.829547580683565
-15.794747510314567
-15.75972203056433
-15.724475433219746
-15.689011918622832
-15.653335689720073
-15.617451172945659
-15.581362933756644
-15.545075551563903
-15.508593645529915
-15.471922001671716
-15.435065493099005
-15.412639627572
-15.402091727293831
-15.4003185747933
-15.40515454876124
-15.415065887633755
-15.428906286274989
-15.44578430897346
-15.464988029840114
-15.485938371242277
-15.508158161426204
-15.531250550928572
-15.554883361390862
-15.578777374827702
-15.602697337521441
-15.626444943446845
-15.649853285996388
-15.672782222133186
-15.695114487218074
-15.716752336815007
-15.737614156952537
-15.757632365036553
-15.77675236908319
-15.79493101641986
-15.812135410610853
-15.828340105395583
-15.843526430884632
-15.857681674948727
-15.870798277381875
-15.882873101648025
-15.893906791024499
-15.903903202532346
-15.9128689102054
-15.920812769730041
-15.927745537510086
-15.933679537996264
-15.938628373815625
-15.94260667383455
-15.959588338162463
-15.987000129734122
-16.021794257769447
-16.06186119705495
-16.105720271309302
-16.152276579910016
-16.200690324954273
-16.250298908768826
-16.300574606406833
-16.351092272093858
-16.401396108212474
-16.451221591829935
-16.500365263718386
-16.548662375139756
-16.595981140383792
-16.642213636915578
-16.687272943945608
-16.731091362916327
-16.77361726422276
-16.827938708131036
-16.891447862398604
-16.961160051566328
-17.035020130909786
-17.111596682502828
-17.189843125980083
-17.26895933467459
-17.348325778739987
-17.42745853715693
-17.505974401209873
-17.58357018621738
-17.66000671997174
-17.735096423899584
-17.808688654551858
-17.88066863723514
-17.950950372498905
-18.019474276646903
-18.08620642049558
-18.151131469896427
-18.214240746160332
-18.275533153823652
-18.33501392404583
-18.392692580771975
-18.448585070811717
-18.5027118097053
-18.555096175576082
-18.605764890674457
-18.654747508214143
-18.702075663789046
-18.747782389171036
-18.791901561182037
-18.83446752655696
-18.875514792073776
-18.91507782386945
-18.95319143448532
-18.989887460175808
-19.025197589314867
-19.05915579660587
-19.091794057808247
-19.123142778148388
-19.153234859774052
-19.182100852538845
-19.20976923008465
-19.2362668542779
-19.26161928982777
-19.28585100782378
-19.308985522427864
-19.331045482607657
-19.35205273790108
-19.372028375088913
-19.390992742493296
-19.408965482856274
-19.425965563696458
-19.442011300204072
-19.45712037372213
-19.471309849372776
-19.48459619450517
-19.49699529825291
-19.508522491907698
-19.51919257132983
-19.529019815407374
-19.538018138427656
-19.54620103659013
-19.553581565683043
-19.560172305827454
-19.565985382948472
-19.571032483967393
-19.575324871502676
-19.578873403018427
-19.581688552833448
-19.583780434517482
-19.585158822200672
-19.585833170224934
-19.585812631060428
-19.585106071622054
-19.58372208818634
-19.581669020110866
-19.578954962535423
-19.575587778215734
-19.5715751086133
-19.56692439118716
-19.561642871600537
-19.555737610414578
-19.54921548740274
-19.542083206060934
-19.534347299378684
-19.52601413683679
-19.517089932157145
-19.507580751315754
-19.49749252047574
-19.486831033824746
-19.475601961164895
-19.463810854108345
-19.451463152925683
-19.43856419289395
-19.425119210369203
-19.411132877728118
-19.39660889793904
-19.381551351401146
-19.365964622578
-19.3498532554395
-19.33322151145692
-19.316073223998206
-19.29841234042972
-19.28024311556892
-19.261569915009158
-19.24239720083002
-19.222729481363256
-19.20257125676931
-19.181926991499942
-19.160801104942937
-19.139197971339907
-19.11712192379681
-19.09457787983226
-19.071570187075807
-19.048102847535795
-19.024179734437332
-18.999804671385572
-18.97498148860077
-18.94971610695888
-18.92401079487966
-18.897868063201365
-18.87129087559826
-18.844282515224275
-18.816846975450478
-18.788989886588986
-18.76071601773629
-18.73202954315446
-18.70293432466877
-18.673434084070205
-18.643532504493063
-18.613233289991054
-18.582540200210577
-18.551457070006688
-18.519987733182415
-18.488135948742006
-18.45590555430774
-18.423299327654075
-18.39031887488315
-18.35696685683744
-18.336088768957804
-18.325436693293025
-18.322333905935885
-18.3249393693873
-18.331962498498857
-18.34244468766164
-18.355642695680707
-18.370963800909756
-18.38792404989874
-18.406121135157065
-18.425218475924186
-18.44493213884337
-18.46502100335705
-18.48527932022607
-18.505530952832483
-18.525624825461183
-18.545431259144127
-18.564839014904976
-18.58375278441653
-18.602091005003142
-18.619784085931904
-18.636772998100056
-18.653007986002727
-18.668447418626783
-18.683056786951767
-18.696807832145108
-18.709677784187733
-18.72164869354124
-18.7327068420814
-18.742842222365223
-18.752048076363444
-18.760320486304753
-18.767658011425926
-18.774061365320595
-18.77953312930246
-18.784077497799935
-18.787700052274857
-18.79040756058512
-18.792207799073896
-18.793109394975502
-18.793121686993242
-18.79225460213646
-18.790518547107723
-18.787924312711052
-18.784482989911247
-18.780205896316012
-18.775104511978313
-18.769190423529192
-18.76247527619935
-18.754970732600768
-18.74668843691426
-18.737639983814653
-18.727836891876382
-18.717290581224002
-18.706012355092028
-18.694013384889026
-18.681304698348214
-18.667897170371848
-18.653801516375694
-18.639028288365513
-18.623587872721927
-18.607490488987974
-18.590746189520925
-18.57336486007004
-18.555356221312287
-18.53672983130247
-18.51749508874391
-18.497661236966863
-18.477237368502184
-18.456232318496316
-18.434654398942296
-18.41251012433422
-18.389806521449376
-18.36655107168798
-18.34275173121112
-18.318417215338272
-18.293555690144036
-18.268174681702853
-18.242281034158797
-18.215881585870793
-18.188983282767772
-18.161593141942323
-18.13371824265607
-18.10536569160245
-18.07654257946113
-18.04725595973237
-18.017512843103493
-17.987320199056366
-17.956686337338265
-17.9256204105263
-17.894129811467558
-17.86221945183843
-17.829893554749273
-17.797157094634866
-17.7640156603577
-17.73047524319569
-17.69654124768406
-17.662219263173874
-17.627515332592218
-17.592435816032022
-17.55699156010671
-17.521193662969242
-17.485051418479824
-17.448572456342873
-17.411763506923947
-17.374630814448818
-17.33718051371981
-17.29941775146074
-17.261345587119553
-17.22296798150401
-17.18428970691324
-17.145315749130603
-17.10605073611374
-17.066499634813486
-17.026668045896756
-16.98656207546329
-16.946189555461057
-16.90556032795859
-16.864681912339233
-16.823561209668696
-16.782204829812496
-16.740619215139876
-16.69881115492615
-16.65678552633941
-16.614547239914014
-16.57210118963194
-16.529451961382353
-16.486604351236856
-16.44356345914751
-16.400334877942804
-16.356926930028628
-16.313349853917043
-16.269612239535807
-16.225721527065296
-16.18168452926998
-16.137507977993714
-16.093195835633264
-16.048752536514424
-16.00418296500654
-15.959491892365193
-15.91468893018809
-15.869782861154729
-15.82477970525126
-15.779684601561375
-15.734502358514495
-15.689237583323676
-15.643894752021202
-15.598478452811714
-15.552993449702752
-15.507443393788114
-15.461831930965865
-15.416163175019873
-15.370441510572945
-15.324671319359988
-15.2788569149394
-15.23300254023762
-15.187112376314515
-15.141195135257522
-15.095259282263706
-15.049313376465566
-15.018520858303008
-15.000353569266352
-14.991669603662674
-14.990265686963838
-14.99457017996912
-15.00339747544962
-15.015815349101983
-15.0310702414623
-15.048540199063424
-15.067704869670822
-15.088124768517645
-15.109427433584262
-15.131293730582945
-15.15344979947882
-15.175660494784228
-15.197723998981076
-15.21946737406801
-15.240742842570894
-15.261424640242893
-15.281406314857717
-15.300597785938747
-15.318923682200692
-15.336322157389922
-15.352743162521291
-15.368147443632743
-15.382505366693355
-15.3957945424552
-15.407998959486106
-15.419108267927545
-15.429117105738953
-15.438024469791495
-15.44583313783866
-15.45254917092644
-15.458181455002848
-15.462741217801355
-15.466241631657438
-15.46869748192877
-15.47012488003202
-15.470541011374905
-15.469963913470748
-15.468412281097057
-15.465905295895173
-15.462462478047142
-15.458103557831947
-15.452848365015868
-15.446716734182687
-15.439728424260084
-15.431903062169312
-15.423260088500639
-15.413818702929145
-15.40359781657996
-15.392616015463785
-15.380891569444472
-15.368442412851124
-15.355286093578684
-15.341440484981405
-15.326923451683804
-15.311752059439469
-15.295942666403148
-15.279511041200228
-15.26247244249997
-15.244841672810232
-15.226633117221205
-15.207860772703858
-15.188538271082452
-15.168678198918194
-15.148293018598745
-15.127395107186137
-15.105996630326905
-15.084109484550543
-15.061745332198452
-15.038915599799472
-15.015631453428075
-14.991903782953738
-14.96774462459114
-14.943166983462175
-14.933034421211572
-14.93472496381077
-14.945046378616896
-14.961765110581245
-14.983299223869883
-15.00847096321714
-15.036369546492255
-15.066273275841866
-15.097598385350594
-15.129866391433179
-15.162683311574629
-15.195723084284609
-15.228714971218668
-15.261433866144282
-15.293692686273825
-15.325336327481875
-15.356236822481232
-15.386289259297683
-15.415408280619895
-15.44352532100538
-15.470586685650392
-15.49655245076925
-15.521392003596247
-15.545082752268206
-15.56760914343137
-15.588960845349463
-15.609132912578357
-15.62812516102682
-15.645941538304262
-15.662589452479448
-15.678079169737458
-15.69242329763394
-15.705636344333767
-15.717734342257875
-15.728735054634193
-15.738656869594454
-15.747518632875112
-15.755339585105567
-15.762139252568845
-15.767937333077779
-15.77275359089856
-15.776607764220252
-15.779519485570411
-15.781508214533536
-15.782593181744993
-15.782793343009347
-15.782127342387046
-15.780613483146283
-15.778269705556934
-15.77511357059504
-15.771162248720065
-15.766432512978525
-15.760940735773653
-15.754702888720024
-15.747734545074724
-15.74005088430155
-15.731666698383302
-15.722596399548877
-15.712854410191389
-15.7024547637084
-15.691410928595014
-15.679735932153967
-15.667442421747511
-15.654542699677636
-15.641048759184
-15.626972305937235
-15.612324736113193
-15.597116344420714
-15.595548285261138
-15.605030352526276
-15.622470743505392
-15.645720742104663
-15.673268861441073
-15.703996948804482
-15.737046995055048
-15.771745819932654
-15.807554229968588
-15.844035527365165
-15.880833259089682
-15.917654944850957
-15.954259865324767
-15.990449688092932
-16.026061129469973
-16.060962664377396
-16.09504495855475
-16.12821796075166
-16.16040938110151
-16.191561503616832
-16.221629388047603
-16.250579082512747
-16.278385886182352
-16.305032840733748
-16.33050948880694
-16.354810839362095
-16.377936492839975
-16.399889894880534
-16.420677696792627
-16.44030920620794
-16.45879591489782
-16.476151093047445
-16.49238944095558
-16.50752725204169
-16.521581644269343
-16.534570070327714
-16.54651031195175
-16.557420402101005
-16.56731852801721
-16.57622293902349
-16.584151866558322
-16.59112345360912
-16.597155692876964
-16.602266374169147
-16.60647304099454
-16.60979295683614
-16.612243091340112
-16.613840106421744
-16.614600303349544
-16.614539609827627
-16.613673579018588
-16.61201739189572
-16.60958586105197
-16.60639343743183
-16.602454211929167
-16.597781919964145
-16.59238994839473
-16.58629134367571
-16.57949882075957
-16.572024772509643
-16.563881290247565
-16.55508022037459
-16.54563312649909
-16.535551279177295
-16.524845660544365
-16.51352756681144
-16.50160772735543
-16.489096424531834
-16.476003612305355
-16.462338982693918
-16.448112002373918
-16.433331929100312
-16.41800782051494
-16.402148542545273
-16.38576278099654
-16.36885905431543
-16.35144572470287
-16.333531008251022
-16.315122993340747
-16.296229648718676
-16.276858824917774
-16.25701825511657
-16.236715418950737
-16.215956237598153
-16.194746695217912
-16.17309314387472
-16.15100217019285
-16.128480481756068
-16.105534836957005
-16.082172002102784
-16.058398724846825
-16.03422181830837
-16.009648160370684
-15.984684672042036
-15.959339765856031
-15.93362158036458
-15.907537076567623
-15.881092747932763
-15.854294813048863
-15.827149311605877
-15.799662163888506
-15.786015314905068
-15.783664802664756
-15.789558681506245
-15.801575666009061
-15.818220862765545
-15.83838423046396
-15.861209106471993
-15.886017074949672
-15.912261206034657
-15.93949492823205
-15.967350268872487
-15.995522069968002
-16.023756195180507
-16.051842824312168
-16.079605725270778
-16.106897168165226
-16.133593955919263
-16.15959394939256
-16.1848121510999
-16.209178329965734
-16.232635919059028
-16.2551399033909
-16.276654927643694
-16.297154086793753
-16.316617727809994
-16.335032377084577
-16.352389817057798
-16.368686294473832
-16.38392183920839
-16.39809967626555
-16.411225717126705
-16.42330811929838
