-65.0
-64.97856871015354
-64.95790036060912
-64.93793570777528
-64.91865343753717
-64.90004686424
-64.88210939481053
-64.86482969429228
-64.84819117659477
-64.83217291714908
-64.81675084761171
-64.8018988576442
-64.78758970870895
-64.77379575642223
-64.76048950400173
-64.74764401421736
-64.73523320583209
-64.72323205741856
-64.71161673814693
-64.7003646819469
-64.68945461849346
-64.6788665720443
-64.66858183686274
-64.65858293614325
-64.64885356981702
-64.63937855535701
-64.63014376471388
-64.62113605970174
-64.61234322752894
-64.60375391768346
-64.59535758100866
-64.58714441152078
-64.57910529130592
-64.57123173867741
-64.56351585965076
-64.55595030271625
-64.548528216829
-64.54124321249571
-64.53408932581084
-64.52706098527828
-64.52015298124991
-64.5133604378072
-64.50667878691557
-64.50010374468569
-64.49363128958258
-64.48725764243036
-64.48097924807377
-64.4747927585579
-64.46869501770377
-64.46268304696335
-64.45675403244694
-64.45090531302348
-64.4451343694025
-64.43943881411401
-64.43381638230919
-64.42826492331069
-64.42278239284813
-64.4173668459194
-64.41201643022369
-64.40672938011687
-64.40150401104397
-64.39633871440758
-64.39123195283462
-64.38618225580727
-64.38118821562668
-64.37624848368112
-64.3713617669929
-64.36652682502019
-64.36174246669228
-64.35700754763276
-64.35232096753847
-64.34768166780259
-64.3430886293302
-64.33854087050904
-64.33403744531405
-64.3295774415333
-64.32515997910545
-64.32078420856115
-64.31644930956104
-64.31215448952331
-64.307898982335
-64.30368204714064
-64.29950296720281
-64.2953610488297
-64.29125562036457
-64.28718603123278
-64.2831516510425
-64.27915186873508
-64.27518609178183
-64.27125374542382
-64.26735427195197
-64.2634871300246
-64.25965179402
-64.25584775342166
-64.25207451223416
-64.24833158842769
-64.24461851340945
-64.24093483152016
-64.23728009955434
-64.23365388630272
-64.23005577211569
-64.22648534848635
-64.22294221765216
-64.2194259922142
-64.21593629477283
-64.21247275757919
-64.20903502220133
-64.20562273920444
-64.20223556784438
-64.19887317577378
-64.19553523876007
-64.19222144041498
-64.18893147193474
-64.18566503185053
-64.1824218257889
-64.17920156624125
-64.17600397234246
-64.17282876965777
-64.16967568997785
-64.16654447112164
-64.16343485674649
-64.16034659616538
-64.15727944417094
-64.15423316086581
-64.15120751149938
-64.14820226631022
-64.14521720037439
-64.14225209345908
-64.13930672988147
-64.14572771225228
-64.15933321314874
-64.17852237170986
-64.20213984281305
-64.22933592295966
-64.25946817315499
-64.29285547670379
-64.33010245432892
-64.37173850947877
-64.41811077546993
-64.46968848601827
-64.5269828882284
-64.59041332924079
-64.66023043509581
-64.73649763123169
-64.81910761355688
-64.90781381312084
-65.00226485852112
-65.10203616826482
-65.20665646410303
-65.31562888281516
-65.4284471999419
-65.54460795812092
-65.66361931178217
-65.78500730496933
-65.908320174029
-66.03313114647045
-66.15904010329632
-66.28567438822691
-66.41268898061145
-66.53976619780315
-66.66661505312334
-66.79297036714016
-66.91859170722222
-67.04326221206243
-67.16678734495905
-67.28899360920234
-67.4097272518539
-67.52885297537736
-67.64625267210076
-67.76182419263266
-67.87548015634302
-67.98714680929164
-68.09676293403683
-68.20427881400741
-68.30965525330106
-68.41286265216864
-68.5138801378791
-68.61269474990577
-68.70930067812215
-68.80369855234429
-68.89589478132262
-68.98590093914144
-69.0737331968128
-69.15941179682416
-69.24296056843849
-69.32440648146502
-69.40377923602006
-69.48111088637394
-69.55643549688982
-69.62978882788684
-69.70120804932735
-69.77073148042612
-69.83839835338077
-69.90424859950332
-69.96832265612163
-70.03066129271475
-70.0913054548101
-70.15029612426552
-70.20767419466361
-70.26348036059947
-70.31775501973546
-70.37053818656312
-70.42186941682579
-70.47178774177215
-70.52033161133883
-70.56753884546855
-70.61344659282959
-70.65809129625576
-70.70150866428072
-70.7437336481575
-70.7848004238451
-70.8247423784615
-70.86359210074859
-70.90138137512945
-70.93814117895904
-70.97390168257247
-71.00869225193811
-71.04254145357251
-71.07547706141835
-71.10752606543672
-71.13871468167095
-71.16906836359829
-71.19861181458191
-71.22736900125696
-71.25536316769961
-71.28261685024312
-71.30915189281772
-71.33498946270372
-71.36015006659773
-71.38465356690494
-71.40851919818213
-71.43176558363199
-71.45441075162478
-71.47647215217242
-71.49796667330712
-71.51891065732191
-71.53931991683551
-71.55920975064899
-71.57859495936609
-71.59748986075313
-71.61590830481832
-71.63386368859332
-71.6513689706033
-71.66843668501413
-71.68507895544793
-71.70130750846046
-71.71713368667629
-71.73256846158067
-71.747622445957
-71.76230590597928
-71.77662877295899
-71.79060065474826
-71.80423084680208
-71.81752834290427
-71.83050184556008
-71.84315977606121
-71.85551028422947
-71.86756125784501
-71.87932033176575
-71.89079489674434
-71.90199210794995
-71.91291889320196
-71.92358196092295
-71.93398780781827
-71.94414272628985
-71.95405281159138
-71.9637239687325
-71.97316191913939
-71.98237220707914
-71.9913602058551
-72.00013112378052
-72.00869000993744
-72.0170417597276
-72.02519112022331
-72.03314269532352
-72.04090095072243
-72.04847021869682
-72.05585470271846
-72.06305848189766
-72.07008551526391
-72.07693964588938
-72.08362460486089
-72.09014401510576
-72.09650139507696
-72.10270016230243
-72.1087436368039
-72.1146350443896
-72.12037751982592
-72.12597410989217
-72.13142777632302
-72.13674139864276
-72.14191777689534
-72.14695963427438
-72.1518696196565
-72.15665031004204
-72.16130421290643
-72.16583376846576
-72.1702413518596
-72.17452927525449
-72.17869978987086
-72.18275508793693
-72.18669730457124
-72.19052851959717
-72.19425075929225
-72.19786599807463
-72.2013761601291
-72.20478312097477
-72.20808870897697
-72.21129470680523
-72.21440285283953
-72.21741484252674
-72.22033232968933
-72.22315692778783
-72.22589021113916
-72.22853371609224
-72.23108894216267
-72.23355735312796
-72.23594037808485
-72.23823941247012
-72.24045581904633
-72.24259092885377
-72.24464604212989
-72.2466224291974
-72.24852133132242
-72.25034396154355
-72.252091505473
-72.25376512207104
-72.25536594439441
-72.25689508032004
-72.25835361324465
-72.2597426027614
-72.26106308531428
-72.26231607483099
-72.26350256333548
-72.26462352154032
-72.26567989942016
-72.26667262676668
-72.26760261372577
-72.26847075131762
-72.26927791194028
-72.27002494985734
-72.27071270167032
-72.27134198677619
-72.27191360781069
-72.27242835107789
-72.27288698696651
-72.27329027035346
-72.27363894099497
-72.27393372390593
-72.27417532972761
-72.27436445508445
-72.27450178293
-72.27458798288264
-72.27462371155126
-72.27460961285135
-72.27454631831179
-72.27443444737263
-72.27427460767422
-72.27406739533794
-72.27381339523888
-72.27351318127063
-72.27316731660255
-72.27277635392971
-72.27234083571581
-72.27186129442912
-72.27133825277205
-72.27077222390416
-72.27016371165898
-72.26951321075494
-72.26882120700047
-72.26808817749355
-72.2673145908157
-72.26650090722092
-72.26564757881941
-72.26475504975645
-72.26382375638644
-72.26285412744247
-72.26184658420125
-72.26080154064388
-72.25971940361231
-72.25860057296175
-72.25744544170927
-72.25625439617839
-72.25502781614024
-72.25376607495082
-72.25246953968502
-72.25113857126716
-72.2497735245982
-72.2483747486799
-72.24694258673583
-72.24547737632942
-72.2439794494791
-72.24244913277063
-72.24088674746665
-72.23929260961368
-72.2376670301465
-72.23601031498995
-72.23432276515844
-72.23260467685297
-72.23085634155593
-72.2290780461237
-72.22727007287696
-72.22543269968901
-72.22356620007204
-72.22167084326131
-72.2197468942975
-72.21779461410716
-72.21581425958124
-72.21380608365196
-72.21177033536792
-72.20970725996742
-72.20761709895044
-72.20550009014882
-72.20335646779466
-72.2011864625874
-72.19899030175944
-72.19676820914033
-72.1945204052196
-72.19224710720819
-72.18994852909853
-72.18762488172341
-72.18527637281349
-72.18290320705368
-72.18050558613827
-72.17808370882483
-72.17563777098718
-72.17316796566703
-72.17067448312467
-72.1681575108885
-72.16561723380374
-72.16305383407989
-72.16046749133733
-72.15785838265303
-72.15522668260522
-72.15257256331718
-72.14989619450023
-72.14719774349571
-72.14447737531623
-72.14173525268603
-72.13897153608066
-72.13618638376563
-72.13337995183456
-72.13055239424644
-72.12770386286216
-72.12483450748037
-72.1219444758726
-72.11903391381773
-72.11610296513582
-72.11315177172118
-72.11018047357491
-72.10718920883681
-72.10417811381662
-72.10114732302468
-72.0980969692021
-72.09502718335023
-72.09193809475963
-72.08882983103854
-72.08570251814076
-72.08255628039306
-72.07939124052196
-72.07620751968021
-72.07300523747261
-72.06978451198144
-72.06654545979141
-72.06328819601414
-72.06001283431218
-72.05671948692265
-72.05340826468037
-72.0500792770407
-72.04673263210175
-72.04336843662647
-72.03998679606411
-72.0365878145714
-72.0331715950334
-72.02973823908381
-72.02628784712518
-72.02282051834844
-72.01933635075244
-72.01583544116284
-72.01231788525081
-72.00878377755144
-72.00523321148172
-72.00166627935833
-71.99808307241496
-71.99448368081943
-71.99086819369052
-71.98723669911456
-71.98358928416171
-71.97992603490188
-71.9762470364204
-71.97255237283352
-71.96884212730349
-71.96511638205357
-71.96137521838257
-71.95761871667939
-71.95384695643709
-71.95006001626687
-71.94625797391176
-71.94244090626006
-71.93860888935865
-71.93476199842596
-71.9309003078648
-71.927023891275
-71.9231328214657
-71.91922717046768
-71.9153070095456
-71.91137240920975
-71.90742343922744
-71.90346016863444
-71.89948266574609
-71.89549099816836
-71.89148523280866
-71.88746543588661
-71.88343167294445
-71.87938400885746
-71.87532250784407
-71.87124723347596
-71.86715824868782
-71.86305561578712
-71.85893939646361
-71.85480965179876
-71.85066644227491
-71.8465098277845
-71.84233986763891
-71.83815662057732
-71.83396014477539
-71.82975049785378
-71.8255277368866
-71.8212919184096
-71.8170430984284
-71.81278133242645
-71.80850667537297
-71.80421918173067
-71.79991890546346
-71.79560590004392
-71.79128021846078
-71.78694191322617
-71.78259103638284
-71.77822763951124
-71.77385177373651
-71.76946348973524
-71.76506283774232
-71.76064986755759
-71.75622462855245
-71.75178716967635
-71.74733753946316
-71.74287578603742
-71.73840195712046
-71.73391610003655
-71.7294182617188
-71.72490848871512
-71.72038682719392
-71.71585332294995
-71.71130802140985
-71.70675096763773
-71.70218220634062
-71.6976017818739
-71.69300973824657
-71.68840611912651
-71.68379096784564
-71.679164327405
-71.67452624047989
-71.66987674942466
-71.66521589627766
-71.66054372276594
-71.65586027031003
-71.65116558002853
-71.6464596927427
-71.64174264898097
-71.63701448898341
-71.6322752527061
-71.62752497982547
-71.62276370974251
-71.61799148158708
-71.61320833422194
-71.60841430624689
-71.60360943600276
-71.59879376157542
-71.59396732079968
-71.58913015126313
-71.58428229030994
-71.57942377504462
-71.57455464233571
-71.56967492881978
-71.56478467090537
-71.55988390477577
-71.55497266639243
-71.55005099149844
-71.54511891562187
-71.54017647407923
-71.53522370197871
-71.5302606342235
-71.52528730551498
-71.52030375035592
-71.51531000305356
-71.51030609772269
-71.50529206828877
-71.50026794849082
-71.49523377188441
-71.49018957184462
-71.4851353815688
-71.48007123407942
-71.47499716222696
-71.46991319869255
-71.46481937599083
-71.45971572647251
-71.45460228232712
-71.4494790755855
-71.44434613812248
-71.43920350165939
-71.43405119776651
-71.42888925786559
-71.42371771323228
-71.41853659499851
-71.41334593415488
-71.408145761553
-71.40293610790778
-71.3977170037997
-71.3924884796771
-71.38725056585835
-71.38200329253404
-71.37674668976913
-71.37148078750513
-71.36620561556217
-71.36092120364098
-71.35562758132512
-71.35032477808339
-71.34501282327315
-71.33969174613956
-71.33436157581805
-71.32902234133637
-71.32367407161658
-71.31831679547692
-71.31295054163371
-71.30757533870317
-71.30219121520318
-71.29679819955511
-71.29139632008554
-71.28598560502792
-71.28056608252436
-71.27513778062723
-71.26970072730091
-71.26425495042153
-71.25880047776438
-71.25333733700519
-71.24786555572723
-71.24238516142876
-71.23689618152926
-71.2313986433739
-71.2258925742368
-71.22037800132328
-71.21485495177161
-71.20932345265416
-71.20378353097848
-71.19823521368825
-71.19267852766401
-71.18711349972413
-71.18154015662556
-71.17595852506471
-71.17036863167844
-71.16477050304485
-71.15916416568439
-71.15354964606072
-71.14792697058186
-71.14229616560219
-71.13665725742246
-71.13101027229071
-71.1253552364033
-71.11969217590601
-71.11402111689519
-71.10834208541877
-71.10265510747736
-71.09696020902534
-71.09125741597188
-71.08554675418198
-71.07982824947753
-71.07410192763835
-71.06836781440317
-71.06262593547065
-71.05687631650038
-71.05111898311385
-71.04535396089547
-71.03958127539347
-71.03380095212087
-71.02801301655644
-71.02221749414562
-71.0164144103014
-71.01060379040524
-71.00478565980801
-70.99896004383116
-70.99312696776758
-70.98728645688227
-70.98143853641315
-70.97558323157182
-70.96972056754434
-70.9638505694921
-70.9579732625525
-70.95208867183987
-70.94619682244617
-70.94029773944175
-70.93439144787618
-70.92847797277894
-70.92255733916015
-70.91662957201137
-70.91069469630625
-70.90475273700127
-70.89880371903642
-70.89284766733593
-70.88688460680912
-70.88091456235155
-70.87493755884542
-70.86895362116006
-70.86296277415246
-70.85696504266781
-70.8509604515401
-70.84494902559275
-70.83893078963919
-70.83290576848339
-70.82687398692049
-70.82083546973742
-70.81479024171338
-70.80873832762046
-70.80267975222417
-70.79661454028398
-70.7905427165539
-70.78446430578296
-70.77837933271574
-70.77228782209295
-70.76618979865182
-70.76008528712671
-70.75397431224955
-70.74785689875036
-70.74173307135767
-70.73560285479915
-70.72946627380198
-70.7233233530933
-70.71717411740072
-70.71101859145267
-70.7048567999789
-70.69868876771082
-70.692514519382
-70.68633407972852
-70.6801474734893
-70.67395472540663
-70.66775586022668
-70.66155090269984
-70.65533987758116
-70.64912280963055
-70.64289972361328
-70.63667064430021
-70.63043559646817
-70.62419460490032
-70.61794769438646
-70.61169488972335
-70.60543621571505
-70.59917169717326
-70.59290135891763
-70.58662522577603
-70.58034332258491
-70.57405567418958
-70.5677623054445
-70.56146324121359
-70.55515850637046
-70.54884812579877
-70.54253212439244
-70.53621052705594
-70.52988335870458
-70.52355064426469
-70.51721240867396
-70.51086867688163
-70.50451947384876
-70.49816482454845
-70.49180475396601
-70.48543928709898
-70.47906844895783
-70.47269226456598
-70.46631075896005
-70.45992395719001
-70.45353188431949
-70.4471345654258
-70.44073202560028
-70.43432428994838
-70.4279113835899
-70.42149333166074
-70.41507015931165
-70.40864189170804
-70.40220855403011
-70.39577017147305
-70.3893267692472
-70.38287837257833
-70.37642500670768
-70.36996669689219
-70.3635034684047
-70.35703534653396
-70.3505623565849
-70.34408452387868
-70.33760187375282
-70.33111443156135
-70.32462222267489
-70.3181252724808
-70.31162360638318
-70.30511724980296
-70.29860622817813
-70.29209056696378
-70.28557029163223
-70.27904542767308
-70.27251600059331
-70.26598203591733
-70.25944355918708
-70.25290059596207
-70.24635317181946
-70.23980131235713
-70.2332450431905
-70.22668438995196
-70.22011937829134
-70.21355003387613
-70.20697638239163
-70.20039844954096
-70.19381626104521
-70.18722984264345
-70.18063922009277
-70.17404441916844
-70.16744546566389
-70.16084238539075
-70.15423520417886
-70.14762394787627
-70.1410086423492
-70.13438931348209
-70.12776598717754
-70.12113868935637
-70.11450744595754
-70.10787228293822
-70.10123322627369
-70.09459030195738
-70.08794353600084
-70.08129295443361
-70.07463858330323
-70.06798044867652
-70.06131857663867
-70.05465299329263
-70.04798372475909
-70.04131079717648
-70.03463423670092
-70.0279540695063
-70.02127032178414
-70.01458301974367
-70.00789218961168
-70.00119785763252
-69.99450005006804
-69.98779879319753
-69.98109411331761
-69.97438603674225
-69.96767458980257
-69.96095979884694
-69.95424169024074
-69.9475202903664
-69.94079562562327
-69.93406772242756
-69.92733660721227
-69.92060230642713
-69.91386484653843
-69.90712425402904
-69.90038055537651
-69.89363377704427
-69.88688394548784
-69.880131087165
-69.87337522854482
-69.86661639611407
-69.85985461638124
-69.85308991587935
-69.84632232116711
-69.83955185882878
-69.83277855547345
-69.8260024377341
-69.81922353226665
-69.8124418657489
-69.80565746487954
-69.79887035637726
-69.79208056697976
-69.78528812344304
-69.77849305254058
-69.77169538106276
-69.76489513581618
-69.75809234362335
-69.75128703132252
-69.7444792257671
-69.737668953825
-69.7308562423783
-69.7240411183228
-69.71722360856774
-69.71040374003539
-69.70358153966086
-69.69675703439181
-69.68993025118812
-69.68310121702176
-69.67626995887662
-69.66943650374839
-69.66260087864431
-69.65576311058297
-69.64892322659401
-69.64208125371796
-69.63523721900597
-69.62839114951967
-69.62154307233087
-69.61469301452142
-69.60784100318304
-69.60098706541706
-69.59413122833422
-69.58727351905449
-69.58041396470684
-69.57355259242908
-69.56668942936773
-69.55982450267773
-69.55295783952234
-69.54608946707287
-69.53921941250856
-69.53234770301627
-69.52547436579039
-69.51859942803256
-69.5117229169515
-69.50484485976278
-69.49796528368863
-69.49108421595771
-69.48420168380494
-69.47731771447121
-69.47043233520326
-69.46354557325337
-69.45665745587922
-69.44976801034363
-69.44287726391435
-69.43598524386383
-69.429091977469
-69.42219749201105
-69.4153018147752
-69.4084049730505
-69.40150699412952
-69.39460790530823
-69.38770773388568
-69.38080650716381
-69.37390425244722
-69.36700099704292
-69.36009676826009
-69.35319159340986
-69.34628549980506
-69.33937851475999
-69.33247066559018
-69.32556197961212
-69.31865248414304
-69.31174220650071
-69.3048311740031
-69.29791941396817
-69.2910069537137
-69.28409382055827
-69.2771800418207
-69.27026564481869
-69.26335065686841
-69.25643510528425
-69.24951901737863
-69.24260242046182
-69.2356853418417
-69.22876780882349
-69.22184984870957
-69.2149314887992
-69.20801275638826
-69.20109367876904
-69.19417428322994
-69.18725459705522
-69.18033464752476
-69.17341446191381
-69.16649406749268
-69.15957349152653
-69.15265276127505
-69.14573190399226
-69.13881094692617
-69.13188991732355
-69.12496884242253
-69.11804774945371
-69.11112666564017
-69.10420561819741
-69.09728463433318
-69.09036374124717
-69.08344296613089
-69.07652233616729
-69.06960187853055
-69.06268162038585
-69.05576158888906
-69.04884181118648
-69.0419223144146
-69.03500312569982
-69.02808427215814
-69.02116578089493
-69.01424767900465
-69.00732999357058
-69.00041275166483
-68.99349598034954
-68.98657970667423
-68.97966395767601
-68.97274876037922
-68.96583414179516
-68.95892012892187
-68.95200674874388
-68.94509402823188
-68.93818199434249
-68.93127067401798
-68.924360094186
-68.91745028175926
-68.91054126363531
-68.90363306669622
-68.89672571780832
-68.88981924382199
-68.88291367157126
-68.8760090278736
-68.86910533952961
-68.86220263332275
-68.85530093601886
-68.84840027436601
-68.84150067509427
-68.83460216491541
-68.8277047705238
-68.82080851859591
-68.81391343578964
-68.80701954874378
-68.80012688407753
-68.79323546839012
-68.78634532826051
-68.77945649024701
-68.77256898088706
-68.76568282669695
-68.75879805417156
-68.75191468978407
-68.74503275998565
-68.73815229120517
-68.73127330984896
-68.72439584230051
-68.71751991492015
-68.71064555404476
-68.70377278598744
-68.69690163703719
-68.69003213345864
-68.68316430149196
-68.67629816735247
-68.66943375723041
-68.66257109729052
-68.65571021367187
-68.64885113248738
-68.64199387982363
-68.63513848174051
-68.62828496427097
-68.62143335342068
-68.61458367516778
-68.60773595546252
-68.60089022022707
-68.59404649535517
-68.58720480671184
-68.58036518013314
-68.57352764142588
-68.56669221636218
-68.55985893064229
-68.55302780989201
-68.5461988796754
-68.53937216550928
-68.532547692875
-68.52572548722665
-68.51890557399669
-68.5120879785983
-68.50527272642626
-68.49845984285669
-68.49164935324634
-68.48484128293133
-68.47803565722585
-68.47123250142079
-68.4644318407823
-68.45763370055043
-68.4508381059379
-68.4440450821289
-68.4372546542779
-68.43046684750874
-68.4236816869137
-68.4168991975526
-68.41011940445206
-68.40334233260478
-68.39656800696889
-68.38979645246737
-68.38302769398747
-68.37626175638026
-68.36949866446004
-68.36273844300402
-68.35598111675183
-68.34922671040515
-68.3424752486273
-68.33572675604294
-68.3289812572377
-68.32223877675783
-68.31549933910992
-68.3087629687606
-68.3020296901362
-68.29529952762246
-68.28857250556433
-68.2818486482656
-68.27512797998865
-68.26841052495425
-68.26169630734117
-68.25498535128604
-68.24827768088304
-68.24157332018363
-68.23487229319635
-68.22817462388649
-68.22148033617593
-68.21478945394284
-68.20810200102146
-68.20141800120183
-68.19473747822956
-68.1880604558056
-68.18138695758599
-68.17471700718161
-68.16805062815799
-68.16138784403499
-68.15472867828666
-68.148073154341
-68.1414212955823
-68.13477312534833
-68.12812866692971
-68.12148794356973
-68.11485097846412
-68.10821779476089
-68.10158841556022
-68.09496286391416
-68.08834116282651
-68.08172333525253
-68.0751094040988
-68.0684993922229
-68.06189332243332
-68.05529121748916
-68.04869310009991
-68.04209899292528
-68.03550891857493
-68.02892289961251
-68.02234095855124
-68.01576311785229
-68.00918939992528
-68.00261982712837
-67.99605442176812
-67.9894932060994
-67.98293620232519
-67.97638343259639
-67.96983491901167
-67.96329068361725
-67.95675074840666
-67.95021513532062
-67.94368386624674
-67.93715696301942
-67.93063444742076
-67.92411634118037
-67.9176026659737
-67.91109344342178
-67.90458869509102
-67.89808844249323
-67.89159270708538
-67.88510151026951
-67.87861487339254
-67.87213281774609
-67.86565536456635
-67.85918253503381
-67.85271435027313
-67.8462508313529
-67.8397919992855
-67.83333787502684
-67.82688847947628
-67.82044383347639
-67.81400395781414
-67.80756887322046
-67.8011386003696
-67.79471315987863
-67.78829257230703
-67.78187685815647
-67.77546603787052
-67.76906013183442
-67.76265916037495
-67.75626314376018
-67.74987210219943
-67.74348605584308
-67.73710502478235
-67.73072902904924
-67.7243580886162
-67.71799222339614
-67.71163145324232
-67.70527579794829
-67.69892527724754
-67.69257991081336
-67.68623971825865
-67.6799047191356
-67.67357493293568
-67.66725037908928
-67.66093107696565
-67.6546170458727
-67.64830830505683
-67.64200487370279
-67.6357067709335
-67.62941401580991
-67.62312662733089
-67.61684462443297
-67.61056802599032
-67.60429685081449
-67.59803111765439
-67.59177084519601
-67.58551605206215
-67.57926675681242
-67.5730229779432
-67.5667847338875
-67.56055204301482
-67.55432492363103
-67.54810339397818
-67.54188747223441
-67.53567717651379
-67.52947252486621
-67.52327353527726
-67.51708022566802
-67.51089261389507
-67.50471071775023
-67.49853455496053
-67.49236414318788
-67.48619950002873
-67.48004064301458
-67.47388758961168
-67.46774035722093
-67.46159896317776
-67.45546342475194
-67.4493337591475
-67.44320998350265
-67.4370921148896
-67.43098017031447
-67.4248741667172
-67.41877412097148
-67.41268004988449
-67.40659197019674
-67.40050989858213
-67.39443385164789
-67.38836384593446
-67.38229989791544
-67.37624202399756
-67.37019024052057
-67.36414456375721
-67.358105009913
-67.35207159512623
-67.34604433546775
-67.34002324694092
-67.33400834548144
-67.32799964695732
-67.32199716716863
-67.31600092184742
-67.31001092665767
-67.30402719719531
-67.2980497489881
-67.29207859749573
-67.28611375811026
-67.2801552461559
-67.27420307688868
-67.26825726549619
-67.26231782709743
-67.25638477674272
-67.25045812941357
-67.2445378999928
-67.23862410323969
-67.23271675379596
-67.22681586620267
-67.2209214549167
-67.21503353432348
-67.20915211874565
-67.20327722244846
-67.1974088596427
-67.19154704448597
-67.18569179108279
-67.17984311348401
-67.1740010256859
-67.16816554162882
-67.16233667519606
-67.15651444021238
-67.15069885044281
-67.14488991959142
-67.13908766130025
-67.1332920891482
-67.12750321665021
-67.12172105725635
-67.11594562435114
-67.11017693125282
-67.10441499121286
-67.09865981741538
-67.09291142297671
-67.08716982094502
-67.08143502429994
-67.07570704595226
-67.06998589874368
-67.06427159544654
-67.05856414876367
-67.0528635713281
-67.04716987570303
-67.04148307438165
-67.03580317978694
-67.0301302042717
-67.02446416011836
-67.01880505953892
-67.01315291467493
-67.00750773759738
-67.00186954030936
-66.99623833474344
-66.9906141327612
-66.98499694615323
-66.97938678663914
-66.97378366586761
-66.96818759541652
-66.96259858679288
-66.95701665143288
-66.95144180070193
-66.94587404589461
-66.94031339823475
-66.93475986887536
-66.92921346889871
-66.92367420932212
-66.91814210108994
-66.91261715507478
-66.90709938207796
-66.90158879282977
-66.8960853979896
-66.89058920814598
-66.88510023381673
-66.87961848544893
-66.874143973419
-66.86867670803318
-66.86321669952905
-66.85776395807353
-66.85231849376268
-66.84688031662172
-66.8414494366052
-66.83602586359714
-66.83060960741108
-66.8252006777901
-66.81979908440694
-66.81440483686401
-66.80901794469469
-66.80363841736313
-66.79826626426399
-66.792901494722
-66.78754411799196
-66.78219414325858
-66.7768515796366
-66.77151643617078
-66.76618872183599
-66.76086844553711
-66.75555561610916
-66.75025024231745
-66.74495233285768
-66.73966189635605
-66.73437894136916
-66.72910347638403
-66.7238355098181
-66.71857505001933
-66.71332210526606
-66.7080766837672
-66.7028387936622
-66.6976084430211
-66.69238563984462
-66.68717039206413
-66.68196270754184
-66.67676259407072
-66.67157005937463
-66.6663851111084
-66.66120775685783
-66.65603800413982
-66.6508758604024
-66.64572133302478
-66.64057442931747
-66.6354351565223
-66.63030352181252
-66.62517953229286
-66.6200631949996
-66.61495451690064
-66.60985350489558
-66.60476016581579
-66.59967450642449
-66.59459653341685
-66.58952625341998
-66.58446367299312
-66.57940879862767
-66.57436163674723
-66.56932219370776
-66.56429047579759
-66.55926648923754
-66.55425024018102
-66.54924173471407
-66.54424097885546
-66.53924797855677
-66.53426273970254
-66.52928526811024
-66.52431556953049
-66.51935364964702
-66.51439951407686
-66.5094531683704
-66.50451461801144
-66.49958386841737
-66.49466092493917
-66.48974579286154
-66.48483847740306
-66.47993898371615
-66.47504731688731
-66.47016348193712
-66.46528748382038
-66.46041932742617
-66.45555901757803
-66.45070655903397
-66.44586195648668
-66.44102521456352
-66.43619633782673
-66.43137533077345
-66.42656219783585
-66.42175694338124
-66.4169595717122
-66.41217008706663
-66.40738849361787
-66.40261479547489
-66.39784899668227
-66.3930911012204
-66.3883411130056
-66.38359903589013
-66.37886487366245
-66.3741386300472
-66.36942030870537
-66.36470991323446
-66.36000744716848
-66.35531291397818
-66.3506263170711
-66.34594765979169
-66.34127694542146
-66.33661417717906
-66.33195935822043
-66.32731249163889
-66.32267358046528
-66.31804262766808
-66.3134196361535
-66.30880460876564
-66.30419754828662
-66.29959845743666
-66.29500733887421
-66.29042419519612
-66.28584902893772
-66.28128184257297
-66.27672263851457
-66.27217141911412
-66.26762818666218
-66.26309294338847
-66.25856569146198
-66.25404643299109
-66.24953517002366
-66.2450319045472
-66.24053663848892
-66.23604937371591
-66.23157011203534
-66.22709885519454
-66.22263560488119
-66.2181803627234
-66.21373313028992
-66.20929390909023
-66.20486270057468
-66.20043950613459
-66.19602432710248
-66.19161716475212
-66.18721802029873
-66.18282689489912
-66.1784437896518
-66.17406870559711
-66.16970164371745
-66.16534260493731
-66.16099159012352
-66.15664860008528
-66.15231363557442
-66.14798669728546
-66.14366778585577
-66.13935690186575
-66.13505404583894
-66.13075921824215
-66.12647241948565
-66.1221936499233
-66.11792290985268
-66.11366019951522
-66.10940551909641
-66.10515886872588
-66.10092024847759
-66.09668965837
-66.09246709836613
-66.08825256837382
-66.08404606824581
-66.07984759777995
-66.07565715671925
-66.07147474475212
-66.0673003615125
-66.06313400657994
-66.05897567947989
-66.05482537968417
-66.05068310661127
-66.04654885962616
-66.04242263804035
-66.0383044411117
-66.03419426804479
-66.030092117991
-66.02599799004877
-66.02191188326364
-66.01783379662848
-66.01376372908359
-66.00970167951691
-66.00564764676412
-66.00160162960886
-65.99756362678295
-65.99353363696623
-65.98951165878702
-65.98549769082247
-65.98149173159858
-65.97749377959036
-65.97350383322197
-65.96952189086662
-65.96554795084677
-65.96158201143436
-65.95762407085095
-65.953674127268
-65.94973217880694
-65.94579822353937
-65.94187225944901
-65.93795428441703
-65.93404429623163
-65.93014229260442
-65.92624827118532
-65.9223622295741
-65.91848416532811
-65.91461407596721
-65.91075195897663
-65.90689781180838
-65.90305163188157
-65.89921341658221
-65.89538316326264
-65.89156086924056
-65.88774653179829
-65.88394014818162
-65.88014171559904
-65.87635123122072
-65.87256869217784
-65.86879409556174
-65.86502743842378
-65.86126871777608
-65.85751793058927
-65.85377507379172
-65.85004014426927
-65.84631313886489
-65.84259405437848
-65.8388828875667
-65.83517963514284
-65.83148429377671
-65.82779686009455
-65.8241173306807
-65.82044570207825
-65.81678197078524
-65.8131261332563
-65.8094781859032
-65.80583812509639
-65.80220594716327
-65.79858164838775
-65.79496522501034
-65.79135667322839
-65.78775598919619
-65.78416316902509
-65.78057820878362
-65.77700110449763
-65.7734318521503
-65.76987044768242
-65.76631688699248
-65.76277116593678
-65.75923328032962
-65.7557032259435
-65.75218099850922
-65.74866659371605
-65.74516000721195
-65.74166123460368
-65.73817027145702
-65.73468711329691
-65.73121175560762
-65.72774419383295
-65.72428442337637
-65.72083243960124
-65.71738823783092
-65.71395181334903
-65.71052316139951
-65.70710227718692
-65.70368915587655
-65.70028379259455
-65.69688618242822
-65.69349632042606
-65.69011420159805
-65.68673982091575
-65.6833731733125
-65.68001425368362
-65.67666305688655
-65.67331957774103
-65.66998381102927
-65.66665575149615
-65.6633353938494
-65.66002273275969
-65.65671776286091
-65.65342047875028
-65.65013087498855
-65.64684894610016
-65.64357468657342
-65.64030809086063
-65.63704915337836
-65.63379786850751
-65.63055423059357
-65.62731823394672
-65.62408987284205
-65.62086914151969
-65.61765603418503
-65.61445054500882
-65.61125266812742
-65.60806239764294
-65.60487972762337
-65.60170465210284
-65.5985371650817
-65.59537726052673
-65.59222493237131
-65.58908017451557
-65.58594298082657
-65.58281334513846
-65.57969126125262
-65.57657672293787
-65.57346972393063
-65.57037025793505
-65.56727831862325
-65.56419389963538
-65.5611169945799
-65.55804759703368
-65.55498570054215
-65.55193129861951
-65.54888438474887
-65.54584495238248
-65.54281299494176
-65.53978850581757
-65.53677147837035
-65.5337619059303
-65.5307597817975
-65.52776509924207
-65.52477785150442
-65.5217980317953
-65.51882563329602
-65.51586064915861
-65.51290307250598
-65.50995289643207
-65.50701011400203
-65.50407471825233
-65.501146702191
-65.49822605879773
-65.49531278102404
-65.49240686179347
-65.4895082940017
-65.48661707051673
-65.48373318417906
-65.48085662780178
-65.47798739417084
-65.47512547604506
-65.47227086615645
-65.46942355721026
-65.46658354188517
-65.46375081283348
-65.46092536268124
-65.45810718402842
-65.45529626944911
-65.45249261149156
-65.44969620267848
-65.44690703550707
-65.44412510244923
-65.44135039595173
-65.43858290843633
-65.43582263229993
-65.43306955991474
-65.43032368362843
-65.4275849957643
-65.4248534886214
-65.42212915447466
-65.41941198557515
-65.41670197415013
-65.41399911240323
-65.41130339251463
-65.40861480664114
-65.40593334691646
-65.40325900545123
-65.40059177433328
-65.39793164562766
-65.39527861137692
-65.39263266360113
-65.38999379429815
-65.38736199544371
-65.38473725899158
-65.3821195768737
-65.37950894100038
-65.37690534326039
-65.37430877552113
-65.3717192296288
-65.36913669740849
-65.36656117066443
-65.36399264118002
-65.36143110071805
-65.35887654102083
-65.35632895381035
-65.35378833078836
-65.35125466363661
-65.34872794401693
-65.34620816357142
-65.34369531392254
-65.3411893866733
-65.3386903734074
-65.33619826568933
-65.33371305506459
-65.33123473305977
-65.3287632911827
-65.32629872092261
-65.32384101375028
-65.32139016111817
-65.31894615446055
-65.31650898519365
-65.3140786447158
-65.31165512440761
-65.30923841563201
-65.30682850973452
-65.30442539804325
-65.3020290718692
-65.29963952250623
-65.29725674123131
-65.29488071930464
-65.29251144796979
-65.29014891845375
-65.28779312196723
-65.28544404970464
-65.28310169284433
-65.28076604254866
-65.27843708996421
-65.27611482622183
-65.27379924243682
-65.2714903297091
-65.26918807912324
-65.26689248174871
-65.26460352863995
-65.26232121083652
-65.2600455193632
-65.2577764452302
-65.2555139794332
-65.25325811295355
-65.25100883675836
-65.24876614180069
-65.24653001901959
-65.24430045934031
-65.24207745367441
-65.23986099291987
-65.23765106796122
-65.23544766966971
-65.2332507889034
-65.2310604165073
-65.22887654331352
-65.22669916014134
-65.2245282577974
-65.22236382707584
-65.22020585875832
-65.21805434361428
-65.21590927240099
-65.21377063586368
-65.2116384247357
-65.20951262973858
-65.20739324158225
-65.2052802509651
-65.20317364857408
-65.2010734250849
-65.19897957116207
-65.19689207745911
-65.19481093461862
-65.19273613327235
-65.19066766404146
-65.18860551753649
-65.18654968435762
-65.18450015509467
-65.18245692032731
-65.18041997062512
-65.17838929654775
-65.17636488864503
-65.17434673745704
-65.17233483351433
-65.17032916733791
-65.16832972943949
-65.16633651032153
-65.16434950047733
-65.16236869039122
-65.16039407053863
-65.1584256313862
-65.15646336339192
-65.15450725700524
-65.15255730266713
-65.1506134908103
-65.1486758118592
-65.14674425623024
-65.14481881433179
-65.14289947656437
-65.14098623332076
-65.13907907498607
-65.13717799193789
-65.13528297454636
-65.13339401317431
-65.1315110981774
-65.12963421990415
-65.12776336869612
-65.12589853488801
-65.12403970880771
-65.12218688077652
-65.12034004110915
-65.11849918011387
-65.11666428809266
-65.11483535534124
-65.11301237214924
-65.11119532880026
-65.10938421557199
-65.10757902273635
-65.10577974055951
-65.10398635930211
-65.10219886921925
-65.10041726056069
-65.09864152357085
-65.09687164848901
-65.09510762554939
-65.09334944498117
-65.0915970970087
-65.08985057185157
-65.08810985972464
-65.08637495083826
-65.08464583539828
-65.08292250360616
-65.08120494565911
-65.07949315175019
-65.07778711206834
-65.07608681679852
-65.07439225612188
-65.07270342021572
-65.07102029925368
-65.06934288340582
-65.0676711628387
-65.06600512771551
-65.06434476819612
-65.06269007443721
-65.06104103659234
-65.05939764481208
-65.05775988924407
-65.05612776003314
-65.05450124732137
-65.05288034124821
-65.0512650319506
-65.04965530956301
-65.04805116421753
-65.04645258604403
-65.0448595651702
-65.04327209172166
-65.04169015582204
-65.04011374759311
-65.03854285715484
-65.03697747462544
-65.0354175901216
-65.03386319375838
-65.03231427564944
-65.03077082590711
-65.02923283464243
-65.02770029196525
-65.02617318798433
-65.02465151280742
-65.02313525654137
-65.02162440929216
-65.02011896116502
-65.01861890226456
-65.01712422269476
-65.01563491255912
-65.01415096196072
-65.0126723610023
-65.01119909978638
-65.0097311684153
-65.00826855699133
-65.00681125561671
-65.00535925439381
-65.00391254342513
-65.00247111281345
-65.00103495266185
-64.99960405307385
-64.99817840415342
-64.99675799600512
-64.99534281873417
-64.99393286244653
-64.99252811724891
-64.99112857324899
-64.98973422055533
-64.98834504927761
-64.98696104952658
-64.98558221141423
-64.98420852505377
-64.98283998055983
-64.98147656804841
-64.98011827763705
-64.97876509944487
-64.97741702359262
-64.97607404020282
-64.97473613939977
-64.97340331130965
-64.97207554606061
-64.97075283378285
-64.96943516460867
-64.96812252867255
-64.96681491611129
-64.96551231706397
-64.96421472167209
-64.96292212007968
-64.96163450243327
-64.960351858882
-64.95907417957774
-64.95780145467509
-64.95653367433148
-64.95527082870723
-64.9540129079656
-64.95275990227293
-64.95151180179862
-64.95026859671523
-64.94903027719856
-64.94779683342772
-64.94656825558516
-64.9453445338568
-64.944125658432
-64.94291161950373
-64.94170240726856
-64.9404980119268
-64.93929842368247
-64.93810363274345
-64.93691362932145
-64.93572840363221
-64.93454794589545
-64.93337224633495
-64.93220129517867
-64.93103508265875
-64.92987359901161
-64.928716834478
-64.92756477930305
-64.9264174237364
-64.92527475803216
-64.92413677244907
-64.92300345725056
-64.92187480270472
-64.92075079908447
-64.91963143666754
-64.9185167057366
-64.91740659657918
-64.91630109948791
-64.91520020476044
-64.91410390269955
-64.91301218361319
-64.91192503781456
-64.91084760660709
-64.90979694012566
-64.9088067579187
-64.9079288868137
-64.9072316915464
-64.90679647783233
-64.90671289866282
-64.90707418215038
-64.90797272757743
-64.90949637684646
-64.9117254894303
-64.91473082920217
-64.91857219973711
-64.92329772763915
-64.9289436797155
-64.9355347005953
-64.9430843664169
-64.9515959632723
-64.96106341351505
-64.97147228719798
-64.98280084892225
-64.99502110183307
-65.00809980026142
-65.02199941062943
-65.03667900684499
-65.05209509168178
-65.06820233976967
-65.08495426098298
-65.1023037853788
-65.12020377255276
-65.13860744947335
-65.1574687816349
-65.17674278282588
-65.19638576901599
-65.21635556188471
-65.2366116473949
-65.25711529459603
-65.27782963955566
-65.29871973898746
-65.31975259779169
-65.34089717436204
-65.3621243671426
-65.38340698556954
-65.4047197082007
-65.42603903051453
-65.44734320456016
-65.46861217236832
-65.48982749477824
-65.5109722771077
-65.53203109288711
-65.55298990669283
-65.57383599694957
-65.59455787942518
-65.61514523201141
-65.6355888212709
-65.65588043113557
-65.67601279404924
-65.69597952475868
-65.71577505693472
-65.73539458272036
-65.75483399526223
-65.77408983424502
-65.79315923441698
-65.81203987706687
-65.83072994439499
-65.84922807670333
-65.86753333232923
-65.88564515015898
-65.90356331469808
-65.9212879235485
-65.93881935718079
-65.95615825088599
-65.97330546879193
-65.9902620798292
-66.0070293355341
-66.02360864957797
-66.04000157891788
-66.05620980646755
-66.072235125186
-66.088079423488
-66.10374467189305
-66.11923291081575
-66.13454623942202
-66.14968680547837
-66.16465679611898
-66.17945842946175
-66.1940939470091
-66.20856560677339
-66.22287567707066
-66.23702643093016
-66.25102014107047
-66.26485907539666
-66.27854549297525
-66.29208164044887
-66.30546974885296
-66.31871203080055
-66.33181067800336
-66.34476785910036
-66.35758571776681
-66.37026637107896
-66.38281190811111
-66.39522438874432
-66.40750584266692
-66.41965826854904
-66.43168363337453
-66.4435838719153
-66.45536088633398
-66.4670165459042
-66.47855268683374
-66.48997111217888
-66.50127359184246
-66.51246186264676
-66.52353762847282
-66.53450256045872
-66.54535829724996
-66.55610644529561
-66.56674857918469
-66.57728624201732
-66.58772094580641
-66.5980541719055
-66.60828737145873
-66.61842196586969
-66.62845934728603
-66.63840087909654
-66.64824789643858
-66.65800170671328
-66.66766359010667
-66.67723480011475
-66.68671656407065
-66.69611008367482
-66.70541653552303
-66.71463707162958
-66.72377281995003
-66.73282488490062
-66.74179434787325
-66.75068226774529
-66.75948968138334
-66.76821760414086
-66.7768670303487
-66.78543893372654
-66.79393426782217
-66.8023539664962
-66.81069894441511
-66.81897009753412
-66.82716830356424
-66.83529442242323
-66.84334929667196
-66.85133375193747
-66.85924859732431
-66.86709462581508
-66.87487261466086
-66.8825833257622
-66.89022750604114
-66.89780588780441
-66.90531918909817
-66.91276811405453
-66.92015335322995
-66.92747558393563
-66.9347354705601
-66.94193366488425
-66.94907080639618
-66.95614752258047
-66.96316442921251
-66.9701221306447
-66.97702122008495
-66.98386227986843
-66.99064588172233
-66.99737258702397
-67.00404294705237
-67.01065750323343
-67.01721678737887
-67.023721321919
-67.03017162012958
-67.0365681863528
-67.04291151621254
-67.04920209682408
-67.05544040699834
-67.06162691744085
-67.06776209094542
-67.0738463825829
-67.07988023988489
-67.08586410302266
-67.09179840498138
-67.09768357172976
-67.1035200223853
-67.10930816937504
-67.11504841859221
-67.1207411695487
-67.12638681552349
-67.1319857437072
-67.13753833534282
-67.14304496586274
-67.1485060050221
-67.1539218170287
-67.15929276066946
-67.16461918943342
-67.16990145163174
-67.17513989051436
-67.18033484438583
-67.18548664671364
-67.19059562623556
-67.19566210706462
-67.20068640879146
-67.20566884658396
-67.2106097312841
-67.21550936950197
-67.22036806370768
-67.22518611232061
-67.22996380979657
-67.2347014467125
-67.23939930984912
-67.24405768227136
-67.2486768434067
-67.25325706912149
-67.25779863179524
-67.26230180039309
-67.2667668405363
-67.271194014571
-67.27558358163506
-67.27993579772337
-67.28425091575129
-67.28852918561653
-67.29277085425957
-67.29697616572255
-67.30114536120647
-67.30527867912703
-67.30937635516904
-67.31343862233948
-67.31746571101911
-67.32145784901292
-67.32541526159918
-67.32933817157738
-67.33322679931486
-67.33708136279233
-67.34090207764825
-67.3446891572221
-67.3484428125966
-67.3521632526388
-67.3558506840403
-67.35950531135634
-67.363127337044
-67.36671696149948
-67.3702743830944
-67.3737997982113
-67.37729340127824
-67.38075538480254
-67.38418593940376
-67.38758525384581
-67.39095351506842
-67.39429090821767
-67.39759761667601
-67.40087382209138
-67.40411970440574
-67.40733544188295
-67.41052121113586
-67.41367718715296
-67.41680354332422
-67.4199004514665
-67.42296808184824
-67.42600660321362
-67.42901618280622
-67.43199698639208
-67.43494917828221
-67.43787292135472
-67.44076837707627
-67.4436357055236
-67.44647506540444
-67.4492866140774
-67.45207050757138
-67.45482690060469
-67.45755594660378
-67.46025779772162
-67.46293260485571
-67.46558051766561
-67.46820168459027
-67.4707962528648
-67.47336436853706
-67.47590617648378
-67.47842182042636
-67.4809114429464
-67.48337518550082
-67.48581318843671
-67.48822559100589
-67.4906125313791
-67.49297414666
-67.49531057289876
-67.49762194510551
-67.49990839726338
-67.50217006234143
-67.50440707230692
-67.50661955813804
-67.50880764983592
-67.51097147643648
-67.51311116602207
-67.51522684573283
-67.5173186417779
-67.51938667944637
-67.52143108311805
-67.52345197627399
-67.52544948150691
-67.5274237205313
-67.52937481419342
-67.5313028824811
-67.53320804453331
-67.53509041864963
-67.5369501222995
-67.5387872721313
-67.54060198398136
-67.54239437288275
-67.54416455307398
-67.54591263800735
-67.54763874035733
-67.54934297202867
-67.55102544416442
-67.55268626715389
-67.55432555064029
-67.55594340352845
-67.55753993399227
-67.55911524948216
-67.56066945673223
-67.56220266176746
-67.56371496991076
-67.56520648578982
-67.56667731334396
-67.56812755583078
-67.56955731583284
-67.570966695264
-67.57235579537596
-67.57372471676442
-67.57507355937537
-67.57640242251111
-67.57771140483628
-67.57900060438381
-67.58027011856069
-67.58152004415376
-67.58275047733535
-67.58396151366888
-67.58515324811435
-67.58632577503379
-67.58747918819653
-67.58861358078447
-67.58972904539732
-67.59082567405764
-67.59190355821592
-67.59296278875553
-67.59400345599764
-67.59502564970605
-67.59602945909198
-67.59701497281878
-67.59798227900656
-67.5989314652368
-67.59986261855688
-67.60077582548455
-67.60167117201229
-67.60254874361179
-67.60340862523815
-67.60425090133414
-67.60507565583447
-67.60588297216984
-67.6066729332711
-67.60744562157325
-67.60820111901948
-67.60893950706512
-67.60966086668145
-67.6103652783597
-67.61105282211471
-67.61172357748883
-67.61237762355553
-67.61301503892317
-67.61363590173856
-67.61424028969064
-67.61482828001394
-67.61539994949217
-67.61595537446169
-67.61649463081488
-67.61701779400366
-67.61752493904274
-67.61801614051302
-67.61849147256486
-67.61895100892131
-67.61939482288143
-67.61982298732335
-67.62023557470752
-67.62063265707981
-67.62101430607458
-67.62138059291777
-67.62173158842994
-67.6220673630292
-67.62238798673428
-67.62269352916738
-67.62298405955715
-67.62325964674154
-67.62352035917064
-67.62376626490955
-67.62399743164113
-67.62421392666882
-67.62441581691934
-67.62460316894548
-67.62477604892872
-67.62493452268195
-67.62507865565209
-67.62520851292273
-67.6253241592167
-67.62542565889869
-67.62551307597775
-67.62558647410987
-67.62564591660042
-67.6256914664067
-67.62572318614036
-67.62574113806984
-67.62574538412281
-67.62573598588855
-67.62571300462037
-67.62567650123783
-67.62562653632929
-67.62556317015402
-67.62548646264464
-67.62539647340934
-67.6252932617341
-67.62517688658501
-67.62504740661046
-67.62490488014333
-67.62474936520317
-67.6245809194984
-67.6243996004284
-67.62420546508574
-67.62399857025818
-67.62377897243084
-67.62354672778827
-67.62330189221647
-67.62304452130502
-67.622774670349
-67.62249239435113
-67.62219774802365
-67.6218907857904
-67.62157156178871
-67.62124012987142
-67.6208965436088
-67.62054085629042
-67.62017312092715
-67.61979339025297
-67.61940171672693
-67.61899815253494
-67.61858274959167
-67.61815555954239
-67.61771663376476
-67.61726602337068
-67.61680377920807
-67.61632995186264
-67.6158445916597
-67.61534774866587
-67.61483947269089
-67.61431981328928
-67.61378881976214
-67.61324654115876
-67.61269302627842
-67.61212832367201
-67.61155248164371
-67.61096554825268
-67.61036757131467
-67.60975859840367
-67.60913867685358
-67.6085078537597
-67.6078661759805
-67.60721369013909
-67.60655044262484
-67.60587647959494
-67.60519184697597
-67.60449659046546
-67.60379075553337
-67.60307438742369
-67.6023475311559
-67.60161023152652
-67.60086253311056
-67.60010448026303
-67.59933611712042
-67.59855748760214
-67.597768635412
-67.59696960403966
-67.59616043676203
-67.59534117664475
-67.59451186654354
-67.59367254910565
-67.59282326677125
-67.5919640617748
-67.5910949761465
-67.59021605171353
-67.58932733010154
-67.58842885273593
-67.58752066084318
-67.58660279545227
-67.5856752973959
-67.58473820731186
-67.58379156564436
-67.58283541264528
-67.58186978837549
-67.5808947327061
-67.5799102853198
-67.57891648571203
-67.57791337319235
-67.57690098688556
-67.57587936573309
-67.57484854849409
-67.57380857374675
-67.57275947988947
-67.57170130514208
-67.57063408754709
-67.56955786497079
-67.5684726751045
-67.56737855546575
-67.56627554339943
-67.56516367607894
-67.56404299050739
-67.56291352351872
-67.56177531177885
-67.56062839178676
-67.55947279987575
-67.55830857221441
-67.55713574480785
-67.55595435349876
-67.55476443396859
-67.55356602173858
-67.5523591521709
-67.55114386046967
-67.54992018168201
-67.54868815069918
-67.54744780225752
-67.54619917093957
-67.5449422911751
-67.54367719724212
-67.54240392326793
-67.54112250323011
-67.53983297095763
-67.53853536013173
-67.537229704287
-67.53591603681238
-67.53459439095214
-67.53326479980684
-67.53192729633436
-67.53058191335083
-67.52922868353161
-67.52786763941229
-67.52649881338958
-67.52512223772229
-67.52373794453229
-67.52234596580543
-67.52094633339249
-67.51953907901019
-67.51812423424222
-67.51670183054013
-67.51527189922406
-67.51383447148369
-67.51238957837907
-67.51093725084152
-67.5094775196745
-67.50801041555448
-67.5065359690318
-67.50505421053163
-67.5035651703547
-67.50206887867829
-67.50056536555698
-67.49905466092356
-67.49753679458976
-67.49601179624719
-67.49447969546819
-67.49294052170667
-67.4913943042989
-67.48984107246433
-67.48828085530641
-67.4867136818134
-67.48513958085913
-67.48355858120384
-67.48197071149494
-67.48037600026782
-67.47877447594664
-67.47716616684507
-67.47555110116708
-67.47392930700775
-67.47230081235394
-67.4706656450851
-67.46902383297407
-67.46737540368773
-67.46572038478777
-67.4640588037315
-67.46239068787251
-67.4607160644614
-67.4590349606465
-67.45734740347466
-67.45565341989187
-67.45395303674404
-67.45224628077764
-67.45053317864047
-67.4488137568823
-67.4470880419556
-67.44535606021618
-67.44361783792395
-67.4418734012435
-67.44012277624486
-67.43836598890412
-67.43660306510411
-67.43483403063505
-67.43305891119522
-67.43127773239162
-67.42949051974061
-67.42769729866852
-67.42589809451233
-67.42409293252032
-67.42228183785264
-67.42046483558198
-67.41864195069421
-67.41681320808893
-67.41497863258017
-67.41313824889696
-67.41129208168395
-67.40944015550204
-67.40758249482894
-67.40571912405986
-67.40385006750799
-67.40197534940519
-67.4000949939025
-67.39820902507073
-67.39631746690102
-67.39442034330547
-67.39251767811758
-67.39060949509295
-67.38869581790969
-67.38677667016911
-67.3848520753962
-67.38292205704015
-67.380986638475
-67.37904584300004
-67.37709969384048
-67.37514821414787
-67.37319142700073
-67.371229355405
-67.36926202229454
-67.36728945053163
-67.36531166290762
-67.36332868214335
-67.36134053088972
-67.35934723172818
-67.3573488071712
-67.35534527966281
-67.35333667157906
-67.35132300522852
-67.34930430285283
-67.34728058662718
-67.34525187866079
-67.3432182009974
-67.34117957561574
-67.33913602442993
-67.33708756929003
-67.3350342319824
-67.33297603423023
-67.33091299769393
-67.32884514397166
-67.32677249459974
-67.32469507105304
-67.32261289474555
-67.32052598703066
-67.31843436920178
-67.31633806249263
-67.31423708807772
-67.3121314670728
-67.31002122053526
-67.30790636946458
-67.30578693480271
-67.30366293743452
-67.30153439818821
-67.29940133783572
-67.2972637770931
-67.29512173662096
-67.29297523702486
-67.29082429885572
-67.28866894261016
-67.28650918873095
-67.28434505760735
-67.2821765695756
-67.28000374491916
-67.27782660386919
-67.27564516660489
-67.27345945325388
-67.27126948389258
-67.26907527854658
-67.26687685719101
-67.26467423975087
-67.26246744610144
-67.2602564960686
-67.25804140942923
-67.25582220591146
-67.25359890519516
-67.25137152691221
-67.24914009064682
-67.24690461593592
-67.24466512226984
-67.24242162909265
-67.24017415580236
-67.23792272175116
-67.23566734624565
-67.23340804854712
-67.2311448478719
-67.22887776339167
-67.22660681423368
-67.22433201948117
-67.22205339817363
-67.21977096930712
-67.21748475183458
-67.2151947646661
-67.21290102666929
-67.2106035566695
-67.2083023734502
-67.20599749575321
-67.20368894227902
-67.20137673168706
-67.19906088259604
-67.19674141358416
-67.19441834318945
-67.19209168991003
-67.18976147220438
-67.18742770849164
-67.18509041715184
-67.1827496165262
-67.18040532491742
-67.17805756058988
-67.17570634176997
-67.1733516866463
-67.17099361337002
-67.16863214005498
-67.16626728477809
-67.16389906557947
-67.16152750046281
-67.15915260739553
-67.156774404309
-67.15439290909893
-67.15200813962544
-67.1496201137134
-67.14722884915263
-67.14483436369812
-67.14243667507033
-67.14003580095532
-67.13763175900503
-67.13522456683754
-67.13281424203721
-67.13040080215497
-67.12798426470847
-67.12556464718239
-67.12314196702854
-67.12071624166619
-67.11828748848217
-67.11585572483114
-67.11342096803573
-67.11098323538677
-67.10854254414352
-67.10609891153386
-67.10365235475452
-67.10120289097121
-67.09875053731888
-67.09629531090191
-67.09383722879424
-67.09137630803961
-67.08891256565173
-67.08644601861442
-67.0839766838819
-67.08150457837885
-67.07902971900064
-67.07655212261353
-67.07407180605479
-67.07158878613288
-67.06910307962767
-67.06661470329054
-67.0641236738446
-67.06163000798483
-67.0505630359182
-67.03430109897951
-67.01427770753176
-66.99133320165316
-66.9660591625819
-66.93890759580287
-66.91023778582755
-66.88034224131543
-66.84946327616906
-66.81780437134988
-66.78553826743405
-66.75281289026205
-66.71975579338319
-66.6864775606986
-66.65307446449702
-66.61963057937591
-66.58621949072781
-66.55290569547294
-66.51974576508232
-66.48678932201037
-66.45407986748526
-66.42165548929063
-66.38954947147852
-66.3577908230669
-66.32640473915397
-66.29541300515851
-66.26483435282113
-66.23468477500215
-66.20497780505265
-66.17572476555537
-66.14693499044363
-66.11861602387029
-66.09077379868394
-66.06341279694612
-66.03653619457725
-66.01014599192837
-65.98424313183313
-65.95882760630153
-65.93389855333838
-65.90945434493469
-65.8854926670538
-65.86201059235967
-65.83900464638792
-65.81647086779553
-65.79440486325996
-65.77280185748157
-65.75165673877608
-65.73096410067502
-65.71071827987313
-65.69091339084663
-65.67154335743511
-65.65260194164995
-65.63408276994704
-65.61597935717916
-65.59828512842292
-65.58099343886566
-65.56409759189296
-65.54759085553763
-65.53146647742668
-65.51571769834561
-65.50033776453185
-65.48531993879936
-65.47065751058855
-65.45634380502757
-65.44237219108433
-65.42873608888159
-65.41542897624234
-65.40244439452668
-65.38977595381725
-65.37741733750497
-65.36536230632362
-65.35360470187756
-65.34213844970348
-65.33095756190428
-65.3200561393899
-65.30942837375748
-65.29906854884075
-65.28897104195639
-65.27913032487264
-65.26954096452421
-65.26019762349517
-65.25109506029031
-65.24222812941336
-65.23359178126978
-65.22518106190981
-65.21699111262704
-65.20901716942606
-65.20125456237183
-65.19369871483286
-65.18634514262881
-65.17918945309268
-65.17222734405703
-65.16545460277268
-65.15886710476784
-65.15246081265512
-65.14623177489325
-65.14017612450981
-65.13429007779133
-65.12856993294402
-65.12301206873103
-65.1176129430913
-65.11236909174377
-65.10727712678093
-65.10233373525506
-65.09753567776033
-65.09287978701362
-65.0883629664367
-65.08398218874225
-65.07973449452571
-65.07561699086523
-65.07162684993128
-65.0677613076076
-65.06401766212501
-65.06039327270933
-65.05688555824464
-65.05349199595274
-65.05021012009001
-65.04703752066224
-65.04397184215827
-65.04101078230289
-65.03815209082977
-65.03539356827464
-65.03273306478914
-65.03016847897574
-65.02769775674378
-65.025318890187
-65.02302991648249
-65.02082891681135
-65.01871401530083
-65.01668337798814
-65.01473521180587
-65.01286776358867
-65.01107931910151
-65.00936820208901
-65.00773277334575
-65.00617142980758
-65.00468260366338
-65.0032647614873
-65.00191640339112
-65.00063606219646
-64.9994223026266
-64.99827372051766
-64.99718894204871
-64.99616662299066
-64.99520544797352
-64.99430412977169
-64.99346140860705
-64.9926760514694
-64.9919468514541
-64.99127262711636
-64.99065222184196
-64.99008450323413
-64.98956836251612
-64.98910271394924
-64.98868649426585
-64.98831866211728
-64.9879981975361
-64.98772410141247
-64.98749539498426
-64.98731111934069
-64.98717033493902
-64.98707212113413
-64.98701557572058
-64.98699981448692
-64.9870239707819
-64.98708719509223
-64.98718865463174
-64.98732753294155
-64.98750302950099
-64.98771435934901
-64.98796075271582
-64.98824145466442
-64.98855572474186
-64.98890283663998
-64.98928207786521
-64.98969274941747
-64.9901341654776
-64.99060565310333
-64.9911065519335
-64.99163621390025
-64.99219400294895
-64.99277929476582
-64.99339147651283
-64.99402994656974
-64.99469411428325
-64.99538339972274
-64.9960972334427
-64.9968350562515
-64.99759631898644
-64.99838048229478
-64.9991870164206
-65.00001540099754
-65.00086512484683
-65.00173568578089
-65.00262659041209
-65.0035373539666
-65.00446750010315
-65.00541656073659
-65.00638407586612
-65.00736959340801
-65.00837266903277
-65.00939286600646
-65.01042975503628
-65.01148291412007
-65.01255192839976
-65.01363639001862
-65.01473589798216
-65.0158500580226
-65.01697848246678
-65.01812079010759
-65.01927660607845
-65.02044556173108
-65.0216272945164
-65.02282144786831
-65.02402767109042
-65.02524561924564
-65.02647495304846
-65.02771533875993
-65.02896644808516
-65.03022795807334
-65.03149955102033
-65.03278091437339
-65.03407174063835
-65.03537172728902
-65.03668057667865
-65.03799799595362
-65.03932369696909
-65.04065739620667
-65.04199881469398
-65.04334767792615
-65.04470371578904
-65.04606666248436
-65.0474362564564
-65.04881224032034
-65.0501943607925
-65.05158236862175
-65.05297601852274
-65.0543750691105
-65.0557792828365
-65.05718842592611
-65.05860226831746
-65.06002058360157
-65.0614431489638
-65.06286974512655
-65.0643001562932
-65.06573417009317
-65.06717157752817
-65.06861217291963
-65.0700557538571
-65.07150212114782
-65.07295107876719
-65.07440243381043
-65.07585599644507
-65.0773115798644
-65.07876900024189
-65.08022807668654
-65.081688631199
-65.08315048862865
-65.08461347663145
-65.0860774256286
-65.08754216876603
-65.08900754187461
-65.09047338343109
-65.09193953451987
-65.09340583879538
-65.09487214244515
-65.09633829415367
-65.09780414506672
-65.09926954875652
-65.1007343611874
-65.10219844068212
-65.10366164788871
-65.1051238457481
-65.10658489946194
-65.1080446764614
-65.1095030463762
-65.1109598810043
-65.11241505428204
-65.11386844225484
-65.11531992304836
-65.11676937684013
-65.11821668583163
-65.11966173422091
-65.12110440817558
-65.12254459580622
-65.12398218714024
-65.12541707409625
-65.12684915045861
-65.12827831185263
-65.12970445571993
-65.1311274812944
-65.1325472895783
-65.1339637833189
-65.13537686698547
-65.13678644674643
-65.13819243044708
-65.13959472758756
-65.14099324930108
-65.14238790833254
-65.1437786190175
-65.14516529726133
-65.1465478605188
-65.14792622777384
-65.14930031951972
-65.1506700577394
-65.15203536588619
-65.1533961688647
-65.15475239301205
-65.15610396607936
-65.15745081721346
-65.15879287693885
-65.16013007713993
-65.1614623510435
-65.16278963320143
-65.16411185947362
-65.16542896701112
-65.16674089423961
-65.16804758084291
-65.16934896774687
-65.17064499710342
-65.17193561227481
-65.17322075781804
-65.17450037946955
-65.17577442413008
-65.17704283984972
-65.17830557581316
-65.17956258232512
-65.18081381079597
-65.18205921372753
-65.1832987446991
-65.18453235835356
-65.18576001038379
-65.18698165751907
-65.18819725751186
-65.18940676912459
-65.19061015211663
-65.19180736723156
-65.19299837618435
-65.19418314164895
-65.19536162724586
-65.19653379752992
-65.19769961797829
-65.19885905497841
-65.20001207581635
-65.20115864866509
-65.20229874257303
-65.2034323274527
-65.20455937406945
-65.20567985403038
-65.20679373977345
-65.20790100455655
-65.20900162244689
-65.21009556831041
-65.21118281780127
-65.21226334735161
-65.21333713416132
-65.21440415618795
-65.21546439213674
-65.2165178214508
-65.21756442430133
-65.2186041815781
-65.21963707487983
-65.22066308650486
-65.22168219944184
-65.22269439736058
-65.22369966460295
-65.22469798617388
-65.22568934773261
-65.22667373558379
-65.22765113666891
-65.22862153855772
-65.22958492943972
-65.23054129811588
-65.23149063399029
-65.23243292706204
-65.23336816791708
-65.23429634772029
-65.23521745820754
-65.23613149167794
-65.23703844098601
-65.23793829953418
-65.23883106126513
-65.23971672065443
-65.24059527270306
-65.24146671293025
-65.24233103736613
-65.24318824254473
-65.24403832549685
-65.24488128374311
-65.24571711528714
-65.24654581860864
-65.24736739265674
-65.24818183684334
-65.24898915103651
-65.24978933555397
-65.25058239115668
-65.2513683190425
-65.25214712083984
-65.2529187986015
-65.25368335479851
-65.25444079231407
-65.25519111443747
-65.25593432485825
-65.25667042766025
-65.25739942731585
-65.25812132868019
-65.25883613698552
-65.25954385783561
-65.26024449720015
-65.26093806140929
-65.26162455714825
-65.26230399145189
-65.26297637169945
-65.26364170560934
-65.26430000123389
-65.26495126695424
-65.26559551147534
-65.26623274382084
-65.2668629733282
-65.2674862096438
-65.26810246271806
-65.26871174280068
-65.26931406043587
-65.26990942645777
-65.27049785198568
-65.27107934841962
-65.27165392743572
-65.2722216009818
-65.27278238127293
-65.27333628078709
-65.2738833122608
-65.27442348868492
-65.27495682330033
-65.2754833295939
-65.27600302129423
-65.27651591236764
-65.27702201701416
-65.27752134966349
-65.27801392497109
-65.27849975781433
-65.2789788632886
-65.27945125670352
-65.2799169535792
-65.28037596964248
-65.28082832082328
-65.28127402325097
-65.28171309325076
-65.28214554734015
-65.28257140222544
-65.28299067479824
-65.28340338213204
-65.28380954147882
-65.28420917026573
-65.28460228609174
-65.2849889067244
-65.28536905009656
-65.28574273430326
-65.28610997759844
-65.28647079839197
-65.28682521524647
-65.28717324687427
-65.28751491213445
-65.28785023002982
-65.28817921970396
-65.28850190043836
-65.28881829164952
-65.28912841288611
-65.2894322838262
-65.28972992427443
-65.29002135415928
-65.29030659353043
-65.290585662556
-65.29085858151993
-65.29112537081942
-65.29138605096227
-65.2916406425644
-65.29188916634727
-65.29213164313545
-65.29236809385408
-65.29259853952654
-65.29282300127196
-65.29304150030289
-65.293254057923
-65.29346069552464
-65.29366143458671
-65.29385629667226
-65.29404530342634
-65.29422847657378
-65.294405837917
-65.29457740933385
-65.29474321277554
-65.29490327026446
-65.29505760389215
-65.29520623581725
-65.2953491882635
-65.2954864835177
-65.29561814392778
-65.29574419190077
-65.29586464990096
-65.295979540448
-65.29608888611496
-65.29619270952651
-65.29629103335711
-65.29638388032915
-65.29647127321124
-65.29655323481637
-65.29662978800023
-65.29670095565943
-65.29676676072987
-65.29682722618503
-65.2968823750343
-65.29693223032139
-65.29697681512269
-65.29701615254568
-65.29705026572736
-65.29707917783271
-65.29710291205315
-65.29712149160501
-65.2971349397281
-65.29714327968414
-65.2971465347554
-65.29714472824324
-65.29713788346663
-65.29712602376088
-65.29710917247613
-65.29708735297605
-65.29706058863651
-65.29702890284425
-65.29699231899554
-65.29695086049492
-65.29690455075391
-65.29685341318978
-65.29679747122428
-65.29673674828244
-65.29667126779135
-65.29660105317897
-65.296526127873
-65.29644651529964
-65.29636223888251
-65.29627332204153
-65.29617978819176
-65.29608166074236
-65.29597896309545
-65.2958717186451
-65.29575995077627
-65.29564368286373
-65.29552293827108
-65.29539774034974
-65.29526811243795
-65.29513407785977
-65.29499565992415
-65.29485288192397
-65.29470576713508
-65.2945543388154
-65.29439862020398
-65.29423863452013
-65.29407440496253
-65.29390595470836
-65.29373330691243
-65.29355648470633
-65.2933755111976
-65.2931904094689
-65.29300120257724
-65.29280791355312
-65.2926105653998
-65.29240918109248
-65.29220378357756
-65.29199439577191
-65.29178104056206
-65.29156374080357
-65.29134251932022
-65.29111739890338
-65.29088840231124
-65.29065555226819
-65.29041887146411
-65.29017838255372
-65.28993410815592
-65.28968607085316
-65.28943429319088
-65.28917879767683
-65.28891960678044
-65.2886567429323
-65.28839022852347
-65.28812008590491
-65.28784633738694
-65.28756900523861
-65.28728811168719
-65.2870036789176
-65.28671572907189
-65.28642428424865
-65.2861293665026
-65.28583099784399
-65.28552920023809
-65.28522399560478
-65.28491540581803
-65.28460345270534
-65.28428815804743
-65.28396954357765
-65.2836476309816
-65.28332244189666
-65.28299399791153
-65.28266232056589
-65.28232743134988
-65.28198935170376
-65.28164810301747
-65.28130370663025
-65.28095618383026
-65.28060555585414
-65.28025184388673
-65.27989506906064
-65.27953525245591
-65.27917241509965
-65.27880657796568
-65.27843776197425
-65.27806598799162
-65.27769127682983
-65.2773136492463
-65.27693312594356
-65.27654972756893
-65.27616347471425
-65.27577438791556
-65.2753824876528
-65.27498779434957
-65.27459032837281
-65.27419011003256
-65.27378715958173
-65.27338149721578
-65.27297314307249
-65.27256211723174
-65.27214843971525
-65.27173213048634
-65.27131320944974
-65.27089169645132
-65.2704676112779
-65.27004097365705
-65.26961180325684
-65.26918011968567
-65.26874594249212
-65.26830929116464
-65.2678701851315
-65.26742864376051
-65.2669846863589
-65.2665383321731
-65.26608960038865
-65.26563851012997
-65.26518508046023
-65.2647293303812
-65.26427127883309
-65.26381094469446
-65.26334834678197
-65.26288350385039
-65.26241643459235
-65.26194715763829
-65.2614756915563
-65.26100205485203
-65.26052626596855
-65.2600483432863
-65.25956830512288
-65.25908616973308
-65.25860195530868
-65.25811567997842
-65.25762736180788
-65.2571370187994
-65.25664466889204
-65.25615032996143
-65.25565401981977
-65.25515575621571
-65.25465555683431
-65.25415343929699
-65.25364942116141
-65.25314351992152
-65.2526357530074
-65.25212613778525
-65.25161469155742
-65.25110143156225
-65.25058637497408
-65.25006953890326
-65.24955094039606
-65.24903059643465
-65.2485085239371
-65.24798473975734
-65.24745926068513
-65.24693210344608
-65.2464032847016
-65.23753434434596
-65.22361151290346
-65.20603040294274
-65.18560984611725
-65.16292661568299
-65.1384215465225
-65.11244510099654
-65.085282620975
-65.05717047804694
-65.02830714637803
-64.99886109272758
-64.96897655551538
-64.9387778782945
-64.90837282946725
-64.8778551958853
-64.84730684577364
-64.81679939621893
-64.78639558049807
-64.75615038357455
-64.72611199562891
-64.69632262064441
-64.6668191680119
-64.63763384842377
-64.6087946907942
-64.580325993288
-64.55224871888834
-64.52458084389698
-64.49733766621543
-64.47053207905755
-64.44417481475229
-64.41827466254851
-64.39283866369165
-64.36787228655899
-64.34337958422351
-64.31936333631201
-64.29582517707948
-64.27276571140263
-64.25018461988812
-64.22808075418044
-64.20645222345512
-64.18529647298178
-64.16461035554309
-64.14439019640764
-64.12463185247574
-64.10533076614934
-64.08648201441693
-64.06808035359258
-64.05012026010183
-64.03259596766789
-64.01550150121584
-63.99883070778102
-63.982577284680126
-63.96673480517923
-63.95129674187088
-63.93625648795286
-63.921607376583864
-63.90734269847542
-63.89345571786551
-63.87993968700658
-63.86678785928916
-63.853993501112065
-63.841549902600754
-63.82945038726699
-63.81768832069525
-63.80625711833432
-63.795150252466264
-63.784361258418976
-63.7738837400835
-63.76371137479217
-63.75383791760954
-63.74425720508368
-63.73496315850207
-63.7259497866926
-63.71721118840733
-63.70874155432356
-63.700535168694266
-63.69258641067756
-63.68488975537235
-63.67743977458564
-63.67023113735484
-63.663258610246565
-63.6565170574521
-63.65000144069791
-63.643706818988306
-63.63762834819713
-63.63176128052278
-63.626100963816526
-63.620642840799555
-63.615382448180505
-63.61031541568893
-63.605437465022334
-63.60074440872308
-63.596232148995696
-63.59189667646909
-63.587734068913
-63.583740489914234
-63.57991218751844
-63.57624549284311
-63.57273681866679
-63.569382657999554
-63.566179582638796
-63.56312424171414
-63.560213360225134
-63.55744373757513
-63.55481224610445
-63.55231582962558
-63.549951501962774
-63.54771634549841
-63.545607509728065
-63.54362220982628
-63.54175772522464
-63.54001139820365
-63.53838063249984
-63.53686289192919
-63.535455699028006
-63.534156633712044
-63.532963331954875
-63.53187348448607
-63.53088483550988
-63.52999518144491
-63.529202369685244
-63.528504297383336
-63.527898910254976
-63.52738420140657
-63.526958210184866
-63.52661902104922
-63.52636476246653
-63.52619360582874
-63.52610376439296
-63.526093492244094
-63.526161083279916
-63.52630487021834
-63.526523223626874
-63.526814550973945
-63.52717729570191
-63.52760993632156
-63.5281109855278
-63.52867898933626
-63.529312526240524
-63.53001020638977
-63.53077067078635
-63.53159259050318
-63.532474665920375
-63.533415625981085
-63.53441422746593
-63.53546925428583
-63.53657951679286
-63.537743851108786
-63.538961118470816
-63.54023020459444
-63.54155001905273
-63.54291949467201
-63.54433758694334
-63.54580327344957
-63.54731555330758
-63.54887344662537
-63.55047599397369
-63.55212225587178
-63.55381131228696
-63.55554226214773
-63.55731422287006
-63.55912632989647
-63.56097773624768
-63.562867612086464
-63.56479514429343
-63.56675953605436
-63.56876000645891
-63.570795790110274
-63.5728661367456
-63.57497031086685
-63.57710759138182
-63.57927727125503
-63.58147865716833
-63.58371106919077
-63.585973840457655
-63.588266316858466
-63.59058785673336
-63.59293783057814
-63.59531562075729
-63.597720621225015
-63.600152237253965
-63.60260988517141
-63.605092992102776
-63.607600995722215
-63.61013334401002
-63.61268949501681
-63.6152689166341
-63.61787108637128
-63.62049549113862
-63.62314162704053
-63.625808999164846
-63.628497121383674
-63.63120551615962
-63.633933714357084
-63.63668125505862
-63.63944768538621
-63.64223256032741
-63.64503544256616
-63.64785590231818
-63.65069351717072
-63.65354787192672
-63.65641855845302
-63.65930517553271
-63.6622073287222
-63.66512463021147
-63.66805669868671
-63.6710031591975
-63.67396364302772
-63.676937787569855
-63.67992523620252
-63.68292563817117
-63.68593864847195
-63.68896392773846
-63.69200114213152
-63.69504996323165
-63.698110067934415
-63.70118113834834
-63.704262861695426
-63.70735493021423
-63.7104570410653
-63.713568896239
-63.71669020246569
-63.71982067112802
-63.72296001817547
-63.72610796404094
-63.729264233559434
-63.73242855588862
-63.7356006644314
-63.738780296760346
-63.74196719454382
-63.745161103474004
-63.74836177319655
-63.75156895724188
-63.75478241295813
-63.75800190144563
-63.7612271874929
-63.76445803951414
-63.767694229488114
-63.770935532898484
-63.774181728675735
-63.77743259914098
-63.78068792994979
-63.78394751003734
-63.78721113156485
-63.79047858986746
-63.79374968340311
-63.79702421370256
-63.800301985320466
-63.803582805787535
-63.80686648556367
-63.810152837992185
-63.813441679255
-63.816732828328654
-63.82002610694132
-63.82332133953062
-63.826618353202335
-63.82991697768996
-63.833217045315045
-63.83651839094835
-63.839820851971766
-63.84312426824099
-63.84642848204892
-63.849733338089784
-63.853038683423925
-63.856344367443306
-63.859650241837656
-63.862956160561275
-63.86626197980041
-63.86956755794128
-63.87287275553863
-63.876177435284916
-63.87948146198001
-63.88278470250149
-63.8860870257754
-63.88938830274764
-63.89268840635574
-63.89598721150121
-63.89928459502236
-63.90258043566757
-63.90587461406904
-63.909167012716985
-63.91245751593426
-63.915746009851446
-63.919032382382326
-63.92231652319976
-63.92559832371198
-63.92887767703922
-63.93215447799079
-63.93542862304251
-63.938700010314435
-63.94196853954903
-63.945234112089636
-63.94849663085928
-63.951756000339856
-63.95501212655155
-63.958264917032686
-63.96151428081979
-63.96476012842802
-63.96800237183185
-63.9712409244461
-63.97447570110717
-63.97770661805464
-63.98093359291307
-63.984156544674136
-63.98737539367895
-63.99059006160071
-63.99380047142756
-63.997006547445714
-64.00020821522281
-64.00340540159151
-64.00659803463336
-64.00978604366279
-64.01296935921145
-64.0161479130127
-64.01932163798628
-64.02249046822327
-64.02565433897124
-64.0288131866195
-64.03196694868473
-64.03511556379662
-64.03825897168387
-64.04139711316022
-64.04452993011076
-64.04765736547847
-64.05077936325081
-64.05389586844655
-64.05700682710278
-64.06011218626212
-64.06321189396002
-64.06630589921225
-64.06939415200262
-64.07247660327073
-64.07555320490002
-64.07862390970585
-64.08168867142383
-64.08474744469821
-64.08780018507046
-64.09084684896804
-64.0938873936932
-64.09692177741202
-64.09994995914359
-64.10297189874917
-64.10598755692173
-64.10899689517542
-64.11199987583524
-64.11499646202684
-64.11798661766643
-64.12097030745085
-64.1239474968477
-64.12691815208565
-64.12988224014477
-64.13283972874714
-64.13579058634744
-64.13873478212365
-64.14167228596794
-64.14460306847766
-64.14752710094635
-64.15044435535494
-64.15335480436303
-64.15625842130034
-64.15915518015802
-64.16204505558048
-64.16492802285686
-64.16780405791293
-64.17067313730297
-64.17353523820171
-64.1763903383964
-64.17923841627902
-64.18207945083849
-64.18491342165302
-64.18774030888257
-64.19056009326134
-64.19337275609041
-64.19617827923041
-64.1989766450943
-64.20176783664026
-64.20455183736459
-64.20732863129477
-64.21009820298256
-64.21286053749719
-64.21561562041859
-64.2183634378308
-64.22110397631532
-64.22383722294462
-64.22656316527579
-64.22928179134402
-64.23199308965648
-64.23469704918601
-64.237393659365
-64.24008291007934
-64.24276479166237
-64.245439294889
-64.2481064109698
-64.25076613154523
-64.25341844867991
-64.2560633548569
-64.25870084297216
-64.26133090632896
-64.26395353863242
-64.26656873398412
-64.26917648687669
-64.27177679218856
-64.27436964517874
-64.27695504148156
-64.27953297710165
-64.28210344840886
-64.28466645213321
-64.28722198535999
-64.28977004552488
-64.29231063040906
-64.29484373813452
-64.29736936715925
-64.29988751627262
-64.30239818459076
-64.30490137155195
-64.3073970769122
-64.30988530074067
-64.31236604341537
-64.31483930561875
-64.31730508833346
-64.31976339283807
-64.32221422070286
-64.32465757378561
-64.3270934542275
-64.32952186444898
-64.33194280714581
-64.33435628528504
-64.33676230210102
-64.33916086109157
-64.34155196601412
-64.3439356208819
-64.34631182996011
-64.34868059776235
-64.35104192904681
-64.35339582881271
-64.35574230229665
-64.35808135496913
-64.360412992531
-64.36273722090996
-64.36505404625723
-64.36736347494401
-64.36966551355829
-64.3719601689014
-64.37424744798481
-64.37652735802689
-64.37879990644964
-64.38106510087563
-64.38332294912477
-64.38557345921132
-64.3878166393407
-64.3900524979066
-64.39228104348791
-64.39450228484583
-64.39671623092087
-64.39892289083002
-64.40112227386389
-64.40331438948391
-64.40549924731947
-64.40767685716526
-64.40984722897848
-64.41201037287617
-64.41416629913257
-64.41631501817646
-64.41845654058856
-64.42059087709902
-64.42271803858476
-64.4248380360671
-64.42695088070921
-64.42905658381363
-64.43115515681993
-64.43324661130222
-64.43533095896689
-64.43740821165015
-64.43947838131585
-64.44154148005306
-64.44359752007395
-64.44564651371144
-64.44768847341705
-64.4497234117587
-64.45175134141853
-64.45377227519081
-64.45578622597986
-64.45779320679794
-64.45979323076324
-64.4617863110978
-64.46377246112556
-64.46575169427038
-64.46772402405395
-64.46968946409392
-64.471648028102
-64.47359972988215
-64.47554458332873
-64.47748260242456
-64.4794138012392
-64.48133819392707
-64.48325579472572
-64.48516661795404
-64.48707067801053
-64.48896798937162
-64.49085856658994
-64.49274242429262
-64.49461957717973
-64.49649004002255
-64.498353827662
-64.50021095500706
-64.50206143703313
-64.50390528878025
-64.50574252535192
-64.50757316191361
-64.5093972136912
-64.51121469596946
-64.51302562409057
-64.51483001345275
-64.51662787950876
-64.51841923776453
-64.52020410377776
-64.5219824931565
-64.52375442155788
-64.52551990468672
-64.52727895829418
-64.5290315981765
-64.53077784017371
-64.53251770016834
-64.53425119408415
-64.53597833788491
-64.53769914757318
-64.53941363918905
-64.5411218288089
-64.54282373254426
-64.54451936654075
-64.54620874697686
-64.54789189006283
-64.54956881203955
-64.55123952917742
-64.55290405777528
-64.5545624141593
-64.55621461468196
-64.55786067572093
-64.55950061367813
-64.56113444497859
-64.56276218606956
-64.56438385341941
-64.56599946351672
-64.56760903286924
-64.569212578003
-64.57081011546133
-64.57240166180391
-64.57398723360588
-64.57556684745693
-64.57714051996037
-64.57870826773228
-64.58027010740064
-64.58182605560441
-64.58337612899277
-64.5849203442242
-64.5864587179657
-64.58799126689196
-64.58951800768457
-64.59103895703119
-64.5925541316248
-64.5940635481629
-64.59556722334679
-64.59706517388078
-64.59855741647146
-64.60004396782699
-64.60152484465634
-64.60300006366857
-64.60446964157224
-64.60593359507455
-64.60739194088079
-64.60884469569362
-64.61029187621241
-64.61173349913258
-64.61316958114499
-64.61460013893523
-64.61602518918308
-64.61744474856187
-64.61885883373782
-64.6202674613695
-64.62167064810723
-64.62306841059248
-64.62446076545729
-64.62584772932364
-64.62722931880296
-64.62860555049558
-64.62997644099015
