-65.0
-64.70878992666935
-64.41888247135992
-64.13026776985393
-63.84293736253392
-63.55688272228077
-63.27209522024367
-62.98856652536417
-62.70628844376686
-62.42525148168338
-62.14544639723482
-61.866864112632925
-61.5894946232882
-61.31332688166973
-61.03835007427748
-60.76455354214003
-60.49192382626596
-60.220447292679154
-59.950110571213905
-59.6808995714395
-59.41279614640893
-59.14578264806154
-58.87984175786862
-58.6149530207281
-58.35109204232049
-58.08823508328378
-57.82635884212821
-57.56543284997848
-57.305423391344846
-57.046297631383624
-56.78802332641129
-56.53055479450566
-56.27384451317707
-56.01784615079769
-55.76251416707915
-55.50778031010571
-55.25357665498231
-54.999836865952496
-54.746495603911775
-54.493451534662604
-54.240606532843756
-53.987864501472686
-53.735128132399225
-53.48225011044082
-53.2290872039734
-52.97549851960709
-52.72133723261781
-52.466387331903505
-52.21043740446573
-51.9532779891729
-51.69468058095067
-51.434324725818534
-51.17189350922823
-50.90706943226409
-50.63947793953387
-50.36863492314966
-50.09405403018876
-49.81523997600592
-49.531535176499474
-49.24218656566969
-48.946420213995424
-48.643373946910174
-48.33186780372366
-48.01067158169889
-47.67848173192455
-47.33343395416364
-46.97352283729133
-46.59652650491524
-46.199345545590596
-45.778574243755514
-45.32989622500109
-44.84791365288442
-44.32603651039653
-43.755545882597566
-43.125377123450846
-42.420981640876526
-41.62230926539145
-40.70218895512555
-39.6223827193523
-38.327521264690255
-36.73583652066413
-34.72397454928535
-32.10480656674701
-28.60602080315243
-23.89549621083114
-17.82044015359269
-11.053322579949551
-5.354630756057165
-1.973879390957113
-0.5053962283057669
0.007343088020644761
0.16670247768045424
0.2165712459733512
0.23575602834994147
0.24695232181078697
0.2564211971114867
0.26591752526657997
0.2759714262088026
0.2867667987479837
0.2983814077721281
0.31085685481524145
0.32422115038712085
0.33849689559758933
0.3537045281634088
0.3698636214109953
0.38699330629219436
0.40511225309600796
0.424238413164814
0.44438862163043585
0.4655781162700466
0.4878200049016268
0.5111247021464654
0.5354993504699301
0.5609472375486881
0.587467220837574
0.6150531699627332
0.6436934377970679
0.6733703714896329
0.7040598751231296
0.7357310359179575
0.7683458258779398
0.8018588903996932
0.8362174345865246
0.8713612167840656
0.90722265717796
0.9437270671777203
0.9807930027949021
1.0183327423719526
1.0562511756447486
1.0944471729968772
1.1328166907626058
1.1712531338283267
1.2096480565140417
1.2478920639814421
1.2858758294495969
1.2536989402951026
1.195310242733122
1.1221416822125754
1.0394433588388248
0.9502795741961729
0.8566203392480694
0.7598068183869067
0.6607950482291618
0.5602955094273491
0.45885475083110305
0.3569104225223684
0.25482432572394176
0.15290319046201634
0.051411846096464625
-0.04941773667258664
-0.14938159276789742
-0.24829859419614198
-0.3460061580960278
-0.4423592992461463
-0.5372302367974904
-0.6305059518064906
-0.722087530068855
-0.8118894995593315
-0.8998406074147999
-0.9858819637937142
-1.0699646394224172
-1.152051855927241
-1.2321148093667347
-1.310132554939066
-1.3860920739470441
-1.4599878595382583
-1.5318213338393698
-1.6016003235338894
-1.6693387956014833
-1.7350554887313296
-1.798773326020885
-1.8605189617160658
-1.920322380233798
-1.9782163228093945
-2.0342358330708747
-2.088418965589417
-2.140805132722616
-2.1914358586889495
-2.2403524309446805
-2.2875960308686443
-2.3332078566275274
-2.377229169264108
-2.419701173778138
-2.4606648796908277
-2.5001609809677916
-2.538229772329103
-2.574911149977343
-2.6102443262193473
-2.644267767785778
-2.6770191576100233
-2.7085355256052845
-2.7388531063676163
-2.768007074191661
-2.796031613754418
-2.8229599860154764
-2.84882452966029
-2.8736566592865103
-2.897486870154249
-2.920344747269113
-2.9422589772524463
-2.963257362425156
-2.9833668436722975
-3.002613518864486
-3.0210227310502664
-3.0386194157303663
-3.0554272860662244
-3.0714691845388558
-3.086767174382844
-3.1013425873582685
-3.1152160579356463
-3.128407551226276
-3.1409363875240226
-3.1528212648656804
-3.1640802803568926
-3.174730950665108
-3.184790232051046
-3.1942745396859538
-3.20319976661388
-3.2115813023554036
-3.2194340501204324
-3.2267724442080716
-3.2336104669789525
-3.2399616667615687
-3.24583918816455
-3.251255766144068
-3.256223738853106
-3.26075506415407
-3.2648613355809344
-3.2685537970996994
-3.27184335676205
-3.2747405994445473
-3.2772557988355513
-3.2793989287884835
-3.2811796741251102
-3.2826074409478307
-3.283691366503564
-3.2844403286309807
-3.2848629548159187
-3.28496763087534
-3.284762509287326
-3.284255517182766
-3.2834543640131604
-3.282366548908098
-3.280999367735361
-3.2793599198760734
-3.2774551147269166
-3.2752916779409884
-3.2728761574185197
-3.2702149290582807
-3.2673142022801036
-3.2641800253285824
-3.2608182903676264
-3.257234738375131
-3.2534349638467033
-3.2494244193169335
-3.2452084197064277
-3.240792146502346
-3.236180651779952
-3.2313788620722703
-3.226391582094622
-3.2212234983305437
-3.215879182485249
-3.21036309481249
-3.2046795873204497
-3.19883290686197
-3.1928271981142013
-3.1866665064525117
-3.1803547807232286
-3.1738958759196234
-3.1672935557652773
-3.160551495208796
-3.1536732828336653
-3.14666242495993
-3.139522352198688
-3.1322564135541637
-3.124867877700713
-3.1173599363468285
-3.1097357069757576
-3.1019982346052624
-3.0941504940018865
-3.0861953917506018
-3.078135768153438
-3.069974398998261
-3.061713997229917
-3.0533572145448025
-3.0449066429225446
-3.036364816103895
-3.027734211020868
-3.019017249183271
-3.010216298024705
-3.00133367221016
-2.9923716349070033
-2.9833325465823615
-2.9742186250870977
-2.965031991495557
-2.9557747054818115
-2.9464487759674847
-2.9370561661901498
-2.9275987966139505
-2.918078546770565
-2.908497256526072
-2.8988567270419683
-2.889158721575712
-2.879404966177915
-2.8695971503458066
-2.8597369276685503
-2.8498259164778825
-2.839865700506622
-2.829857829553815
-2.8198038201539646
-2.8097051562476527
-2.799563289851042
-2.7893796417217884
-2.779155602019514
-2.7688925309589236
-2.7585917594543305
-2.7482545897543558
-2.737882296065932
-2.727476125167032
-2.717037297007534
-2.7065670052980497
-2.696066418737579
-2.6855366825002682
-2.6749789172374405
-2.6643942189330643
-2.65378365937447
-2.6431482868334313
-2.6324891267603734
-2.6218071824291465
-2.6111034361587007
-2.600378858957263
-2.5896344379090057
-2.578871120696389
-2.568089817062552
-2.5572914096094395
-2.5464767587034203
-2.5356467049609455
-2.524802070684909
-2.513943660769926
-2.5030722633127582
-2.492188651091165
-2.481293581177508
-2.470387794656943
-2.4594720168103366
-2.448546957473813
-2.4376133114186573
-2.426671758707995
-2.4157229650261707
-2.4047675819865977
-2.393806247424013
-2.3828395856758324
-2.371868207855655
-2.360892712120808
-2.3499136839349775
-2.3389316963265503
-2.3279473202451704
-2.316961112179854
-2.3059736124438674
-2.2949853471748196
-2.283996829907406
-2.2730085625809306
-2.2620210361965265
-2.251034731269397
-2.240050118160302
-2.229067657335966
-2.218087799587812
-2.207110986226687
-2.1961376492641143
-2.185168211586104
-2.174203087122921
-2.1632426810166243
-2.152287389787164
-2.1413376014972525
-2.1303936959160934
-2.1194560446816335
-2.108525011461192
-2.0976009521102106
-2.0866842148288325
-2.0757751403161806
-2.0648740619221484
-2.0539813057965945
-2.043097191035815
-2.0322220298262863
-2.021356127585612
-2.010499783661899
-1.9996532917143146
-1.9888169432065192
-1.977991123540879
-1.9671761259188734
-1.9563722169482798
-1.9455796500893543
-1.9347986705854514
-1.9240295845510718
-1.9132726749870417
-1.9025281907714675
-1.8917963593338158
-1.8810773954837525
-1.8703715064051156
-1.8596788943222295
-1.8489997578399153
-1.8383342925420885
-1.8276826911870356
-1.8170451436947153
-1.8064218370383558
-1.7958129551035387
-1.7852186785487636
-1.7746391846858858
-1.7640746473869828
-1.7535252370166725
-1.742991120387896
-1.7324724607391084
-1.7219694177304945
-1.7114821474562887
-1.7010108024702668
-1.6905555318216208
-1.680116481098817
-1.669693792486102
-1.6592876048293046
-1.6488980536970432
-1.638525271420472
-1.62816938713625
-1.6178305268456794
-1.6075088134792084
-1.5972043669602907
-1.5869173042673346
-1.5766477394939087
-1.5663957839073772
-1.5561615460062226
-1.5459451315760502
-1.535746643744322
-1.5255661830144376
-1.5154038492363795
-1.5052597397641196
-1.4951339488075301
-1.4850265678677737
-1.4749376861887142
-1.464867390488863
-1.4548157651568343
-1.4447828923508772
-1.4347688573824577
-1.424773753769334
-1.4147976619964817
-1.4048406559448592
-1.3949028057007558
-1.3849841787453185
-1.375084840521804
-1.3652048547188096
-1.3553442834086658
-1.3455031881336712
-1.3356816310246078
-1.3258796719124213
-1.3160973680476844
-1.3063347743801348
-1.2965919437261977
-1.2868689270200138
-1.2771657735235293
-1.2674825309595537
-1.25781924558634
-1.2481759622378985
-1.2385527243469259
-1.228949573960054
-1.2193665517505228
-1.2098036970331718
-1.2002610477828006
-1.1907386406503828
-1.1812365109771896
-1.17175469280901
-1.1622932189118123
-1.1528521207890297
-1.1434314287002094
-1.1340311716805669
-1.1246513775610587
-1.1152920729886802
-1.1059532834467412
-1.0966350332750314
-1.08733734568972
-1.0780602428029364
-1.0688037456420783
-1.0595678741687053
-1.0503526472970992
-1.0411580829124545
-1.0319841978887152
-1.0228310081060448
-1.0136985284679518
-1.0045867729180962
-0.9954957544567183
-0.9864255049898621
-0.9773760587612714
-0.968347428450517
-0.9593396208043043
-0.9503526401230398
-0.9413864895391675
-0.9324411715771915
-0.9235166883914784
-0.914613041765752
-0.9057302331250623
-0.896868263550673
-0.8880271337592024
-0.8792068441701228
-0.8704073973795738
-0.8616287946143255
-0.8528710355183008
-0.8441341186051424
-0.8354180415133494
-0.8267228011436935
-0.8180483937341183
-0.8093948149006494
-0.8007620596595992
-0.792150122439832
-0.7835589970899687
-0.7749886768834992
-0.7664391545231848
-0.7579104221456902
-0.7494024713266378
-0.7409152931162901
-0.7324488780675062
-0.7240032162332611
-0.7155782971523157
-0.7071741098378547
-0.6987906427733102
-0.6904278839145921
-0.6820858206964623
-0.6737644400413959
-0.6654637283695651
-0.6571836716091409
-0.648924255206688
-0.6406854641371496
-0.632467282913596
-0.6242696955962809
-0.6160926944280313
-0.6079362777302405
-0.5998004363233365
-0.5916851558152865
-0.5835904188277733
-0.5755162063262736
-0.5674624983593723
-0.5594292744566305
-0.551416513832803
-0.5434241954831226
-0.5354522982193418
-0.5275008006739182
-0.519569681289306
-0.5116589183010664
-0.503768489720025
-0.495898373316023
-0.4880485466039797
-0.4802189868331008
-0.47240967097873204
-0.4646205757473111
-0.456851677578867
-0.44910295264114647
-0.44137437682210456
-0.4336659257250851
-0.42597757466735153
-0.41830929868131383
-0.41066107251730793
-0.403032870647429
-0.39542466726977227
-0.3878364363130389
-0.3802681514410953
-0.3727197860575875
-0.36519131331052734
-0.35768270609672176
-0.35019393706615537
-0.3427249786263024
-0.3352758026319135
-0.3278463804784254
-0.32043668334550407
-0.3130466822995689
-0.30567634830492774
-0.298325652203979
-0.2909945666061971
-0.28368306516817066
-0.27639111936308763
-0.26911869963930873
-0.26186577591616855
-0.25463231766521643
-0.24741829396346157
-0.24022367371218278
-0.23304842572641898
-0.2258925187467922
-0.21875592142639763
-0.21163860231397927
-0.20454052983942483
-0.19746167230282416
-0.19040199786684833
-0.1833614745518457
-0.17634007023300521
-0.16933775263906525
-0.16235448935216656
-0.15539024780847308
-0.14844499529944594
-0.14151869897344405
-0.1346113258376637
-0.12772284276020796
-0.12085321647228357
-0.11400241357052382
-0.10717040051927548
-0.10035714365297202
-0.09356260917850705
-0.08678676317751459
-0.08002957160878596
-0.07329100031053624
-0.06657101500276578
-0.059869581289497736
-0.05318666466109169
-0.04652223049645017
-0.03987624406528196
-0.03324867053030098
-0.026639474949405818
-0.020048621611883338
-0.013476074582393225
-0.006921797983831904
-0.0003857560383329628
0.006132086903701685
0.012631758548377784
0.01911329224521442
0.025576723395029817
0.03202208801170208
0.03844942236230822
0.044858762814773974
0.051250145770351446
0.05762360763702562
0.06397918479462239
0.070316913583782
0.07663683033047805
0.08293897137436751
0.0892233730885225
0.09549007189091648
0.10173910425047064
0.10797050668998544
0.11418431578718236
0.1203805681748757
0.12655930054041334
0.13272054962481702
0.13886435222161753
0.14499074517560503
0.1510997653813702
0.1571914497819324
0.16326583536721587
0.16932295917256124
0.17536285827724016
0.18138556980294085
0.187391130912246
0.19337957880722872
0.19935095072792058
0.20530528432585674
0.21124261761787652
0.21716298851926136
0.22306643478031055
0.22895299398513402
0.2348227035023923
0.24067560057565782
0.24651172242155558
0.2523311062886418
0.25813378948288757
0.26391980937413817
0.2696892033934128
0.27544200902665766
0.2811782638075825
0.2868980053107006
0.2926012715460807
0.2982881013281276
0.30395853329050415
0.30961260575744975
0.315250356815168
0.32087182439549156
0.3264770463382214
0.33206606043222964
0.3376389044408556
0.3431956161167667
0.34873623320995817
0.35426079347151607
0.35976933465481326
0.3652618945152151
0.37073851080898884
0.3761992212918224
0.3816440637172467
0.38707307583502637
0.3924862953896511
0.3978837601189197
0.40326550775267994
0.4086315760116336
0.41398200260627505
0.4193168252359185
0.42463608158776894
0.4299398092972619
0.4352280459156462
0.44050082894931913
0.44575819589288346
0.45100018424319865
0.4562268315020906
0.4614381751742043
0.46663425276330994
0.47181510176841396
0.4769807596802066
0.4821312639779771
0.48726665212698234
0.4923869615762062
0.4974922297564717
0.5025824940788167
0.5076577919330727
0.5127181606866034
0.5177636376832033
0.5227942602420647
0.5278100656568357
0.5328110912689931
0.5377973756160993
0.5427689567996691
0.5477258725038147
0.5526681601473783
0.5575958569844035
0.562509000163105
0.5674076267600016
0.5722917737993893
0.5771614782640252
0.5820167771005327
0.5868577072216844
0.5916843055068765
0.5964966088016238
0.601294653916553
0.6060784776261808
0.6108481166676832
0.6156036077396875
0.6203449875011688
0.6250722925704639
0.6297855595243863
0.6344848248974329
0.6391701251810917
0.643841496823212
0.6484989762274413
0.6531425997527052
0.6577724037127253
0.6623884243755729
0.6669906979632418
0.6715792661871615
0.6761541727124596
0.6807154581237056
0.6852631608420757
0.6897973180181749
0.694317966080764
0.6988251410545827
0.7033188787409743
0.7077992148179783
0.7122661848931755
0.7167198245290547
0.721160169252749
0.7255872545572444
0.7300011158983029
0.7344017886895693
0.7387893082972514
0.7431637099758953
0.7475250286648125
0.7518732991545466
0.7562085561992032
0.7605308345529453
0.764840168971247
0.7691365942007333
0.7734201449672039
0.7776908559650466
0.7819487618487522
0.7861938972264441
0.7904262965610133
0.7946459941520249
0.7988530242293127
0.8030474209941951
0.8072292186261371
0.811398451277996
0.8155551530691139
0.8196993580790182
0.8238311003423053
0.8279504138446941
0.8320573325200272
0.8361518902480317
0.8402341208526536
0.8443040593255712
0.8483617411728099
0.8524072008354946
0.8564404722466255
0.8604615890741609
0.8644705848267346
0.8684674929059757
0.872452346633836
0.8764251792666835
0.8803860240020618
0.8843349139813549
0.8882718822902638
0.8921969619581488
0.8961101859568869
0.900011587199598
0.9039011985394189
0.9077790527684141
0.911645182616668
0.9154996207515412
0.9193423995565024
0.9231735510860929
0.9269931073154457
0.9308011002347734
0.934597561862578
0.9383825242336582
0.9421560193825671
0.945918079328694
0.9496687360642655
0.9534080215450895
0.9571359676835611
0.9608526063434156
0.9645579693357803
0.9682520884162276
0.9719349952825561
0.9756067215731189
0.9792672988655546
0.982916758675825
0.9865551324574708
0.9901824516010448
0.9937987474336608
0.9974040512186424
1.0009983941552323
1.0045818089057807
1.0081543309425374
1.011715992526124
1.0152668250519197
1.018806859533021
1.0223361267750022
1.0258546574580003
1.0293624821777432
1.0328596314654068
1.0363461357960837
1.0398220255911488
1.0432873312175173
1.0467420829153633
1.050186310506035
1.053620043746322
1.0570433124180778
1.0604561463236721
1.0638585752658851
1.0672506290297321
1.0706323373684679
1.074003729993221
1.0773648365653763
1.0807156866910208
1.0840563099169078
1.0873867357275342
1.0907069935430522
1.0940171127177898
1.0973171222796727
1.1006070507437553
1.1038869266064453
1.107156778439137
1.1104166348760447
1.1136665245856903
1.1169064762452854
1.1201365185208516
1.123356680052409
1.1265669894430932
1.1297674752511928
1.1329581659843184
1.1361390900951238
1.1393102759781775
1.1424717519676544
1.145623546335643
1.1487656872909073
1.1518982029779699
1.155021121476448
1.158134470800572
1.1612382788988287
1.1643325736537182
1.1674173828815726
1.1704927343324338
1.1735586556899724
1.176615174571437
1.1796623185276196
1.1827001150428484
1.1857285915349762
1.1887477753553932
1.1917576937890342
1.1947583740543972
1.1977498433035616
1.200732128622209
1.2037052570296458
1.2066692554788288
1.209624150856388
1.2125699699826533
1.2155067396116792
1.218434486431273
1.221353237063022
1.224263018062316
1.227163855918384
1.2300557770543157
1.232938807827095
1.2358129739428625
1.238678300996689
1.2415348146866372
1.244382540781414
1.247221505079025
1.2500517333784187
1.2528732514604664
1.2556860850748333
1.2584902599307215
1.2612858016902253
1.2640727359635238
1.2668510883053772
1.2696208842125565
1.2723821491219578
1.2751349084092138
1.2778791873894224
1.2806150113178523
1.2833424053892226
1.2860613947359776
1.2887720044264843
1.291474259463695
1.2941681847888487
1.2968538052889529
1.2995311457982568
1.3022002310937728
1.304861085889018
1.3075137348289945
1.3101582024873675
1.3127945097979383
1.3154226767630046
1.3180427245483988
1.32065467523139
1.3232585514959894
1.325854376424769
1.3284421733611302
1.3310219658162281
1.333593777404576
1.33615763179866
1.3387135526964928
1.3412615637981826
1.3438016887888722
1.346333951326238
1.3488583750312868
1.3513749834815567
1.3538838002060722
1.3563848486816124
1.3588781523299263
1.3613637345156773
1.3638416185449118
1.366311827663936
1.3687743850584886
1.37122931385314
1.373676637110868
1.376116377832751
1.3785485589577684
1.3809732033657274
1.3833903338788387
1.3857999732605601
1.3882021442133192
1.3905968693765793
1.3929841713257358
1.3953640725717569
1.3977365955613124
1.400101762677151
1.402459596238569
1.404810118501872
1.4071533516607848
1.4094893178468073
1.411818038091842
1.4141395334979898
1.416453825468735
1.418760935536271
1.4210608852847721
1.4233536963122515
1.4256393902078488
1.4279179885369575
1.4301895128310285
1.4324539845804172
1.434711425229294
1.4369618561719895
1.4392052987503536
1.4414417742518546
1.4436713039081974
1.4458939088943334
1.4481096103277498
1.450318429267977
1.452520386716236
1.4547155036152146
1.4569038008489263
1.4590852992426273
1.4612600195627876
1.4634279825171
1.4655892087545126
1.467743718865282
1.4698915333810467
1.472032672774907
1.4741671574615183
1.476295007820095
1.4784162441986481
1.480530886901603
1.4826389561758107
1.4847404722017068
1.4868354550898286
1.4889239248808417
1.4910059015472996
1.4930814049959689
1.495150455070104
1.4972130715513918
1.499269274161502
1.5013190825632585
1.503362514442133
1.5053995875088193
1.5074303203670245
1.5094547318931393
1.5114728410911284
1.513484667029137
1.5154902288024195
1.5174895455092017
1.519482636234227
1.521469520037248
1.523450215944863
1.52542474294466
1.5273931199809947
1.5293553659519306
1.531311499707025
1.533261540045723
1.535205505718009
1.5371434154300956
1.5390752878426293
1.541001141565483
1.5429209951536003
1.544834867104957
1.5467427758600867
1.5486447398024465
1.5505407772591053
1.5524309065014825
1.554315145746014
1.556193513154701
1.5580660268355515
1.5599327048429257
1.561793565177806
1.5636486257880153
1.5654979045683959
1.5673414193609607
1.5691791879550356
1.5710112280873836
1.5728375574423303
1.5746581936518826
1.5764731542958523
1.5782824569019744
1.5800861189460338
1.5818841578519847
1.5836765909920785
1.585463435686992
1.5872447092059516
1.5890204287668623
1.59079061153644
1.5925552746303369
1.5943144351132732
1.5960681099991678
1.5978163162512657
1.5995590707822707
1.6012963904544724
1.6030282920798768
1.6047547924203378
1.6064759081876823
1.6081916560438412
1.6099020526009784
1.6116071144216175
1.6133068580187722
1.6150012998560708
1.6166904563478866
1.6183743438594638
1.6200529787070441
1.6217263771579953
1.6233945554309352
1.6250575296958605
1.6267153160742716
1.6283679306392982
1.6300153894158265
1.6316577083806236
1.6332949034624633
1.6349269905422508
1.6365539854531486
1.6381759039807013
1.63979276186296
1.6414045747906056
1.6430113584070765
1.6446131283086904
1.6462099000447683
1.6478016891177607
1.649388510983369
1.6509703810506704
1.6525473146822418
1.6541193271942831
1.6556864338567405
1.65724864991775
1.6588059905970371
1.6603584710709858
1.6619061064634832
1.6634489118430846
1.6649869022236579
1.6665200925663235
1.668048497781554
1.6695721327309887
1.671091012228853
1.6726051510430018
1.6741145638956714
1.6756192654640023
1.6771192703804079
1.6786145932328356
1.6801052485649568
1.6815912508763151
1.6830726146224473
1.684549354214993
1.6860214840217975
1.6874890183670148
1.68895197153121
1.6904103577514658
1.6918641912214931
1.6933134860917427
1.694758256469522
1.696198516499173
1.6976342803352944
1.6990655620931654
1.7004923758209656
1.701914735492615
1.7033326550110697
1.7047461482149693
1.7061552288852577
1.707559910750586
1.708960207491315
1.7103561327423018
1.7117477000947634
1.7131349230974724
1.7145178152575007
1.7158963900406672
1.717270660871798
1.7186406411348787
1.720006344173143
1.7213677832891379
1.7227249717447755
1.7240779227613914
1.725426649519809
1.7267711651604132
1.7281114827832393
1.7294476154480682
1.7307795761745337
1.7321073779422345
1.7334310336908545
1.7347505563202865
1.7360659586907587
1.7373772536229637
1.7386844538981898
1.7399875722584506
1.741286621406617
1.7425816140095436
1.743872562739949
1.745159480249662
1.7464423791455106
1.747721271980781
1.7489961712554267
1.7502670894192678
1.7515340388755216
1.7527970319837698
1.7540560810621815
1.755311198389086
1.7565623962040435
1.7578096867085549
1.7590530820665213
1.7602925944045458
1.76152823581213
1.7627600183418104
1.763987954009258
1.7652120547933643
1.7664323326363172
1.7676487994436796
1.7688614670844698
1.7700703473912456
1.7712754521601943
1.772476793151229
1.7736743820880863
1.774868230658427
1.7760583505139438
1.777244753270467
1.7784274505080726
1.7796064537711929
1.7807817745687247
1.781953424374141
1.7831214146255996
1.7842857567260535
1.7854464620433594
1.7866035419103865
1.7877570076251252
1.7889068704507927
1.7900531416159406
1.7911958323145605
1.7923349537061881
1.7934705169160083
1.794602533034959
1.7957310131198332
1.7968559681933813
1.7979774092444138
1.7990953472279005
1.8002097930650724
1.8013207576435202
1.802428251817296
1.8035322864070096
1.8046328721999276
1.805730019950073
1.8068237403783203
1.807914044172495
1.8090009419874686
1.8100844444452555
1.8111645621351098
1.81224130561362
1.8133146854048052
1.8143847120002095
1.8154513958589977
1.8165147474080492
1.8175747770420518
1.8186314952631975
1.8196849125919448
1.8207350394894826
1.8217818863359831
1.8228254634355663
1.823865781028131
1.824902849300438
1.8259366783945108
1.8269672784134208
1.8279946594250376
1.8290188314800928
1.830039804677539
1.8310575890919565
1.832072194741866
1.8330836315877252
1.8340919095384676
1.835097038458428
1.836099028172685
1.8370978884707487
1.8380936291089682
1.8390862598120377
1.8400757902739053
1.8410622301583015
1.842045589099032
1.8430258767001373
1.8440031025359802
1.844977276151296
1.845948407061233
1.8469165047513953
1.8478815786778915
1.8488436382673947
1.8498026929172144
1.8507587519953774
1.8517118248407154
1.8526619207629624
1.8536090490428554
1.8545532189322382
1.8554944396541695
1.8564327204030304
1.8573680703446336
1.8583004986163316
1.8592300143271252
1.8601566266405614
1.8610803448473805
1.862001178196229
1.862919135841099
1.8638342268453532
1.8647464601989834
1.8656558448347322
1.86656238964001
1.8674661034648825
1.8683669951271196
1.8692650734152279
1.8701603470901744
1.8710528248862914
1.8719425155116944
1.872829427648423
1.873713569952437
1.8745949510535522
1.8754735795553554
1.8763494640351301
1.877222613043805
1.878093035105924
1.8789607387196443
1.8798257323567584
1.8806880244627324
1.8815476234567658
1.8824045377318608
1.8832587756549026
1.8841103455667478
1.8849592557823176
1.8858055145906931
1.8866491302552164
1.8874901110135884
1.8883284650779675
1.889164200635071
1.8899973258462721
1.8908278488476955
1.8916557779496133
1.892481121443785
1.893303887529749
1.8941240843218619
1.8949417198692216
1.8957568021716442
1.8965693391903213
1.8973793388544946
1.898186809065478
1.898991757698989
1.8997941926064306
1.9005941216155402
1.901391552530669
1.9021864931328594
1.9029789512284698
1.9037689349180391
1.9045564522167995
1.9053415110028509
1.9061241190429907
1.9069042840235648
1.9076820135733965
1.908457315278858
1.9092301966932126
1.9100006653421444
1.9107687287268706
1.9115343943257679
1.912297669595121
1.9130585619693765
1.9138170788611344
1.9145732276610217
1.9153270157375288
1.9160784504368533
1.9168275390827698
1.9175742889765404
1.9183187073968595
1.9190608015998372
1.9198005788190082
1.9205380462653703
1.9212732111274384
1.9220060805713173
1.9227366617407826
1.923464961757371
1.924190987720476
1.924914746707446
1.9256362457736835
1.926355491952745
1.9270724922564408
1.9277872536749308
1.9284997831768218
1.9292100877092604
1.9299181741980231
1.9306240495476057
1.9313277206413084
1.9320291943413204
1.932728477488799
1.9334255769039503
1.9341204993861036
1.9348132517137873
1.9355038406448
1.936192273010529
1.9368785558884807
1.9375626962042551
1.9382447007504189
1.938924576233041
1.9396023293014841
1.9402779665656558
1.9409514946058721
1.9416229199784159
1.9422922492185553
1.9429594888420807
1.9436246453459867
1.9442877252086799
1.9449487348899457
1.9456076808308016
1.9462645694533178
1.9469194071604436
1.9475722003358622
1.9482229553438788
1.9488716785293456
1.9495183762176174
1.9501630547145394
1.950805720306455
1.9514463792602346
1.9520850378233194
1.9527217022237762
1.9533563786703594
1.953989073352582
1.9546197926080555
1.9552485453187907
1.955875339282384
1.956500181444002
1.9571230782481486
1.9577440358597162
1.9583630602908804
1.9589801574722803
1.959595333291999
1.960208593615969
1.9608199442977554
1.9614293911823886
1.9620369401070032
1.962642596899891
1.9632463673788925
1.9638482573496387
1.964448272603905
1.9650464189182022
1.9656427020526384
1.966237127750052
1.9668297017353855
1.9674204297152655
1.9680093173777529
1.9685963703922271
1.969181594409376
1.9697649950612637
1.9703465779614544
1.970926348705179
1.9715043128695262
1.9720804760136506
1.972654843678988
1.973227421389472
1.9737982146517514
1.9743672289553964
1.9749344697731
1.9754999425608715
1.9760636527582152
1.976625605788302
1.9771858070581292
1.9777442619586687
1.978300975865005
1.9788559546962277
1.97940920418948
1.9799607298278066
1.9805105369745584
1.9810586309305362
1.9816050169597137
1.9821497003020347
1.9826926861799463
1.9832339798016063
1.9837735863622834
1.9843115110447882
1.9848477590194062
1.9853823354436095
1.9859152454616906
1.9864464942043993
1.9869760867886257
1.9875040283171348
1.9880303238783654
1.9885549785462804
1.9890779973802684
1.9895993854250822
1.99011914771081
1.9906372892528732
1.9911538150520407
1.9916687300944604
1.9921820393516962
1.9926937477807771
1.9932038603242455
1.9937123819102118
1.994219317452408
1.9947246718502418
1.9952284499888489
1.9957306567391453
1.996231296957877
1.9967303754876693
1.99722789715707
1.9977238667805965
1.9982182891587759
1.9987111690781862
1.999202511311494
1.9996923206174908
2.0001806017411288
2.000667360002267
2.0011526012658605
2.0016363305282345
2.002118552553601
2.00259927200859
2.00307849351114
2.0035562216530387
2.0040324610108025
2.0045072161506385
2.0049804916303087
2.005452291999396
2.0059226217988133
2.0063914855600027
2.006858887804074
2.007324833041006
2.0077893257689574
2.008252370473714
2.0087139716282603
2.0091741336924622
2.0096328611128507
2.010090158322478
2.0105460297408455
2.0110004797738683
2.01145351281389
2.0119051332397153
2.0123553454166654
2.0128041536966497
2.0132515624182403
2.0136975759067584
2.014142198474357
2.0145854344201095
2.015027288030092
2.015467763577468
2.0159068653225667
2.0163445975129624
2.016780964383543
2.017215970156585
2.0176496190418156
2.018081915236477
2.0185128629253826
2.018942466280978
2.0193707294633874
2.019797656620468
2.020223251887854
2.0206475193890028
2.0210704632352363
2.0214920875257807
2.021912396347805
2.0223313937764575
2.0227490838749
2.0231654706943405
2.0235805582740656
2.0239943506414706
2.0244068518120906
2.024818065789627
2.025227996565977
2.0256366481212593
2.0260440244238413
2.026450129430365
2.026854967085771
2.0272585413233255
2.027660856064642
2.0280619152197072
2.028461722686906
2.0288602823530426
2.029257598093366
2.0296536737715916
2.030048513239927
2.0304421203390923
2.0308344988983467
2.0312256527355075
2.0316155856569775
2.032004301457765
2.03239180392151
2.032778096820505
2.033163183915719
2.0335470689568234
2.0339297556822125
2.0343112478190286
2.034691549083187
2.0350706631793973
2.0354485938011906
2.035825344630943
2.036200919339897
2.0365753215881917
2.0369485550248814
2.037320623287966
2.037691530004412
2.0380612787901797
2.0384298732502484
2.0387973169786404
2.039163613558449
2.039528766561862
2.039892779550189
2.0402556560738856
2.0406173996725827
2.0409780138751095
2.041337502199521
2.0416958681531265
2.042053115232512
2.0424092469235715
2.04276426670153
2.0431181780309737
2.043470984365874
2.043822689149616
2.044173295815028
2.044522807784403
2.0448712284695323
2.0452185612717297
2.045564809581859
2.045909976780363
2.0462540662372892
2.0465970813123198
2.046939025354798
2.0472799017037553
2.0476197136879417
2.047958464625851
2.04829615782575
2.0486327965857076
2.0489683841936195
2.0493029239272404
2.0496364190542096
2.0499688728320784
2.050300288508341
2.0506306693204595
2.050960018495896
2.051288339252135
2.0516156347967174
2.0519419083272656
2.0522671630315124
2.0525914020873293
2.0529146286627538
2.053236845916018
2.0535580569955787
2.053878265040142
2.0541974731786943
2.054515684530528
2.054832902205274
2.0551491293029227
2.0554643689138596
2.0557786241188882
2.0560918979892597
2.056404193586702
2.0567155139634443
2.0570258621622504
2.0573352412164407
2.057643654149924
2.057951103977225
2.0582575937035097
2.0585631263246156
2.0588677048270774
2.059171332188157
2.059474011375869
2.059775745349009
2.060076537057181
2.0603763894408265
2.060675305431248
2.0609732879506404
2.0612703399121166
2.0615664642197347
2.061861663768525
2.062155941444518
2.062449300124771
2.0627417426773946
2.0630332719615816
2.0633238908276312
2.063613602116978
2.0639024086622184
2.0641903132871366
2.0644773188067314
2.0647634280272444
2.065048643746184
2.065332968752355
2.065616405825882
2.065898957738238
2.066180627252269
2.066461417122222
2.066741330093771
2.067020368904041
2.0672985362816365
2.067575834946667
2.0678522676107716
2.0681278369771467
2.068402545740571
2.0686763965874304
2.0689493921957456
2.069221535235196
2.0694928283671463
2.0697632742446714
2.0700328755125823
2.0703016348074508
2.070569554757635
2.0708366379833056
2.0711028870964694
2.0713683047009956
2.0716328933926396
2.0718966557590694
2.0721595943798903
2.0724217118266672
2.0726830106629532
2.072943493444312
2.0732031627183427
2.0734620210247043
2.073720070895141
2.0739773148535057
2.0742337554157846
2.0744893950901218
2.074744236376843
2.07499828176848
2.0752515337497948
2.0755039947978022
2.075755667381797
2.0760065539633747
2.0762566569964553
2.07650597892731
2.076754522194582
2.077002289229311
2.0772492824549564
2.077495504287422
2.077740957135078
2.077985643398784
2.0782295654719145
2.0784727257403794
2.0787151265826487
2.078956770369775
2.0791976594654162
2.0794377962258603
2.079677183000045
2.0799158221295833
2.0801537159487835
2.080390866784676
2.0806272769570313
2.0808629487783845
2.0810978845540586
2.081332086582186
2.08156555715373
2.0817982985525085
2.0820303130552142
2.0822616029314402
2.082492170443698
2.0827220178474426
2.0829511473910918
2.0831795613160495
2.0834072618567285
2.08363425124057
2.0838605316880665
2.0840861054127826
2.0843109746213777
2.084535141513627
2.084758608282441
2.0849813771138916
2.085203450187227
2.085424829674898
2.0856455177425763
2.085865516549177
2.0860848282468787
2.086303454981146
2.0865213988907483
2.086738662107781
2.0869552467576873
2.0871711549592784
2.087386388824754
2.087600950459723
2.087814841963224
2.0880280654277446
2.0882406229392445
2.088452516577173
2.0886637484144903
2.0888743205176885
2.08908423494681
2.0892934937554695
2.0895020989908715
2.0897100526938335
2.0899173568988036
2.09012401363388
2.0903300249208323
2.0905353927751205
2.0907401192059147
2.090944206216114
2.091147655802367
2.0913504699550916
2.091552650658492
2.091754199890581
2.0919551196231976
2.0921554118220267
2.092355078446618
2.0925541214504055
2.092752542780726
2.092950344378839
2.0931475281799434
2.0933440961131997
2.0935400501017467
2.0937353920627193
2.0939301239072705
2.094124247540587
2.0943177648619087
2.094510677764548
2.0947029881359067
2.0948946978574963
2.095085808804954
2.095276322848065
2.0954662418507746
2.095655567671213
2.095844302161708
2.096032447168807
2.0962200045332926
2.0964069760902015
2.096593363668842
2.096779169092813
2.0969643941800196
2.097149040742693
2.097333110587408
2.097516605515098
2.097699527321076
2.0978818777950505
2.098063658721142
2.0982448718779034
2.098425519038334
2.098605601969898
2.098785122434544
2.098964082188719
2.099142482983386
2.0993203265640425
2.0994976146707374
2.099674349038087
2.099850531395293
2.100026163466158
2.1002012469691036
2.1003757836171864
2.1005497751181155
2.100723223174268
2.1008961294827073
2.1010684957351975
2.1012403236182227
2.101411614813
2.1015823709954997
2.101752593836459
2.1019222850013977
2.1020914461506384
2.102260078939318
2.1024281850174074
2.1025957660297254
2.102762823615956
2.1029293594106644
2.1030953750433117
2.103260872138272
2.1034258523148486
2.103590317187288
2.1037542683647987
2.103917707451563
2.1040806360467563
2.10424305574456
2.1044049681341788
2.1045663747998558
2.1047272773208876
2.1048876772716394
2.105047576221563
2.105206975735207
2.1053658773722383
2.105524282687452
2.1056821932307894
2.1058396105473522
2.1059965361774196
2.1061529716564595
2.106308918515147
2.106464378279377
2.1066193524702816
2.1067738426042424
2.106927850192907
2.107081376743202
2.107234423757351
2.1073869927328857
2.1075390851626623
2.1076907025348763
2.1078418463330753
2.107992518036177
2.108142719118479
2.108292451049677
2.108441715294878
2.108590513314614
2.108738846564856
2.10888671649703
2.1090341245580295
2.10918107219023
2.1093275608315043
2.109473591915235
2.109619166870329
2.109764287121231
2.10990895408794
2.110053169186019
2.110196933826612
2.110340249416457
2.1104831173578993
2.110625539048905
2.1107675158830754
2.1109090492496607
2.1110501405335733
2.111190791115401
2.11133100237142
2.1114707756736104
2.1116101123896676
2.1117490138830166
2.1118874815128255
2.1120255166340174
2.1121631205972857
2.1123002947491054
2.112437040431748
2.112573358983293
2.112709251737643
2.112844720024533
2.1129797651695483
2.113114388494134
2.1132485913156094
2.11338237494718
2.1135157406979506
2.1136486898729387
2.1137812237730866
2.113913343695275
2.114045050932334
2.114176346773057
2.114307232502214
2.114437709400562
2.11456777874486
2.1146974418078783
2.114826699858416
2.114955554161307
2.1150840059774376
2.115212056563756
2.1153397071732867
2.11546695905514
2.115593813454526
2.1157202716127683
2.115846334767312
2.1159720041517396
2.1160972809957808
2.116222166525326
2.1163466619624374
2.116470768525361
2.1165944874285394
2.1167178198826218
2.116840767094478
2.116963330267209
2.117085510600158
2.1172073092889248
2.1173287275253747
2.1174497664976517
2.117570427390189
2.1176907113837227
2.1178106196552995
2.1179301533782935
2.118049313722412
2.1181681018537115
2.1182865189346076
2.118404566123885
2.11852224457671
2.118639555444642
2.118756499875645
2.118873079014098
2.1189892940008064
2.119105145973012
2.1192206360644086
2.119335765405146
2.1194505351218482
2.119564946337619
2.1196790001720562
2.1197926977412616
2.1199060401578507
2.1200190285309657
2.120131663966285
2.1202439475660344
2.1203558804289973
2.120467463650527
2.1205786983225554
2.1206895855336048
2.1208001263688
2.120910321909874
2.1210201732351854
2.1211296814197236
2.121238847535121
2.121347672649665
2.121456157828305
2.121564304132667
2.1216721126210607
2.1217795843484915
2.12188672036667
2.1219935217240224
2.1220999894657027
2.122206124633599
2.1223119282663463
2.1224174013993387
2.1225225450647334
2.1226273602914674
2.122731848105263
2.12283600952864
2.122939845580926
2.1230433572782643
2.1231465456336256
2.1232494116568175
2.1233519563544943
2.1234541807301666
2.123556085784211
2.1236576725138816
2.123758941913317
2.1238598949735525
2.1239605326825273
2.1240608560250966
2.1241608659830398
2.1242605635350715
2.124359949656849
2.124459025320982
2.1245577914970455
2.124656249151585
2.1247543992481286
2.1248522427471945
2.124949780606303
2.1250470137799837
2.1251439432197845
2.1252405698742836
2.1253368946890965
2.125432918606885
2.125528642567368
2.1256240675073297
2.1257191943606295
2.12581402405821
2.125908557528107
2.126002795695458
2.1260967394825125
2.126190389808639
2.1262837475903353
2.126376813741238
2.1264695891721304
2.126562074790951
2.1266542715028036
2.1267461802099654
2.1268378018118965
2.1269291372052477
2.1270201872838705
2.127110952938825
2.1272014350583874
2.1272916345280626
2.127381552230588
2.127471189045946
2.12756054585137
2.1276496235213553
2.1277384229276652
2.127826944939341
2.127915190422711
2.128003160241397
2.1280908552563256
2.1281782763257326
2.1282654243051766
2.128352300047542
2.128438904403052
2.1285252382192725
2.1286113023411257
2.1286970976108925
2.1287826248682253
2.128867884950153
2.1289528786910936
2.129037606922856
2.1291220704746534
2.1292062701731096
2.1292902068422674
2.129373881303595
2.129457294375997
2.129540446875819
2.129623339616859
2.129705973410373
2.129788349065084
2.1298704673871893
2.1299523291803695
2.1300339352457933
2.130115286382131
2.1301963833855555
2.130277227049756
2.1303578181659417
2.1304381575228515
2.1305182459067624
2.130598084101494
2.1306776728884205
2.1307570130464737
2.1308361053521554
2.1309149505795406
2.130993549500289
2.131071902883649
2.1311500114964677
2.1312278761031975
2.131305497465903
2.1313828763442704
2.131460013495612
2.131536909674877
2.131613565634655
2.1316899821251876
2.1317661598943727
2.131842099687772
2.13191780224862
2.1319932683178306
2.1320684986340024
2.1321434939334294
2.132218254950106
2.132292782415733
2.1323670770597287
2.1324411396092313
2.1325149707891105
2.1325885713219708
2.132661941928161
2.1327350833257803
2.1328079962306856
2.132880681356498
2.132953139414611
2.1330253711141958
2.1330973771622093
2.1331691582634003
2.1332407151203183
2.133312048433318
2.1333831589005663
2.133454047218051
2.1335247140795874
2.133595160176822
2.133665386199243
2.1337353928341853
2.133805180766837
2.1338747506802465
2.13394410325533
2.1340132391708777
2.134082159103558
2.1341508637279287
2.13421935371644
2.134287629739442
2.1343556924651925
2.134423542559862
2.1344911806875397
2.1345586075102427
2.1346258236879194
2.134692829878459
2.134759626737695
2.1348262149194133
2.1348925950753577
2.1349587678552377
2.135024733906734
2.135090493875504
2.1351560484051895
2.1352213981374213
2.1352865437118282
2.135351485766041
2.1354162249356987
2.135480761854456
2.135545097153988
2.135609231463999
2.135673165412226
2.1357368996244452
2.1358004347244797
2.1358637713342037
2.13592691007355
2.135989851560515
2.1360525964111656
2.136115145239646
2.13617749865818
2.1362396572770823
2.13630162170476
2.1363633925477212
2.1364249704105798
2.1364863558960616
2.13654754960501
2.136608552136393
2.136669364087307
2.136729986052985
2.1367904186268003
2.136850662400274
2.13691071796308
2.1369705859030503
2.137030266806181
2.137089761256639
2.1371490698367674
2.1372081931270905
2.1372671317063188
2.1373258861513564
2.137384457037306
2.1374428449374747
2.1375010504233787
2.1375590740647494
2.13761691642954
2.1376745780839292
2.137732059592328
2.1377893615173855
2.1378464844199927
2.1379034288592895
2.1379601953926706
2.138016784575789
2.138073196962563
2.138129433105181
2.1381854935541083
2.1382413788580887
2.138297089564155
2.1383526262176296
2.138407989362134
2.138463179539591
2.138518197290231
2.138573043152598
2.1386277176635544
2.1386822213582852
2.1387365547703046
2.138790718431461
2.1388447128719426
2.13889853862028
2.138952196203355
2.1390056861464046
2.1390590089730237
2.1391121652051734
2.1391651553631843
2.139217979965763
2.139270639529996
2.1393231345713537
2.1393754656036994
2.1394276331392894
2.1394796376887815
2.139531479761239
2.1395831598641344
2.1396346785033566
2.139686036183215
2.1397372334064424
2.139788270674204
2.139839148486099
2.1398898673401656
2.139940427732888
2.139990830159199
2.140041075112487
2.1400911630845987
2.1401410945658452
2.1401908700450067
2.140240490009337
2.1402899549445684
2.140339265334916
2.140388421663083
2.140437424410265
2.1404862740561557
2.14053497107895
2.14058351595535
2.14063190916057
2.140680151168338
2.140728242450905
2.1407761834790455
2.140823974722066
2.140871616647805
2.1409191097226423
2.1409664544114997
2.1410136511778473
2.1410607004837092
2.1411076027896656
2.1411543585548585
2.141200968236997
2.141247432292359
2.1412937511758
2.141339925340753
2.141385955239236
2.1414318413218547
2.1414775840378097
2.141523183834897
2.1415686411595143
2.141613956456666
2.141659130169966
2.1417041627416444
2.141749054612549
2.141793806222151
2.14183841800855
2.1418828904084766
2.141927223857299
2.1419714187890238
2.142015475636304
2.1420593948304405
2.1421031768013883
2.142146821977759
2.1421903307868257
2.142233703654528
2.1422769410054747
2.1423200432629486
2.142363010848911
2.142405844184006
2.142448543687563
2.1424911097776023
2.142533542870839
2.1425758433826876
2.1426180117272637
2.1426600483173917
2.142701953564605
2.1427437278791523
2.142785371670002
2.142826885344845
2.142868269310099
2.1429095239709124
2.1429506497311688
2.1429916469934898
2.1430325161592405
2.1430732576285316
2.1431138718002267
2.1431543590719406
2.1431947198400487
2.143234954499688
2.14327506344476
2.1433150470679396
2.1433549057606727
2.1433946399131836
2.143434249914477
2.1434737361523455
2.1435130990133677
2.1435523388829165
2.1435914561451614
2.1436304511830717
2.143669324378421
2.143708076111791
2.1437467067625735
2.143785216708978
2.143823606328031
2.143861875995582
2.1439000260863073
2.1439380569737123
2.143975969030137
2.1440137626267584
2.1440514381335936
2.144088995919505
2.144126436352203
2.1441637597982486
2.1442009666230604
2.144238057190914
2.144275031864948
2.144311891007167
2.1443486349784444
2.144385264138528
2.144421778846042
2.1444581794584887
2.1444944663322567
2.1445306398226203
2.1445667002837436
2.1446026480686866
2.144638483529405
2.144674207016756
2.1447098188805014
2.144745319469311
2.1447807091307647
2.1448159882113575
2.1448511570565034
2.1448862160105358
2.144921165416714
2.1449560056172254
2.1449907369531886
2.1450253597646567
2.1450598743906206
2.1450942811690137
2.1451285804367126
2.1451627725295435
2.1451968577822824
2.1452308365286608
2.1452647091013675
2.145298475832053
2.1453321370513305
2.1453656930887828
2.1453991442729623
2.145432490931396
2.1454657333905867
2.1454988719760193
2.1455319070121615
2.1455648388224673
2.145597667729381
2.145630394054341
2.1456630181177796
2.1456955402391302
2.1457279607368287
2.145760279928315
2.1457924981300387
2.1458246156574616
2.14585663282506
2.145888549946328
2.14592036733378
2.145952085298956
2.145983704152422
2.1460152242037736
2.146046645761641
2.1460779691336906
2.1461091946266264
2.1461403225461955
2.1461713531971904
2.146202286883452
2.1462331239078707
2.146263864572393
2.1462945091780217
2.146325058024819
2.1463555114119117
2.14638586963749
2.1464161329988145
2.146446301792218
2.146476376313106
2.146506356855963
2.1465362437143534
2.146566037180925
2.1465957375474107
2.1466253451046335
2.146654860142508
2.146684282950043
2.146713613815345
2.1467428530256205
2.1467720008671796
2.146801057625438
2.1468300235849203
2.1468588990292616
2.1468876842412126
2.1469163795026396
2.1469449850945295
2.1469735012969915
2.1470019283892605
2.1470302666496988
2.1470585163557994
2.147086677784188
2.1471147512106286
2.1471427369100216
2.1471706351564106
2.147198446222982
2.1472261703820705
2.1472538079051593
2.147281359062884
2.1473088241250347
2.1473362033605596
2.147363497037567
2.1473907054233266
2.1474178287842753
2.147444867386017
2.1474718214933253
2.147498691370149
2.1475254772796104
2.1475521794840113
2.1475787982448344
2.147605333822745
2.147631786477595
2.1476581564684247
2.1476844440534655
2.1477106494901417
2.1477367730350743
2.1477628149440826
2.147788775472187
2.1478146548736126
2.1478404534017885
2.1478661713093534
2.147891808848157
2.1479173662692626
2.147942843822949
2.147968241758714
2.147993560325276
2.1480187997705755
2.1480439603417807
2.1480690422852864
2.1480940458467184
2.1481189712709354
2.148143818802031
2.1481685886833377
2.148193281157427
2.1482178964661127
2.1482424348504536
2.1482668965507563
2.1482912818065762
2.1483155908567215
2.148339823939253
2.148363981291489
2.1483880631500076
2.1484120697506457
2.1484360013285055
2.148459858117955
2.148483640352629
2.1485073482654338
2.148530982088548
2.148554542053424
2.148578028390794
2.148601441330667
2.1486247811023342
2.148648047934372
2.148671242054642
2.1486943636902938
2.148717413067768
2.148740390412798
2.1487632959504133
2.1487861299049382
2.1488088924999986
2.148831583958521
2.148854204502736
2.1488767543541805
2.148899233733698
2.1489216428614437
2.148943981956885
2.148966251238804
2.1489884509253
2.1490105812337887
2.1490326423810098
2.1490546345830244
2.14907655805522
2.149098413012309
2.1491201996683365
2.1491419182366767
2.1491635689300383
2.149185151960466
2.149206667539342
2.1492281158773876
2.149249497184667
2.1492708116705876
2.149292059543903
2.149313241012716
2.1493343562844776
2.149355405565992
2.1493763890634168
2.149397306982267
2.1494181595274147
2.149438946903092
2.149459669312894
2.1494803269597793
2.149500920046073
2.149521448773468
2.149541913343028
2.149562313955187
2.1495826508097555
2.149602924105918
2.149623134042238
2.1496432808166572
2.1496633646265018
2.1496833856684794
2.149703344138685
2.149723240232599
2.1497430741450936
2.1497628460704306
2.149782556202266
2.149802204733651
2.1498217918570335
2.149841317764261
2.1498607826465803
2.149880186694643
2.1498995300985038
2.1499188130476234
2.1499380357308726
2.1499571983365313
2.1499763010522908
2.1499953440652573
2.150014327561952
2.150033251728313
2.1500521167496993
2.1500709228108894
2.1500896700960856
2.150108358788915
2.15012698907243
2.1501455611291123
2.1501640751408737
2.1501825312890577
2.1502009297544418
2.150219270717237
2.150237554357094
2.1502557808531013
2.150273950383788
2.150292063127125
2.150310119260529
2.150328118960861
2.1503460624044304
2.150363949766996
2.1503817812237673
2.1503995569494063
2.1504172771180303
2.150434941903213
2.150452551477984
2.150470106014835
2.1504876056857176
2.1505050506620464
2.150522441114701
2.1505397772140267
2.150557059129838
2.1505742870314175
2.1505914610875196
2.1506085814663725
2.150625648335678
2.1506426618626144
2.150659622213838
2.1506765295554837
2.1506933840531692
2.150710185871994
2.1507269351765412
2.150743632130881
2.1507602768985703
2.1507768696426566
2.1507934105256763
2.1508098997096594
2.1508263373561296
2.1508427236261056
2.150859058680104
2.1508753426781393
2.1508915757797262
2.150907758143882
2.150923889929127
2.150939971293486
2.1509560023944903
2.150971983389179
2.1509879144341024
2.151003795685319
2.151019627298403
2.15103540942844
2.151051142230032
2.151066825857299
2.1510824604638796
2.1510980462029305
2.151113583227133
2.1511290716886893
2.151144511739327
2.1511599035302997
2.1511752472123886
2.1511905429359044
2.151205790850688
2.1512209911061118
2.1512361438510816
2.15125124923404
2.151266307402963
2.1512813185053674
2.1512962826883073
2.1513112000983776
2.1513260708817157
2.151340895184003
2.1513556731504653
2.151370404925875
2.151385090654552
2.151399730480366
2.151414324546737
2.1514288729966373
2.1514433759725926
2.1514578336166825
2.151472246070544
2.1514866134753716
2.151500935971918
2.151515213700497
2.1515294468009842
2.1515436354128172
2.1515577796749996
2.1515718797261
2.1515859357042544
2.151599947747167
2.151613915992112
2.151627840575936
2.1516417216350563
2.151655559305465
2.1516693537227294
2.151683105021993
2.1516968133379786
2.1517104788049863
2.1517241015568978
2.1517376817271763
2.1517512194488684
2.151764714854605
2.1517781680766026
2.1517915792466646
2.151804948496183
2.1518182759561397
2.1518315617571067
2.1518448060292488
2.151858008902324
2.151871170505685
2.1518842909682805
2.151897370418656
2.1519104089849566
2.1519234067949258
2.151936363975909
2.1519492806548537
2.1519621569583105
2.1519749930124354
2.1519877889429893
2.1520005448753414
2.1520132609344684
2.1520259372449577
2.1520385739310064
2.152051171116424
2.1520637289246336
2.1520762474786728
2.1520887269011943
2.1521011673144685
2.1521135688403836
2.152125931600447
2.1521382557157853
2.1521505413071496
2.1521627884949113
2.1521749973990674
2.152187168139239
2.1521993008346736
2.1522113956042475
2.1522234525664636
2.1522354718394565
2.152247453540991
2.1522593977884648
2.1522713046989077
2.1522831743889843
2.1522950069749953
2.152306802572878
2.152318561298207
2.1523302832661972
2.152341968591702
2.1523536173892164
2.152365229772878
2.1523768058564694
2.1523883457534154
2.152399849576788
2.1524113174393045
2.1524227494533323
2.152434145730886
2.152445506383631
2.152456831522884
2.1524681212596133
2.1524793757044423
2.1524905949676465
2.152501779159158
2.152512928388567
2.152524042765119
2.1525351223977194
2.152546167394933
2.152557177864986
2.152568153915767
2.1525790956548256
2.1525900031893777
2.152600876626303
2.1526117160721485
2.152622521633126
2.152633293415118
2.1526440315236757
2.1526547360640196
2.1526654071410425
2.152676044859309
2.1526866493230576
2.1526972206362007
2.1527077589023267
2.1527182642246996
2.1527287367062615
2.1527391764496326
2.1527495835571124
2.152759958130682
2.152770300272002
2.152780610082417
2.1527908876629542
2.1528011331143264
2.1528113465369305
2.15282152803085
2.152831677695856
2.152841795631408
2.152851881936655
2.152861936710436
2.152871960051282
2.1528819520574136
2.1528919128267483
2.1529018424568953
2.1529117410451595
2.1529216086885423
2.1529314454837407
2.152941251527152
2.15295102691487
2.15296077174269
2.1529704861061063
2.1529801701003173
2.152989823820222
2.1529994473604237
2.1530090408152303
2.153018604278655
2.153028137844417
2.1530376416059434
2.1530471156563693
2.153056560088538
2.1530659749950036
2.153075360468031
2.1530847165995968
2.1530940434813903
2.1531033412048144
2.1531126098609863
2.153121849540739
2.1531310603346214
2.1531402423328996
2.153149395625557
2.153158520302298
2.153167616452544
2.153157949469613
2.1531326982176244
2.153096567263801
2.153053393876251
2.1530060259976054
2.152956518298134
2.1529063341726657
2.1528565053965316
2.1528077505124177
2.152760560988246
2.152715263646521
2.1526720659361978
2.1526310888495486
2.1525923909312112
2.152555985843047
2.1525218552476995
2.152489958276872
2.1524602384977274
2.152432629039593
2.1524070563634123
2.1523834430270035
2.1523617097056325
2.152341776659378
2.1523235647890546
2.1523069963859744
2.1522919956539415
2.1522784890619735
2.1522664055714764
2.1522556767706083
2.1522462369403583
2.1522380230707197
2.1522309748407493
2.152225034572834
2.1522201471688986
2.1522162600343284
2.1522133229939193
2.1522112882030395
2.1522101100563744
2.15220974509598
2.15221015191991
2.152211291092308
2.152213125055612
2.152215618045295
2.152218736007435
2.1522224465192776
2.1522267187128894
2.152231523201931
2.152236832011529
2.152242618511208
2.1522488573508096
2.152255524399316
2.1522625966864792
2.152270052347165
2.1522778705682937
2.1522860315382846
2.152294516398892
2.152303307199332
2.1523123868525955
2.1523217390938516
2.152331348440847
2.1523412001562034
2.1523512802115308
2.1523615752532663
2.1523720725701625
2.152382760062338
2.1523936262118304
2.152404660054562
2.1524158511536657
2.1524271895740994
2.1524386658584866
2.152450271004123
2.152461996441101
2.152473834011489
2.1524857759495166
2.1524978148627247
2.1525099437140205
2.1525221558046064
2.152534444757735
2.1525468045032476
2.1525592292628657
2.1525717135361897
2.152584252087381
2.152596839932484
2.152609472327366
2.152622144756238
2.152634852920735
2.152647592729519
2.1526603602883942
2.1526731518908906
2.152685964009313
2.152698793286216
2.1527116365262953
2.1527244906886724
2.152737352879548
2.152750220345214
2.152763090465405
2.1527759607469674
2.1527888288178376
2.15280169242131
2.1528145494105813
2.15282739774356
2.152840235477926
2.152853060766428
2.1528658718524074
2.1528786670655404
2.152891444817783
2.1529042035995127
2.152916941975857
2.1529296585831945
2.152942352125831
2.1529550213728292
2.1529676651549936
2.152980282362002
2.1529928719396714
2.1530054328873565
2.153017964255473
2.1530304651431402
2.153042934695935
2.153055372103754
2.153067776598779
2.153080147453538
2.1530924839790577
2.1531047855231082
2.153117051468527
2.1531292812316254
2.153141474260668
2.153153630034427
2.1531657480608053
2.1531778278755205
2.153189869040857
2.153201871144472
2.153213833798261
2.1532257566372763
2.153237639318693
2.1532494815208296
2.153261282942209
2.153273043300665
2.1532847623324933
2.153296439791638
2.1533080754489187
2.1533196690912924
2.153331220521149
2.153342729555642
2.153354196026046
2.153365619777147
2.1533770006666617
2.1533883385646777
2.1533996333531267
2.1534108849252758
2.1534220931852452
2.153433258047546
2.1534443794366416
2.1534554572865243
2.153466491540317
2.1534774821498868
2.1265109226417387
2.078246526694602
2.0156480138773056
1.943655271671841
1.8656678381227985
1.7840610478429002
1.700514553947662
1.6162223288048514
1.5320332312452634
1.4485482833794125
1.3404095100989641
1.2136928182405087
1.0754542102440419
0.9306269065954078
0.782554097034512
0.6335253813692607
0.4851164282281411
0.33840818512884147
0.19413392534327642
0.05277890222409218
-0.08534967012131553
-0.22007098184764962
-0.3748794765311859
-0.5441133571515038
-0.7213880554970356
-0.9023508066779546
-1.084125212989684
-1.2647984836558068
-1.4430968157879709
-1.6181823442274683
-1.7895215377349063
-1.9567909105154757
-2.119812869934651
-2.278513690331369
-2.4328887864797997
-2.582986491905988
-2.728886096332255
-2.870684554541292
-3.0084948435124965
-3.1424374330938307
-3.272638038341503
-3.399220095602748
-3.5223031628078645
-3.6420012571229035
-3.7584277276231086
-3.8716957719294465
-3.981910321672489
-4.089168353286493
-4.193561766517993
-4.295179602102899
-4.394107295934234
-4.490425813569088
-4.584211608804516
-4.675537444438593
-4.764474226769896
-4.851089890215017
-4.935448344059909
-5.017610707862733
-5.097634060168338
-5.175574496212897
-5.2514873429236655
-5.325423763333614
-5.397431996744986
-5.467558427699249
-5.535847001147789
-5.602339358119513
-5.667075222005926
-5.730094874257636
-5.79143741423424
-5.85113993386597
-5.9092397541758235
-5.9657722325612985
-6.020771709994453
-6.0742717343291845
-6.12630550001948
-6.176904739309853
-6.226099786774863
-6.273921708244899
-6.320399563174236
-6.365560755241484
-6.409431534726398
-6.4520373661351655
-6.493403093048355
-6.533553019676407
-6.572511781981898
-6.61030340007506
-6.646951837968107
-6.6824803778641195
-6.7169115576624145
-6.750267331006308
-6.782569054992484
-6.813838208302489
-6.844096435572017
-6.87336418123299
-6.90166089554674
-6.929005299574168
-6.955415558987786
-6.980909391995184
-7.005504136188949
-7.029216971025074
-7.052065301307089
-7.074065674099184
-7.095234164926831
-7.115586496749345
-7.135138086492967
-7.153904067340509
-7.17189930027255
-7.189138380073373
-7.20563585563482
-7.2214061020301115
-7.23646318145899
-7.250821165598774
-7.264493555766716
-7.277493385581092
-7.289833326472775
-7.301525755125265
-7.31258279416864
-7.323016336544496
-7.332838060121073
-7.3420594365482765
-7.350691736776119
-7.376639626065404
-7.41580840235811
-7.463670203719412
-7.517159285329755
-7.5742171113968695
-7.633411418909354
-7.6937211762011675
-7.7544081551316335
-7.814934471016756
-7.874908688113315
-7.93404544155097
-7.992139317330792
-8.049044013837095
-8.104657474820835
-8.15890832053006
-8.211749292492351
-8.263153490365589
-8.31310877459398
-8.36161247951768
-8.408670471463896
-8.454295067583612
-8.498504868654486
-8.558183254359
-8.629394055384955
-8.707861449966748
-8.790714080263902
-8.876032075297454
-8.962491529497694
-9.04916456926823
-9.151632746466426
-9.265469418507694
-9.386115406561323
-9.510510018139348
-9.636604221079676
-9.762983664387194
-9.88866108934224
-10.012938238888207
-10.135323951799155
-10.255478163703955
-10.373163545375483
-10.488220821709831
-10.600556441725377
-10.710118355589854
-10.816883689955542
-10.92085302733473
-11.022044291576258
-11.120490151192904
-11.216240811395188
-11.309356961999208
-11.39989612556035
-11.487914317332363
-11.573468325904255
-11.656615699883794
-11.737415237809111
-11.815924777984923
-11.892200313679457
-11.966296829442042
-12.038272529867687
-12.108186066223574
-12.176093538440506
-12.242046396508167
-12.306093923937079
-12.368282047955157
-12.428658998516784
-12.487270249158218
-12.544158333637556
-12.599363639285576
-12.65292489518256
-12.704879387153307
-12.755263080645966
-12.80411485828331
-12.851470688074224
-12.897363944764837
-12.941824801246751
-12.984882296942585
-13.026564897202135
-13.066902857750838
-13.105924923691944
-13.143657371852624
-13.18012528485272
-13.215352890101332
-13.249363850815834
-13.282181279821712
-13.313827688389942
-13.344324972178622
-13.373694425845407
-13.401956980523112
-13.429133334210153
-13.455243538115127
-13.480306919615401
-13.504342642489034
-13.527371025543252
-13.549410763396967
-13.570479186181876
-13.590592684253789
-13.60976774423264
-13.62801975242359
-13.645363463540322
-13.661813215323054
-13.677383029250954
-13.692086670906162
-13.705937687846097
-13.732135452816033
-13.767678644107322
-13.809412741928572
-13.855258348844218
-13.903823151127405
-13.954125981352636
-14.005448869036396
-14.057253623837964
-14.109134522962037
-14.16077469821794
-14.211923006010254
-14.262382808244437
-14.312000224998787
-14.360655015119189
-14.408254652425741
-14.454730981369257
-14.500030692232317
-14.544113493618285
-14.586950061543313
-14.628520138550208
-14.668811541953795
-14.707818869191613
-14.745544344035823
-14.78199269985987
-14.817171273032612
-14.851089772741462
-14.88375997264284
-14.915195404281537
-14.945411061141224
-14.974423177677098
-15.002248982350254
-15.02890671467899
-15.054417985186157
-15.078801983588468
-15.102077393934763
-15.124262715882484
-15.145376332372157
-15.16543625496117
-15.184460332569397
-15.202466319161365
-15.219472535364059
-15.235497332484279
-15.250558186073027
-15.26467207307923
-15.277855534001082
-15.290124680262045
-15.301495214397404
-15.311982456934071
-15.32160137127795
-15.330366583753811
-15.338292398996469
-15.34539281180497
-15.351681516604346
-15.357171915431236
-15.361877125102515
-15.365809984009976
-15.368983058821525
-15.37140865125373
-15.373098805001398
-15.37406531330346
-15.3743197266735
-15.373873360351299
-15.372737301540841
-15.37092241667028
-15.368439358818135
-15.36529857532444
-15.361510315533186
-15.357084642338082
-15.352031437835501
-15.34636040764538
-15.340081087549832
-15.333202851352393
-15.325734918932856
-15.317686364068257
-15.309066121903578
-15.299882996072926
-15.290145837575766
-15.279864264879087
-15.269047089175773
-15.257702551307636
-15.245838546016383
-15.233462812447076
-15.220582996374732
-15.207206671806969
-15.19334146720868
-15.178994996267953
-15.164174784297675
-15.14888825423957
-15.133142736941155
-15.116943552697013
-15.100296310276484
-15.083207202364637
-15.065682862377061
-15.047730150781085
-15.029356016955035
-15.010567429588074
-14.991371344999262
-14.971775875231362
-14.951789615617276
-14.931419690783436
-14.910672805911796
-14.889555490266575
-14.868074195091639
-14.846235343084597
-14.824045354690682
-14.801510661768136
-14.778637592477136
-14.755432429482141
-14.73190146518027
-14.708050985607692
-14.683885371336892
-14.65940884062011
-14.634626378346098
-14.60954364649159
-14.584167235303
-14.558506233692357
-14.532567869059474
-14.506358502181657
-14.479884130852499
-14.453150607053411
-14.426163712975862
-14.398931048526276
-14.371460473385325
-14.343758696564572
-14.315831768213025
-14.287685584775133
-14.259325943956236
-14.24447901606666
-14.240390234762105
-14.244015634389717
-14.253313257485495
-14.266880692256061
-14.28369382500378
-14.302969346065014
-14.324088743876159
-14.346552542328174
-14.369950653081231
-14.393942416452056
-14.418242609137142
-14.442611297976729
-14.466846022708799
-14.49077574089143
-14.51425703174241
-14.537170472901517
-14.559415174198643
-14.580906437426039
-14.60157396546731
-14.621362111024755
-14.640224758201835
-14.6581250327521
-14.675034182418951
-14.690930542395611
-14.705797800738058
-14.719624947045071
-14.732406201956708
-14.74414022633471
-14.754829411171418
-14.764479280199128
-14.773097980965169
-14.780695848811934
-14.787285032071061
-14.792879168939246
-14.797493108367478
-14.801142648934858
-14.803844340149503
-14.805615320719532
-14.806473169271174
-14.806435764544624
-14.805521171209634
-14.803747544854827
-14.801133051687312
-14.797695800584545
-14.793453780820268
-14.788424791398777
-14.78262641174824
-14.77607597537853
-14.768790549325024
-14.760786926324005
-14.752081600842253
-14.742690755207509
-14.732629752675559
-14.721913082027145
-14.710555225902139
-14.698570603734938
-14.685973475579965
-14.672777886785333
-14.658997638612334
-14.644646273196832
-14.629737066988026
-14.614283029559926
-14.598297361044326
-14.581793973888969
-14.564785551261807
-14.547284203170358
-14.529301762442289
-14.510849722182705
-14.491939230638458
-14.472581127446631
-14.452785985003011
-14.432564143347449
-14.411926555241763
-14.390885040979786
-14.369450362590465
-14.347632528540943
-14.325441066895225
-14.302885180035988
-14.27997383775351
-14.256715339529864
-14.233116596793645
-14.209184969970003
-14.18492818780893
-14.160354118485529
-14.13547064254288
-14.110285597595352
-14.084806757180734
-14.059041824289265
-14.032998430910721
-14.00668413985171
-13.98010644719848
-13.953275353075787
-13.926199935218227
-13.898888000993342
-13.871346782328581
-13.84358399914256
-13.815608817660697
-13.78742859659935
-13.759049036989305
-13.73047531317568
-13.701712612551828
-13.672766059875407
-13.643640725890252
-13.614341663695606
-13.584873937923968
-13.55524264194067
-13.525452905580256
-13.495509971239525
-13.465419350356125
-13.435186676645843
-13.404817568782796
-13.37431756062852
-13.343692326000486
-13.31294777689757
-13.282089677741114
-13.251122863984381
-13.220051977789948
-13.188882344611653
-13.157618976471088
-13.126266533241417
-13.094832164669839
-13.063324627945763
-13.031749508431952
-13.00011055070301
-12.968410647087186
-12.936655802755624
-12.904848964266609
-12.872992357597367
-12.841088028393285
-12.80913804672341
-12.777144598332496
-12.76008580168897
-12.755033869266033
-12.758665000214906
-12.768715524948268
-12.783610935499782
-12.802190051510372
-12.823558138383364
-12.847004980579783
-12.87195530541838
-12.897936526671801
-12.92455659611636
-12.951488202737943
-12.978457155915834
-13.005233466525443
-13.031624946560758
-13.057472858689483
-13.082643896358588
-13.107029525762695
-13.130539334687334
-13.153099430673095
-13.174650561760567
-13.195146339879953
-13.214551465937264
-13.232840191873947
-13.249995282053632
-13.26600784848323
-13.280874353819854
-13.29459592314096
-13.307177806903184
-13.318628889316605
-13.328961284750418
-13.338189661760644
-13.34633073134147
-13.353402856110694
-13.359425723723717
-13.364420062564975
-13.368407392377572
-13.385742729190188
-13.413519278200843
-13.44849515673548
-13.488480434344726
-13.531969054648815
-13.57786686947921
-13.625345381953709
-13.673759446519687
-13.722599560515407
-13.771458222655351
-13.819921191480992
-13.867741032860465
-13.914723698731317
-13.960711779254906
-14.005577610863313
-14.049219106811481
-14.091558165001494
-14.132529709985434
-14.172084459718198
-14.223717362878467
-14.28451153148727
-14.35130183827732
-14.421962482754665
-14.49504015147862
-14.569486810500347
-14.644520274697534
-14.719546945806345
-14.794104277348875
-14.867828180943603
-14.940431350473391
-15.011687545565078
-15.081415866007614
-15.149483018941856
-15.215784389180957
-15.280241851528615
-15.342803181547746
-15.403434301014611
-15.462114631867603
-15.518835684588698
-15.573595766725399
-15.626400891373196
-15.677266255177377
-15.726213537041067
-15.773269912516026
-15.818466748528557
-15.861838391095864
-15.90342561052407
-15.943269978812923
-15.98141178234226
-16.017890411590646
-16.052747023719068
-16.086024283509904
-16.11775876772213
-16.14798549473295
-16.176739414442793
-16.204055270424757
-16.229967312832994
-16.25450849296238
-16.277711143579744
-16.29960710062706
-16.320227666299864
-16.339603434120466
-16.357764166282188
-16.374738736299634
-16.390555110064657
-16.405240346559797
-16.41882060894189
-16.431321181616386
-16.442766491639894
-16.453180132133834
-16.462584887129243
-16.471002757733356
-16.47845498914588
-16.484962097959993
-16.490543900115743
-16.495219538820514
-16.499007512259983
-16.50192570095411
-16.50399139540979
-16.505221321205664
-16.505631667353065
-16.505238112682328
-16.504055848045986
-16.502099597223655
-16.499383638046613
-16.49592182400905
-16.491727606159845
-16.486814052882274
-16.481193870168898
-16.474879421097675
-16.46788274444966
-16.46021557250743
-16.451889348067393
-16.442915240700554
-16.433304162297333
-16.42306678193196
-16.412213541245485
-16.4007546715143
-16.388700206469533
-16.37605999261543
-16.36284369916639
-16.349060828249257
-16.334720210178123
-16.319830336645268
-16.30439782663422
-16.288429212233343
-16.271931746902084
-16.25491315208806
-16.237381433370157
-16.219344771679513
-16.200811420346685
-16.18178968598023
-16.162287831338656
-16.142314630259808
-16.121879700348284
-16.10099142010384
-16.079657568358083
-16.0578856169312
-16.03568286570181
-16.013056516429764
-15.99001371731002
-15.966563098854266
-15.94271405589767
-15.918474044371797
-15.893850006107906
-15.868848189170647
-15.843470939712399
-15.817721710430474
-15.791605263489945
-15.765127204636586
-15.738293664727832
-15.711111114883321
-15.683586527246824
-15.655727054949056
-15.627540280811722
-15.599036820375074
-15.570225672689077
-15.541114636299804
-15.511711000641974
-15.482021751576573
-15.45205366402798
-15.42181338892379
-15.39130962173136
-15.360546531533497
-15.329527573769791
-15.298257082203671
-15.266739945465128
-15.234981415479417
-15.202987018834433
-15.170762511858113
-15.138314161226951
-15.105648592507102
-15.072772479279955
-15.039692514389065
-15.006415420825599
-14.972947920145335
-14.939300560436731
-14.905481547954347
-14.871494903096007
-14.850821366408654
-14.840836417134732
-14.83862578245675
-14.842239913478634
-14.850338727003324
-14.861938420165389
-14.876277555403632
-14.892747544169888
-14.910850196376753
-14.930170299503201
-14.950357286486936
-14.971112475763299
-14.99217990024961
-15.013339501124339
-15.034403579216283
-15.055210192113252
-15.075618850840401
-15.095508588399715
-15.114775794754147
-15.133332260966409
-15.151103445122619
-15.168026932744059
-15.184051065943512
-15.199133918833702
-15.21324213369048
-15.226349738306576
-15.238437196387196
-15.249490620186867
-15.25950108467723
-15.268464016042335
-15.276378642209197
-15.283247498458751
-15.289075983096932
-15.293871958909946
-15.297645396522721
-15.300408056058766
-15.302173203737695
-15.302955360269332
-15.302770078118309
-15.30163374492223
-15.299563410548743
-15.296576635471533
-15.292691358330861
-15.287925780720524
-15.282298267409221
-15.275827260360394
-15.268531205060404
-15.260428487800448
-15.251537382683862
-15.241876007246656
-15.23146228568657
-15.220313918794693
-15.208448359774117
-15.195882795213086
-15.182634130555451
-15.168718979492276
-15.154153656730694
-15.138954173663562
-15.123136236537299
-15.106715246748664
-15.089706467187296
-15.072124912943789
-15.053985250375673
-15.035301779110798
-15.016088486177253
-14.99635907482204
-14.976127455351026
-14.95540908583133
-14.934217212133838
-14.912564323319312
-14.890462470204856
-14.867923379832018
-14.844957431804012
-14.82157354030988
-14.797781272494193
-14.77359063988187
-14.74901179920902
-14.724054895522917
-14.69872999177009
-14.673047039117074
-14.647015865817261
-14.62064828612477
-14.593955372147274
-14.566946934436682
-14.539632140038005
-14.51201995489496
-14.484119412300652
-14.45593936241293
-14.427488395535347
-14.398774870244791
-14.369807344488258
-14.34059607949091
-14.31114845854055
-14.281471600057138
-14.251572372360826
-14.221457435701994
-14.191133396766414
-14.16060687273542
-14.129884512342608
-14.098973172910886
-14.067879771515893
-14.036611161759994
-14.005174090272622
-13.973575196077459
-13.941824352430764
-13.909929716344454
-13.877898274373702
-13.84573994197234
-13.81346022706572
-13.781063636200694
-13.748555033183887
-13.715939206622576
-13.68322061831274
-13.65040348968933
-13.617491916421546
-13.584489951793083
-13.551401658594132
-13.51823113815865
-13.484982544098091
-13.451660083667544
-13.418268101123692
-13.384811204737948
-13.351294163010051
-13.317721828659613
-13.284098662290026
-13.25042913242606
-13.216718694303879
-13.18297229772735
-13.14919417862079
-13.115388015726682
-13.081562796219153
-13.04772521119378
-13.013879171650968
-12.980027109149567
-12.946172956292264
-12.912319978943309
-12.878469589104636
-12.844622761749006
-12.810780416289367
-12.776943664124088
-12.743113541305924
-12.709291274391077
-12.675480102972841
-12.64168367384049
-12.607904924469006
-12.574146023463742
-12.54040858649816
-12.506693923698533
-12.473003161379282
-12.43933730737894
-12.405697307012476
-12.372084081301685
-12.338498857000465
-12.304945899126444
-12.27142778720044
-12.237946306323998
-12.204502294345826
-12.171096122055598
-12.137728043714256
-12.104399911528592
-12.086658846946909
-12.081496914277626
-12.085459371415956
-12.096176874965439
-12.111991965853678
-12.131677066710497
-12.154285165667968
-12.179063469272434
-12.205401484312834
-12.23279853068771
-12.260839120541123
-12.289176481465681
-12.31752050597467
-12.345630533206668
-12.373305515233842
-12.400377303468124
-12.426706368124742
-12.45217800601842
-12.476699019481941
-12.500194821538363
-12.522606909237041
-12.54389066032762
-12.564013397558144
-12.582952866785961
-12.600696107562088
-12.617237337333036
-12.632576723953354
-12.646719437551331
-12.659674959805763
-12.67145648554521
-12.682080168655492
-12.691564533653322
-12.699930004954714
-12.70719851301258
-12.713393157429147
-12.718537916120816
-12.722657393756986
-12.725776604728283
-12.727920806516195
-12.72911532459046
-12.729385403838783
-12.72875609232012
-12.727252150099732
-12.724897976762165
-12.721717553610445
-12.71773439800995
-12.712971540425034
-12.707451505071901
-12.701196279541767
-12.69422729315094
-12.686565405971448
-12.678230905547228
-12.669243508849151
-12.659622367978601
-12.649386078688512
-12.638552696401883
-12.627139763149465
-12.615164325913756
-12.60264300477689
-12.589591885339187
-12.576026484387334
-12.561961772427216
-12.547412211297337
-12.532391790923635
-12.51691436741907
-12.500993518411617
-12.484642259164586
-12.467873049247261
-12.450697867911042
-12.433128278841336
-12.415175476522084
-12.39685032049391
-12.37816336227334
-12.359124867363631
-12.33974483363897
-12.320033021353304
-12.315210914434703
-12.322237694083588
-12.337657506290341
-12.359109966163498
-12.384958431663572
-12.41400668190927
-12.445345499313358
-12.478265431917878
-12.512202846591304
-12.546705080142289
-12.581405285388787
-12.616004077445167
-12.65025650563546
-12.683962503331925
-12.716959294577116
-12.749114917382391
-12.780323143635453
-12.81049944381638
-12.839577782898745
-12.867507760922136
-12.89425210940793
-12.9197846021344
-12.944088313205103
-12.967154146166719
-12.988979579271286
-13.009567589049112
-13.028928309216589
-13.047074678648412
-13.064020893470037
-13.079783044486076
-13.094379017950116
-13.107828249864982
-13.120151430043634
-13.131370232922173
-13.141507078091278
-13.150584925916593
-13.158627079933332
-13.165657018590279
-13.171698255044202
-13.176774220303273
-13.180908166699393
-13.184123088057342
-13.18644165431383
-13.187886159064128
-13.188478478564218
-13.188240040679087
-13.187191802332888
-13.185354234151928
-13.182747311147407
-13.179390508435947
-13.175302801132862
-13.170502667673981
-13.165008095927536
-13.158836591580556
-13.152005188274632
-13.144530459106301
-13.136428529170452
-13.127715088913858
-13.118405407950359
-13.108514349642027
-13.098056385719172
-13.087045610490707
-13.07549575472672
-13.063420174173805
-13.050831449649383
-13.037742006390872
-13.024164240149446
-13.010110559175171
-13.010172003277258
-13.021382077889523
-13.040417635288176
-13.065027032433363
-13.093658519745574
-13.125184273240745
-13.15875117270672
-13.193696246263091
-13.229494629530762
-13.265725389582924
-13.302047990171028
-13.33818710200385
-13.3739201102719
-13.409064506242624
-13.44347090739587
-13.477017728686254
-13.509606838876943
-13.541158311877451
-13.571609542762005
-13.600913122276529
-13.629034050949492
-13.655947603656523
-13.681637660637387
-13.706095362965614
-13.72931799526242
-13.751307978109798
-13.77207258598743
-13.791623475771376
-13.8099740458127
-13.827139558170138
-13.843136968930148
-13.85798466029709
-13.871702166567674
-13.884310044140019
-13.895829560270332
-13.906282395929168
-13.915690455666674
-13.924075745559662
-13.931460257478493
-13.937865877233182
-13.943314311098058
-13.94782702415531
-13.951425189043876
-13.954129644150346
-13.955960860282678
-13.956938914867397
-13.957083472743612
-13.956413772683739
-13.954948618840707
-13.95270637639668
-13.94970497076431
-13.945961889764632
-13.941494188274513
-13.936318494899815
-13.93045102028812
-13.923907566746351
-13.916703538875057
-13.90885395497179
-13.90037345899228
-13.891276332889367
-13.881576509177865
-13.871287617883095
-13.860423095186146
-13.848996070753032
-13.837019323503553
-13.824505290044181
-13.811466086933446
-13.797913533714409
-13.783859173593253
-13.769315782289219
-13.754294957590151
-13.73880760494398
-13.722864207977887
-13.706474949674483
-13.689649776881536
-13.672398439172422
-13.654730513918041
-13.636655423222006
-13.618182509953423
-13.599320033650535
-13.580076287443852
-13.560459602466917
-13.54047829003089
-13.520140594049352
-13.499454737332012
-13.478428926073265
-13.457071274242685
-13.435389755123863
-13.413392194027175
-13.391086277485092
-13.368479567219842
-13.345579513760088
-13.322393468077255
-13.298928690910458
-13.275192696078424
-13.251193012184654
-13.22693698477387
-13.202431739311047
-13.177684857162415
-13.152705097878298
-13.127499395602227
-13.116655181771334
-13.117256102188746
-13.126023389619212
-13.140733213078267
-13.159848481252618
-13.1822453270902
-13.207066471491556
-13.233638833857707
-13.261423256974004
-13.28998273009988
-13.318959937727882
-13.348059237861872
-13.377035536334176
-13.405685150133095
-13.433838820670651
-13.461356270230166
-13.488121819987215
-13.514040778431657
-13.539036420827781
-13.563047425267948
-13.586025465870993
-13.607932731020066
-13.628741611857306
-13.648433430678738
-13.66699664492836
-13.68442567707678
-13.700719997064523
-13.715883328444686
-13.729922969416696
-13.742849203092222
-13.754674784368214
-13.765414495591864
