-65.0
-65.02182546141991
-65.04256062268065
-65.06209139823555
-65.08042834436213
-65.09764416092817
-65.11383740434796
-65.12911266479381
-65.14357050297843
-65.15730292272525
-65.17039184753496
-65.18290913660007
-65.19491731980666
-65.20647060829162
-65.21761595223893
-65.22839403717846
-65.23884017447509
-65.24898507492746
-65.25885551038364
-65.26847487500679
-65.27786365977319
-65.28703985342527
-65.29601928175619
-65.30481589544948
-65.3134420150674
-65.32190854031549
-65.33022512945477
-65.33840035368453
-65.34644183045825
-65.35435633899387
-65.36214992067094
-65.36982796654591
-65.37739529384255
-65.38485621296994
-65.39221458637141
-65.39947388030394
-65.40663721047922
-65.41370738235854
-65.42068692677833
-65.42757813148613
-65.4343830690863
-65.44110362182647
-65.44774150359815
-65.45429827947592
-65.46077538307831
-65.46717413199754
-65.47349574151488
-65.47974133679227
-65.48591196370782
-65.4920085984834
-65.49803215623541
-65.50398349856479
-65.50986344028942
-65.51567275541065
-65.52141218239561
-65.52708242884825
-65.53268417563397
-65.53821808051633
-65.54368478135741
-65.54908489892892
-65.55441903937543
-65.55968779636729
-65.56489175297692
-65.57003148330844
-65.57510755390776
-65.58012052497737
-65.58507095141778
-65.58995938371486
-65.59478636869099
-65.59955245013552
-65.60425816932874
-65.60890406547215
-65.61349067603611
-65.61801853703533
-65.6224881832411
-65.62690014833849
-65.63125496503568
-65.63555316513211
-65.63979527955108
-65.64398183834199
-65.64811337065682
-65.65219040470498
-65.65621346769004
-65.66018308573149
-65.66409978377462
-65.66796408549057
-65.67177651316914
-65.67553758760602
-65.67924782798613
-65.68290775176463
-65.6865178745467
-65.69007870996734
-65.69359076957198
-65.69705456269871
-65.70047059636286
-65.70383937514445
-65.707161401079
-65.71043717355198
-65.71366718919732
-65.71685194180024
-65.71999192220439
-65.72308761822362
-65.72613951455843
-65.72914809271705
-65.73211383094126
-65.73503720413684
-65.73791868380883
-65.74075873800115
-65.74355783124092
-65.74631642448708
-65.74903497508336
-65.75171393671548
-65.75435375937228
-65.75695488931099
-65.75951776902609
-65.76204283722201
-65.76453052878924
-65.76698127478383
-65.76939550241023
-65.77177363500708
-65.77411609203607
-65.77642328907359
-65.77869563780506
-65.78093354602177
-65.78313741762024
-65.78530765260379
-65.78744464708635
-65.78954879329824
-65.79162047959396
-65.79366050874326
-65.79567074867042
-65.79765475304787
-65.79961818207028
-65.80156896348345
-65.80351721103726
-65.8054749742644
-65.80745591215126
-65.80947496830059
-65.81154809451044
-65.81369204574277
-65.81592425302185
-65.8182627679289
-65.82072626202752
-65.82333405786964
-65.82610616614758
-65.82906330586441
-65.83222688987868
-65.83561896522131
-65.83926210469674
-65.84317925240255
-65.84739353035977
-65.85192801628705
-65.85680550381187
-65.86204825639103
-65.86767776526534
-65.87371452024492
-65.88017780030297
-65.88708548907454
-65.89445391857042
-65.90229774282476
-65.91062984184977
-65.91946125518963
-65.9288011435397
-65.93865677630541
-65.94903354258636
-65.95993498285193
-65.9713628384927
-65.98331711645561
-65.99579616627369
-66.00879676695962
-66.02231422142845
-66.03634245633118
-66.05087412540819
-66.0659007146977
-66.08141264815576
-66.09739939245361
-66.11384955991488
-66.13075100873516
-66.14809093978909
-66.16585598947633
-66.18403231818847
-66.2026056940928
-66.22156157202784
-66.2408851673911
-66.26056152497178
-66.28057558274217
-66.30091223067292
-66.32155636467816
-66.34249293583088
-66.36370699501498
-66.3851837332009
-66.4069085175467
-66.42886692353657
-66.45104476337548
-66.4734281108614
-66.49600332295762
-66.51875705828495
-66.54167629275035
-66.56474833252305
-66.5879608245623
-66.61130176489415
-66.63475950482572
-66.65832275527724
-66.68198058940305
-66.70572244366346
-66.72953811750041
-66.75341777176094
-66.7773519260018
-66.80133145480134
-66.82534758319544
-66.84939188134643
-66.87345625854549
-66.89753295664137
-66.92161454298098
-66.94569390294033
-66.96976423211768
-66.99381902825445
-67.0178520829435
-67.04185747317902
-67.06582955279677
-67.08976294384907
-67.11365252795379
-67.13749343765308
-67.16128104781286
-67.18501096709146
-67.20867902950141
-67.23228128608636
-67.25581399673128
-67.2792736221222
-67.30265681586914
-67.32596041680355
-67.34918144145992
-67.3723170767492
-67.39536467283015
-67.41832173618327
-67.4411859228905
-67.46395503212295
-67.48662699983775
-67.5091998926839
-67.53167190211668
-67.55404133871909
-67.576306626728
-67.59846629876279
-67.62051899075294
-67.64246343706148
-67.66429846579976
-67.68602299432938
-67.70763602494696
-67.72913664074709
-67.75052400165848
-67.77179734064867
-67.79295596009194
-67.81399922829543
-67.83492657617842
-67.85573749409954
-67.87643152882681
-67.8970082806454
-67.91746740059807
-67.93780858785352
-67.95803158719735
-67.97813618664118
-67.99812221514509
-68.01798954044875
-68.03773806700691
-68.05736773402462
-68.0768785135883
-68.09627040888817
-68.11554345252836
-68.13469770492054
-68.15373325275762
-68.17265020756368
-68.19144870431671
-68.21012890014094
-68.22869097306521
-68.24713512084466
-68.26546155984238
-68.28367052396842
-68.30176226367328
-68.31973704499322
-68.3375951486449
-68.35533686916696
-68.37296251410616
-68.39047240324584
-68.40786686787463
-68.42514625009343
-68.44231090215861
-68.45936118585963
-68.47629747192943
-68.49312013948568
-68.50982957550153
-68.5264261743042
-68.54291033710003
-68.5592824715245
-68.57554299121608
-68.59169231541253
-68.60773086856851
-68.62365907999336
-68.63947738350804
-68.65518621712008
-68.67078602271572
-68.6862772457683
-68.70166033506194
-68.71693574242983
-68.73210392250617
-68.74716533249128
-68.76212043192882
-68.77696968249487
-68.79171354779783
-68.80635249318892
-68.8208869855825
-68.83531749328581
-68.84964448583747
-68.86386843385428
-68.87798980888586
-68.89200908327682
-68.90592673003593
-68.91974322271203
-68.93345903527624
-68.94707464201022
-68.96059051740001
-68.97400713603533
-68.98732497251389
-69.00054450135056
-69.01366619689101
-69.02669053322971
-69.03961798413205
-69.0524490229602
-69.06518412260273
-69.07782375540766
-69.0903683931188
-69.10281850681514
-69.11517456685331
-69.12743704281274
-69.13960640344347
-69.15168311661654
-69.16366764927672
-69.1755604673975
-69.18736203593829
-69.19907281880359
-69.21069327880413
-69.22222387761988
-69.23366507576479
-69.24501733255318
-69.25628110606777
-69.26745685312918
-69.27854502926687
-69.28954608869145
-69.30046048426838
-69.31128866749276
-69.32203108846542
-69.33268819587013
-69.34326043695187
-69.3537482574961
-69.36415210180914
-69.37447241269938
-69.38470963145939
-69.39486419784897
-69.40493655007901
-69.41492712479607
-69.42483635706779
-69.43466468036905
-69.44441252656877
-69.45408032591736
-69.46366850703494
-69.4731774969
-69.48260772083886
-69.49195960251548
-69.501233563922
-69.51043002536976
-69.51954940548075
-69.52859212117967
-69.53755858768639
-69.5464492185089
-69.55526442543668
-69.56400461853447
-69.57267020613658
-69.5812615948414
-69.58977918950644
-69.59822339324374
-69.60659460741553
-69.61489323163032
-69.62311966373935
-69.63127429983328
-69.6393575342393
-69.64736975951844
-69.65531136646325
-69.66318274409576
-69.67098427966565
-69.67871635864877
-69.68637936474589
-69.69397367988168
-69.70149968420398
-69.70895775608328
-69.71634827211241
-69.72367160710655
-69.73092813410332
-69.73811822436322
-69.74524224737017
-69.75230057083232
-69.75929356068302
-69.76622158108201
-69.77308499441675
-69.77988416130397
-69.78661944059135
-69.79329118935946
-69.79989976292376
-69.80644551483678
-69.81292879689055
-69.81934995911902
-69.8257093498008
-69.83200731546194
-69.8382442008788
-69.84442034908125
-69.85053610135576
-69.85659179724878
-69.86258777457023
-69.86852436939701
-69.87440191607675
-69.88022074723159
-69.8859811937621
-69.89168358485135
-69.89732824796896
-69.90291550887538
-69.90844569162626
-69.91391911857677
-69.91933611038621
-69.9246969860226
-69.93000206276731
-69.93525165621993
-69.94044608030306
-69.94558564726728
-69.95067066769614
-69.95570145051131
-69.96067830297767
-69.96560153070858
-69.97047143767115
-69.97528832619165
-69.98005249696088
-69.98476424903971
-69.98942387986457
-69.99403168525312
-69.99858795940982
-70.00309299493172
-70.00754708281417
-70.01195051245665
-70.01630357166863
-70.02060654667545
-70.02485972212429
-70.02906338109011
-70.03321780508173
-70.03732327404789
-70.0413800663833
-70.04538845893482
-70.04934872700764
-70.05326114437143
-70.05712598326664
-70.06094351441071
-70.06471400700435
-70.06843772873796
-70.07211494579782
-70.07574592287256
-70.07933092315952
-70.08287020837116
-70.0863640387415
-70.08981267303251
-70.09321636854067
-70.09657538110335
-70.09988996510539
-70.10316037348557
-70.10638685774313
-70.10956966794434
-70.11270905272899
-70.11580525931699
-70.11885853351492
-70.12186911972265
-70.12483726093978
-70.12776319877243
-70.13064717343964
-70.13348942378009
-70.13629018725865
-70.13904969997299
-70.14176819666015
-70.14444591070323
-70.1470830741379
-70.14967991765904
-70.15223667062737
-70.154753561076
-70.15723081571707
-70.1596686599483
-70.16206731785961
-70.16442701223971
-70.16674796458265
-70.16903039509444
-70.17127452269952
-70.17348056504744
-70.17564873851934
-70.17777925823448
-70.17987233805682
-70.18192819060152
-70.18394702724144
-70.18592905811367
-70.18787449212599
-70.18978353696336
-70.19165639909444
-70.19349328377794
-70.19529439506915
-70.19705993582636
-70.1987901077172
-70.20048511122513
-70.2021451456558
-70.20377040914339
-70.20536109865697
-70.20691741000688
-70.20843953785104
-70.20992767570121
-70.21138201592935
-70.21280274977383
-70.21419006734575
-70.21554415763512
-70.2168652085171
-70.21815340675822
-70.21940893802254
-70.2206319868778
-70.22182273680161
-70.22298137018755
-70.22410806835126
-70.22520301153655
-70.22626637892147
-70.2272983486243
-70.22829909770968
-70.2292688021945
-70.23020763705395
-70.23111577622747
-70.23199339262469
-70.23284065813134
-70.23365774361515
-70.23444481893175
-70.23520205293046
-70.23592961346023
-70.23662766737533
-70.23729638054121
-70.23793591784028
-70.23854644317757
-70.23912811948652
-70.2396811087347
-70.2402055719294
-70.24070166912334
-70.24116955942033
-70.24160940098079
-70.24202135102743
-70.24240556585072
-70.24276220081447
-70.24309141036134
-70.24339334801832
-70.24366816640214
-70.24391601722485
-70.24413705129905
-70.24433141854344
-70.24449926798809
-70.24464074777984
-70.24475600518757
-70.24484518660755
-70.24490843756868
-70.24494590273775
-70.24495772592465
-70.24494405008758
-70.24490501733824
-70.24484076894696
-70.24475144534783
-70.24463718614383
-70.24449813011191
-70.24433441520797
-70.24414617857202
-70.24393355653307
-70.24369668461418
-70.24343569753742
-70.24315072922876
-70.24284191282302
-70.24250938066875
-70.2421532643331
-70.24177369460664
-70.24137080150818
-70.2409447142896
-70.24049556144054
-70.24002347069322
-70.23952856902712
-70.23901098267369
-70.23847083712103
-70.23790825711849
-70.23732336668138
-70.23671628909551
-70.23608714692176
-70.23543606200067
-70.23476315545697
-70.23406854770407
-70.23335235844853
-70.23261470669455
-70.23185571074839
-70.2310754882228
-70.23027415604138
-70.22945183044295
-70.22860862698597
-70.22774466055273
-70.22686004535373
-70.22595489493197
-70.22502932216715
-70.22408343927992
-70.2231173578361
-70.22213118875084
-70.22112504229277
-70.22009902808821
-70.21905325512522
-70.21798783175768
-70.21690286570943
-70.21579846407826
-70.21467473333996
-70.21353177935231
-70.2123697073591
-70.21118862199405
-70.20998862728479
-70.20876982665669
-70.20753232293688
-70.20627621835804
-70.20500161456226
-70.2037086126049
-70.20239731295835
-70.20106781551591
-70.19972021959543
-70.19835462394317
-70.19697112673747
-70.19556982559243
-70.19415081756163
-70.19271419914183
-70.19126006627651
-70.18978851435958
-70.1882996382389
-70.18679353221997
-70.18527029006935
-70.18373000501835
-70.18217276976638
-70.18059867648459
-70.17900781681928
-70.17740028189536
-70.1757761623198
-70.17413554818503
-70.17247852907236
-70.17080519405532
-70.16911563170301
-70.16740993008347
-70.1656881767669
-70.16395045882906
-70.16219686285443
-70.16042747493951
-70.15864238069601
-70.15684166525412
-70.15502541326566
-70.15319370890727
-70.1513466358836
-70.14948427743042
-70.14760671631777
-70.1457140348531
-70.14380631488434
-70.141883637803
-70.13994608454723
-70.13799373560485
-70.13602667101642
-70.13404497037821
-70.13204871284525
-70.13003797713422
-70.12801284152651
-70.12597338387108
-70.12391968158744
-70.12185181166848
-70.11976985068344
-70.11767387478073
-70.11556395969077
-70.11344018072884
-70.1113026127979
-70.10915133039136
-70.10698640759587
-70.1048079180941
-70.10261593516745
-70.1004105316988
-70.0981917801752
-70.09595975269058
-70.09371452094841
-70.09145615626439
-70.08918472956903
-70.08690031141035
-70.08460297195641
-70.08229278099802
-70.07996980795116
-70.07763412185969
-70.07528579139783
-70.07292488487269
-70.0705514702268
-70.06816561504063
-70.06576738653499
-70.06335685157359
-70.06093407666546
-70.05849912796737
-70.05605207128625
-70.05359297208163
-70.051121895468
-70.04863890621719
-70.04614406876074
-70.04363744719222
-70.04111910526963
-70.0385891064176
-70.03604751372984
-70.03349438997128
-70.03092979758047
-70.02835379867174
-70.02576645503753
-70.02316782815053
-70.02055797916601
-70.01793696892393
-70.01530485795116
-70.01266170646367
-70.01000757436869
-70.00734252126684
-70.00466660645426
-70.00197988892478
-69.99928242737197
-69.99657428019128
-69.99385550548209
-69.99112616104978
-69.9883863044078
-69.9856359927797
-69.9828752831012
-69.98010423202209
-69.97732289590836
-69.97453133084414
-69.97172959263368
-69.96891773680326
-69.96609581860324
-69.96326389300992
-69.9604220147275
-69.95757023818999
-69.9547086175631
-69.95183720674613
-69.94895605937388
-69.94606522881845
-69.94316476819114
-69.94025473034428
-69.93733516787304
-69.93440613311729
-69.93146767816336
-69.92851985484582
-69.92556271474933
-69.92259630921033
-69.91962068931886
-69.91663590592024
-69.9136420096169
-69.91063905076999
-69.90762707950115
-69.90460614569426
-69.901576298997
-69.89853758882265
-69.89549006435169
-69.89243377453347
-69.88936876808786
-69.88629509350689
-69.88321279905632
-69.88012193277734
-69.8770225424881
-69.87391467578533
-69.8707983800459
-69.86767370242839
-69.86454068987469
-69.86139938911147
-69.85824984665179
-69.85509210879658
-69.85192622163619
-69.84875223105186
-69.84557018271724
-69.84238012209987
-69.83918209446264
-69.83597614486528
-69.83276231816579
-69.82954065902192
-69.82631121189254
-69.82307402103916
-69.81982913052727
-69.81657658422775
-69.8133164258183
-69.81004869878484
-69.80677344642282
-69.80349071183865
-69.80020053795104
-69.79690296749233
-69.79359804300987
-69.79028580686729
-69.7869663012459
-69.78363956814593
-69.78030564938786
-69.77696458661373
-69.77361642128838
-69.77026119470078
-69.76689894796525
-69.76352972202271
-69.760153557642
-69.75677049542102
-69.75338057578804
-69.7499838390029
-69.74658032515816
-69.74317007418041
-69.73975312583138
-69.7363295197092
-69.73289929524948
-69.72946249172658
-69.72601914825472
-69.72256930378914
-69.71911299712725
-69.71565026690976
-69.7121811516218
-69.70870568959411
-69.70522391900403
-69.70173587787671
-69.69824160408618
-69.69474113535638
-69.69123450926237
-69.6877217632313
-69.68420293454353
-69.68067806033372
-69.6771471775918
-69.67361032316414
-69.67006753375452
-69.66651884592522
-69.66296429609808
-69.65940392055542
-69.65583775544103
-69.65226583676122
-69.6486882003857
-69.64510488204866
-69.6415159173496
-69.63792134175438
-69.63432119059617
-69.63071549907635
-69.62710430226545
-69.62348763510417
-69.61986553240418
-69.61623802884914
-69.61260515899559
-69.60896695727381
-69.60532345798879
-69.60167469532107
-69.59802070332765
-69.5943615159429
-69.59069716697935
-69.58702769012868
-69.58335311896244
-69.579673486933
-69.57598882737437
-69.57229917350305
-69.56860455841884
-69.56490501510567
-69.56120057643244
-69.55749127515385
-69.55377714391116
-69.55005821523301
-69.54633452153621
-69.54260609512654
-69.53887296819956
-69.53513517284128
-69.53139274102904
-69.5276457046322
-69.5238940954129
-69.52013794502673
-69.51637728502355
-69.51261214684811
-69.50884256184078
-69.50506856123826
-69.5012901761743
-69.49750743768033
-69.49372037668624
-69.48992902402104
-69.48613341041353
-69.48233356649305
-69.47852952279017
-69.47472130973732
-69.47090895766956
-69.46709249682525
-69.46327195734666
-69.4594473692808
-69.45561876257995
-69.4517861671024
-69.44794961261313
-69.44410912878443
-69.44026474519659
-69.4364164913385
-69.43256439660834
-69.42870849031416
-69.42484880167454
-69.42098535981918
-69.41711819378955
-69.41324733253941
-69.40937280493551
-69.40549463975812
-69.40161286570161
-69.39772751137504
-69.39383860530273
-69.38994617592485
-69.38605025159794
-69.38215086059547
-69.37824803110846
-69.37434179124588
-69.37043216903534
-69.36651919242354
-69.36260288927679
-69.35868328738158
-69.35476041444508
-69.35083429809563
-69.34690496588327
-69.34297244528024
-69.33903676368146
-69.33509794840505
-69.33115602669282
-69.32721102571072
-69.32326297254936
-69.31931189422443
-69.31535781767725
-69.31140076977519
-69.30744077731211
-69.30347786700885
-69.29951206551368
-69.29554339940273
-69.29157189518048
-69.28759757928013
-69.28362047806411
-69.27964061782444
-69.27565802478321
-69.27167272509298
-69.26768474483721
-69.26369411003067
-69.25970084661985
-69.25570498048336
-69.25170653743234
-69.24770554321088
-69.24370202349638
-69.23969600389994
-69.23568750996678
-69.2316765671766
-69.22766320094398
-69.2236474366187
-69.2196292994862
-69.21560881476786
-69.21158600762143
-69.20756090314136
-69.20353352635912
-69.19950390224366
-69.19547205570164
-69.19143801157786
-69.18740179465553
-69.1833634296567
-69.17932294124249
-69.17528035401354
-69.17123569251022
-69.16718898121304
-69.16314024454294
-69.15908950686159
-69.15503679247175
-69.15098212561755
-69.14692553048476
-69.1428670312012
-69.13880665183694
-69.13474441640462
-69.13068034885976
-69.12661447310104
-69.12254681297061
-69.11847739225433
-69.1144062346821
-69.11033336392804
-69.1062588036109
-69.10218257729424
-69.09810470848673
-69.09402522064237
-69.0899441371608
-69.08586148138755
-69.0817772766143
-69.0776915460791
-69.07360431296662
-69.06951560040845
-69.0654254314833
-69.06133382921726
-69.05724081658398
-69.05314641650502
-69.04905065184992
-69.0449535454366
-69.04085512003145
-69.03675539834964
-69.03265440305528
-69.02855215676165
-69.02444868203146
-69.02034400137701
-69.0162381372604
-69.01213111209377
-69.00802294823946
-69.00391366801023
-68.99980329366947
-68.99569184743142
-68.99157935146125
-68.9874658278754
-68.98335129874165
-68.97923578607937
-68.97511931185967
-68.97100189800561
-68.96688356639233
-68.96276433884726
-68.95864423715031
-68.95452328303398
-68.95040149818357
-68.94627890423732
-68.94215552278662
-68.93803137537611
-68.93390648350388
-68.92978086862156
-68.9256545521346
-68.92152755540228
-68.91739989973792
-68.91327160640904
-68.9091426966375
-68.90501319159961
-68.90088311242629
-68.8967524802032
-68.89262131597093
-68.88848964072503
-68.88435747541624
-68.88022484095063
-68.8760917581897
-68.87195824795053
-68.86782433100589
-68.8636900280844
-68.8595553598706
-68.85542034700505
-68.8512850100845
-68.84714936966196
-68.84301344624681
-68.8388772603049
-68.83474083225863
-68.83060418248712
-68.82646733132626
-68.82233029906877
-68.81819310596438
-68.81405577221989
-68.80991831799922
-68.80578076342357
-68.80164312857147
-68.79750543347886
-68.79336769813922
-68.78922994250361
-68.78509218648078
-68.78095444993724
-68.77681675269733
-68.77267911454332
-68.76854155521549
-68.76440409441219
-68.76026675178987
-68.75612954696325
-68.75199249950529
-68.74785562894729
-68.74371895477896
-68.73958249644852
-68.73544627336275
-68.73131030488697
-68.72717461034503
-68.72303920901932
-68.71890412015078
-68.71476936293894
-68.71063495654188
-68.70650092007628
-68.7023672726175
-68.69823403319953
-68.69410122081513
-68.68996885441584
-68.68583695291207
-68.68170553517312
-68.67757462002729
-68.67344422626192
-68.66931437262349
-68.66518507781767
-68.66105636050938
-68.65692823932288
-68.65280073284183
-68.64867385960933
-68.64454763812803
-68.64042208686011
-68.63629722422743
-68.63217306861151
-68.62804963835357
-68.62392695175467
-68.61980502707564
-68.6156838825372
-68.61156353631993
-68.60744400656439
-68.60332531137104
-68.59920746880037
-68.59509049687288
-68.5909744135691
-68.58685923682962
-68.58274498455513
-68.57863167460643
-68.57451932480438
-68.57040795293005
-68.5662975767246
-68.56218821388936
-68.55807988208583
-68.55397259893572
-68.54986638202085
-68.54576124888331
-68.54165721702533
-68.53755430390937
-68.5334525269581
-68.52935190355437
-68.52525245104127
-68.52115418672206
-68.51705712786024
-68.5129612916795
-68.50886669536374
-68.50477335605706
-68.50068129086377
-68.49659051684837
-68.49250105103555
-68.48841291041016
-68.4843261119173
-68.48024067246219
-68.47615660891023
-68.47207393808701
-68.46799267677824
-68.46391284172978
-68.45983444964762
-68.45575751719785
-68.45168206100671
-68.44760809766048
-68.44353564370557
-68.43946471564844
-68.43539532995561
-68.43132750305362
-68.42726125132909
-68.42319659112859
-68.41913353875874
-68.41507211048614
-68.41101232253733
-68.40695419109883
-68.40289773231709
-68.39884296229845
-68.39478989710919
-68.39073855277547
-68.3866889452833
-68.3826410905785
-68.37859500456679
-68.37455070311363
-68.37050820204426
-68.36646751714373
-68.36242866415678
-68.35839165878788
-68.3543565167012
-68.35032325352059
-68.34629188482951
-68.34226242617109
-68.33823489304802
-68.33420930092261
-68.33018566521666
-68.32616400131157
-68.32214432454819
-68.31812665022687
-68.31411099360743
-68.31009736990907
-68.30608579431045
-68.30207628194955
-68.29806884792374
-68.29406350728969
-68.29006027506337
-68.28605916622003
-68.28206019569414
-68.27806337837943
-68.27406872912876
-68.27007626275416
-68.2660859940268
-68.26209793767693
-68.25811210839389
-68.25412852082604
-68.2501471895808
-68.24616812922456
-68.24219135428268
-68.23821687923947
-68.23424471853814
-68.23027488658079
-68.22630739772839
-68.22234226630071
-68.21837950657635
-68.21441913279267
-68.21046115914574
-68.20650559979038
-68.20255246884005
-68.1986017803669
-68.19465354840169
-68.19070778693376
-68.186764509911
-68.18282373123986
-68.17888546478528
-68.17494972437068
-68.17101652377788
-68.16708587674714
-68.1631577969771
-68.15923229812475
-68.15530939380538
-68.15138909759258
-68.1474714230182
-68.1435563835723
-68.13964399270316
-68.1357342638172
-68.13182721027898
-68.12792284541118
-68.12402118249453
-68.12012223476782
-68.11622601542786
-68.11233253762943
-68.10844181448526
-68.10455385906602
-68.10066868440026
-68.09678630347442
-68.09290672923274
-68.0890299745773
-68.08515605236796
-68.0812849754223
-68.07741675651566
-68.07355140838102
-68.06968894370908
-68.06582937514816
-68.06197271530415
-68.05811897674059
-68.0542681719785
-68.0504203134965
-68.04657541373065
-68.0427334850745
-68.03889453987907
-68.03505859045275
-68.03122564906138
-68.02739572792817
-68.02356883923369
-68.01974499511589
-68.01592420767005
-68.0121064889488
-68.00829185096202
-68.00448030567688
-68.00067186501776
-67.99686654086628
-67.99306434506121
-67.98926528939852
-67.98546938563122
-67.98167664546949
-67.97788708058054
-67.97410070258866
-67.97031752307511
-67.9665375535782
-67.9627608055932
-67.95898729057235
-67.95521701992483
-67.95145000501677
-67.94768625717117
-67.94392578766795
-67.94016860774387
-67.93641472859254
-67.93266416136436
-67.92891691716649
-67.92517300706275
-67.92143244207362
-67.91769523317612
-67.91396139130372
-67.91023092734628
-67.90650385215001
-67.90278017651737
-67.89905991120699
-67.89534306693368
-67.89162965436833
-67.88791968413796
-67.8842131668256
-67.88051011297043
-67.87681053306761
-67.87311443756847
-67.86942183688039
-67.86573274136687
-67.86204716134759
-67.85836510709838
-67.85468658885128
-67.85101161679458
-67.84734020107284
-67.84367235178689
-67.84000807899393
-67.83634739270747
-67.8326903028974
-67.82903681949006
-67.82538695236815
-67.82174071137086
-67.81809810629382
-67.81445914688913
-67.8108238428654
-67.80719220388772
-67.8035642395777
-67.79993995951345
-67.79631937322965
-67.79270249021747
-67.78908931992463
-67.7854798717554
-67.7818741550706
-67.77827217918758
-67.77467395338037
-67.77107948687964
-67.76748878887275
-67.76390186850372
-67.76031873487321
-67.75673939703849
-67.75316386401346
-67.74959214476861
-67.74602424823101
-67.7424601832843
-67.73889995876868
-67.73534358348095
-67.73179106617444
-67.72824241555904
-67.7246976403012
-67.72115674902395
-67.71761975030687
-67.71408665268609
-67.71055746465431
-67.70703219466083
-67.70351085111147
-67.69999344236868
-67.69647997675146
-67.6929704625354
-67.68946490795271
-67.68596332119216
-67.68246571039917
-67.67897208367577
-67.67548244908059
-67.67199681462893
-67.6685151882927
-67.66503757800051
-67.6615639916376
-67.65809443704592
-67.65462892202409
-67.65116745432742
-67.64771004166799
-67.64425669171456
-67.64080741209268
-67.63736221038464
-67.6339210941295
-67.63048407082316
-67.6270511479183
-67.62362233282445
-67.620197632908
-67.61677705549218
-67.61336060785715
-67.60994829723995
-67.60654013083457
-67.60313611579195
-67.59973625922001
-67.59634056818365
-67.59294904970479
-67.58956171076241
-67.58617855829254
-67.58279959918832
-67.57942484029996
-67.57605428843486
-67.57268795035753
-67.56932583278972
-67.56596794241035
-67.56261428585562
-67.55926486971897
-67.55591970055114
-67.5525787848602
-67.54924212911158
-67.54590973972805
-67.54258162308983
-67.53925778553459
-67.53593823335741
-67.53262297281094
-67.52931201010533
-67.52600535140827
-67.52270300284509
-67.51940497049873
-67.51611126040977
-67.51282187857655
-67.50953683095506
-67.50625612345911
-67.5029797619603
-67.49970775228806
-67.49644010022969
-67.49317681153042
-67.4899178918934
-67.4866633469798
-67.48341318240877
-67.48016740375756
-67.4769260165615
-67.47368902631409
-67.47045643846697
-67.46722825843004
-67.46400449157144
-67.46078514321765
-67.45757021865346
-67.45435972312207
-67.45115366182512
-67.44795203992271
-67.4447548625335
-67.44156213473467
-67.43837386156204
-67.4351900480101
-67.43201069903202
-67.42883581953974
-67.42566541440398
-67.42249948845432
-67.41933804647924
-67.41618109322614
-67.41302863340144
-67.40988067167056
-67.40673721265806
-67.40359826094762
-67.4004638210821
-67.3973338975636
-67.39420849485356
-67.3910876173727
-67.38797126950121
-67.38485945557866
-67.3817521799042
-67.37864944673647
-67.37555126029379
-67.37245762475409
-67.36936854425507
-67.36628402289416
-67.36320406472868
-67.3601286737758
-67.35705785401268
-67.35399160937645
-67.35092994376431
-67.34787286103361
-67.34482036500184
-67.34177245944674
-67.3387291481064
-67.33569043467918
-67.33265632282394
-67.32962681615996
-67.3266019182671
-67.32358163268582
-67.3205659629172
-67.3175549124231
-67.31454848462614
-67.3115466829098
-67.30854951061848
-67.30555697105753
-67.30256906749337
-67.2995858031535
-67.29660718122665
-67.29363320486272
-67.29066387717293
-67.2876992012299
-67.28473918006763
-67.28178381668167
-67.27883311402908
-67.27588707502862
-67.2729457025607
-67.27000899946752
-67.26707696855311
-67.2641496125834
-67.26122693428627
-67.25830893635168
-67.2553956214317
-67.25248699214056
-67.24958305105476
-67.2466838007131
-67.24378924361683
-67.24089938222963
-67.23801421897774
-67.23513375625001
-67.23225799639799
-67.22938694173598
-67.22652059454113
-67.22365895705347
-67.22080203147605
-67.21794981997498
-67.21510232467948
-67.212259547682
-67.20942149103824
-67.20658815676731
-67.20375954685173
-67.20093566323754
-67.19811650783436
-67.19530208251548
-67.19249238911794
-67.18968742944261
-67.18688720525424
-67.18409171828155
-67.18130097021734
-67.17851496271852
-67.17573369740626
-67.17295717586596
-67.17018539964742
-67.16741837026493
-67.16465608919725
-67.16189855788782
-67.15914577774477
-67.15639775014101
-67.15365447641433
-67.15091595786748
-67.14818219576824
-67.1454531913495
-67.14272894580937
-67.14000946031122
-67.13729473598379
-67.13458477392126
-67.13187957518335
-67.12917914079539
-67.12648347174846
-67.12379256899945
-67.12110643347113
-67.11842506605224
-67.1157484675976
-67.11307663892816
-67.11040958083109
-67.10774729405986
-67.10508977933432
-67.10243703734079
-67.09978906873212
-67.09714587412779
-67.09450745411398
-67.09187380924368
-67.08924494003672
-67.08662084697988
-67.08400153052692
-67.08138699109863
-67.07877722908285
-67.07617224483455
-67.07357203867583
-67.07097661089597
-67.06838596175139
-67.0658000914658
-67.06321900023018
-67.06064268820283
-67.05807115550952
-67.05550440224346
-67.05294242846544
-67.05038523420399
-67.04783281945535
-67.04528518418373
-67.04274232832128
-67.04020425176837
-67.0376709543936
-67.035142436034
-67.03261869649505
-67.03009973555099
-67.02758555294481
-67.02507614838842
-67.02257152156281
-67.02007167211812
-67.01757659967382
-67.0150863038188
-67.01260078411151
-67.01012004008007
-67.00764407122236
-67.0051728770062
-67.00270645686942
-67.00024481021994
-66.99778793643594
-66.99533583486595
-66.99288850482895
-66.99044594561444
-66.98800815648259
-66.98557513666435
-66.98314688536149
-66.98072340174676
-66.97830468496394
-66.975890734128
-66.9734815483251
-66.97107712661278
-66.96867746802002
-66.96628257154728
-66.96389243616669
-66.96150706082206
-66.959126444429
-66.95675058587506
-66.95437948401971
-66.95201313769455
-66.94965154570332
-66.94729470682202
-66.94494261979901
-66.94259528335508
-66.94025269618352
-66.93791485695029
-66.93558176429401
-66.93325341682613
-66.93092981313099
-66.92861095176585
-66.92629683126108
-66.9239874501202
-66.92168280681993
-66.91938289981037
-66.91708772751504
-66.91479728833096
-66.91251158062877
-66.91023060275285
-66.90795435302132
-66.90568282972625
-66.90341603113363
-66.90115395548358
-66.89889660099034
-66.89664396584243
-66.89439604820274
-66.89215284620856
-66.88991435797175
-66.88768058157878
-66.88545151509085
-66.88322715654398
-66.88100750394909
-66.8787925552921
-66.87658230853401
-66.87437676161103
-66.87217591243466
-66.86997975889173
-66.86778829884457
-66.86560153013109
-66.86341945056479
-66.86124205793499
-66.85906935000679
-66.85690132452127
-66.85473797919553
-66.85257931172279
-66.85042531977248
-66.84827600099035
-66.84613135299857
-66.84399137339578
-66.84185605975723
-66.83972540963488
-66.83759942055742
-66.83547809003048
-66.8333614155366
-66.83124939453545
-66.82914202446379
-66.8270393027357
-66.82494122674255
-66.82284779385321
-66.82075900141403
-66.81867484674903
-66.81659532715994
-66.81452043992633
-66.81245018230564
-66.81038455153336
-66.80832354482307
-66.80626715936653
-66.8042153923338
-66.80216824087333
-66.80012570211204
-66.79808777315544
-66.79605445108768
-66.79402573297169
-66.79200161584924
-66.78998209674106
-66.78796717264692
-66.7859568405457
-66.78395109739554
-66.7819499401339
-66.77995336567764
-66.77796137092314
-66.77597395274638
-66.77399110800303
-66.7720128335286
-66.77003912613854
-66.76806998262835
-66.76610539977365
-66.76414537433031
-66.7621899030345
-66.76023898260273
-66.75829260973202
-66.75635078109994
-66.75441349336467
-66.75248074316512
-66.75055252712106
-66.7486288418331
-66.74670968388288
-66.74479504983314
-66.74288493622777
-66.74097933959192
-66.73907825643211
-66.73718168323632
-66.73528961647405
-66.73340205259646
-66.73151898803641
-66.7296404192086
-66.72776634250958
-66.72589675431796
-66.7240316509944
-66.72217102888177
-66.72031488430518
-66.71846321357211
-66.7166160129725
-66.71477327877882
-66.71293500724619
-66.71110119461244
-66.7092718370982
-66.70744693090704
-66.70562647222549
-66.70381045722318
-66.70199888205292
-66.70019174285076
-66.69838903573611
-66.69659075681184
-66.69479690216434
-66.69300746786361
-66.69122244996338
-66.68944184450115
-66.68766564749832
-66.6858938549603
-66.6841264628765
-66.68236346722055
-66.68060486395028
-66.67885064900784
-66.67710081831983
-66.67535536779732
-66.67361429333603
-66.6718775908163
-66.67014525610324
-66.66841728504687
-66.6666936734821
-66.66497441722889
-66.66325951209231
-66.66154895386263
-66.65984273831543
-66.65814086121163
-66.65644331829765
-66.65475010530541
-66.6530612179525
-66.65137665194223
-66.6496964029637
-66.6480204666919
-66.64634883878782
-66.64468151489847
-66.64301849065703
-66.6413597616829
-66.63970532358184
-66.63805517194594
-66.63640930235381
-66.63476771037064
-66.63313039154824
-66.63149734142517
-66.62986855552683
-66.62824402936549
-66.62662375844043
-66.625007738238
-66.62339596423168
-66.6217884318822
-66.62018513663762
-66.61858607393337
-66.61699123919242
-66.61540062782522
-66.61381423522995
-66.61223205679248
-66.61065408788649
-66.60908032387354
-66.60751076010321
-66.60594539191308
-66.60438421462891
-66.60282722356465
-66.60127441402255
-66.59972578129326
-66.59818132065584
-66.59664102737793
-66.59510489671578
-66.59357292391434
-66.59204510420732
-66.59052143281728
-66.58900190495575
-66.58748651582326
-66.58597526060942
-66.58446813449302
-66.5829651326421
-66.58146625021404
-66.5799714823556
-66.57848082420307
-66.57699427088225
-66.57551181750861
-66.57403345918735
-66.57255919101343
-66.5710890080717
-66.56962290543694
-66.56816087817401
-66.56670292133781
-66.56524902997344
-66.56379919911627
-66.56235342379198
-66.56091169901664
-66.55947401979685
-66.55804038112973
-66.55661077800302
-66.5551852053952
-66.55376365827553
-66.55234613160408
-66.5509326203319
-66.54952311940103
-66.54811762374457
-66.54671612828679
-66.54531862794317
-66.54392511762052
-66.54253559221698
-66.54115004662216
-66.53976847571718
-66.53839087437476
-66.53701723745925
-66.53564755982678
-66.53428183632528
-66.5329200617945
-66.5315622310662
-66.53020833896416
-66.52885838030421
-66.5275123498944
-66.52617024253495
-66.52483205301841
-66.52349777612974
-66.52216740664632
-66.52084093933802
-66.51951836896731
-66.51819969028935
-66.51688489805197
-66.51557398699582
-66.51426695185441
-66.51296378735417
-66.51166448821455
-66.51036904914804
-66.50907746486028
-66.50778973005013
-66.5065058394097
-66.50522578762443
-66.50394956937318
-66.50267717932829
-66.50140861215561
-66.50014386251466
-66.49888292505855
-66.4976257944342
-66.49637246528228
-66.49512293223738
-66.49387718992799
-66.49263523297662
-66.49139705599985
-66.49016265360841
-66.48893202040718
-66.48770515099532
-66.48648203996635
-66.48526268190814
-66.48404707140305
-66.48283520302793
-66.48162707135424
-66.48042267094804
-66.47922199637017
-66.47802504217617
-66.47683180291646
-66.47564227313636
-66.47445644737611
-66.47327432017102
-66.47209588605145
-66.47092113954292
-66.46975007516616
-66.46858268743718
-66.46741897086729
-66.4662589199632
-66.4651025292271
-66.46394979315666
-66.46280070624515
-66.46165526298144
-66.46051345785013
-66.45937528533153
-66.45824073990181
-66.45710981603298
-66.455982508193
-66.4548588108458
-66.45373871845139
-66.45262222546583
-66.45150932634141
-66.45040001552661
-66.4492942874662
-66.44819213660129
-66.44709355736939
-66.44599854420443
-66.44490709153692
-66.44381919379387
-66.44273484539896
-66.44165404077255
-66.4405767743317
-66.4395030404903
-66.43843283365908
-66.43736614824567
-66.43630297865467
-66.4352433192877
-66.43418716454342
-66.43313450881767
-66.43208534650344
-66.43103967199094
-66.4299974796677
-66.42895876391859
-66.42792351912586
-66.42689173966922
-66.42586341992589
-66.42483855427065
-66.42381713707587
-66.42279916271163
-66.42178462554568
-66.42077351994357
-66.41976584026864
-66.41876158088213
-66.41776073614322
-66.41676330040903
-66.41576926803472
-66.41477863337354
-66.41379139077688
-66.4128075345943
-66.41182705917356
-66.41084995886077
-66.40987622800033
-66.40890586093502
-66.4079388520061
-66.40697519555324
-66.40601488591471
-66.40505791742733
-66.40410428442657
-66.40315398124655
-66.40220700222014
-66.40126334167898
-66.40032299395357
-66.39938595337324
-66.39845221426626
-66.39752177095987
-66.39659461778034
-66.39567074905298
-66.39475015910223
-66.3938328422517
-66.39291879282418
-66.39200800514173
-66.39110047352571
-66.39019619229683
-66.38929515577517
-66.38839735828027
-66.38750279413117
-66.38661145764638
-66.38572334314404
-66.38483844494188
-66.38395675735731
-66.38307827470744
-66.38220299130914
-66.38133090147909
-66.38046199953378
-66.37959627978961
-66.37873373656289
-66.37787436416994
-66.37701815692706
-66.37616510915063
-66.37531521515713
-66.37446846926318
-66.37362486578559
-66.37278439904141
-66.37194706334795
-66.37111285302284
-66.37028176238408
-66.42113491223114
-66.51069515759194
-66.62965751003193
-66.77112718332958
-66.92982872132899
-67.10160891769723
-67.28312084884914
-67.47161934309446
-67.6648252221592
-67.86083226258839
-68.05804096663577
-68.25510941442174
-68.45091523801722
-68.64452505622563
-68.83516910947617
-69.02221968671017
-69.2051724538147
-69.3836301066539
-69.55728796113183
-69.72592120704252
-69.88937362172678
-70.04754758203423
-70.20039523983678
-70.34791074400204
-70.49012340422657
-70.62709170172968
-70.75889805980934
-70.88564429436533
-71.00744767106013
-71.12443750198409
-71.23675222058226
-71.34453687919974
-71.44794101889411
-71.54711686614256
-71.6422178157159
-71.73339716329637
-71.82080705537841
-71.9045976276179
-71.98491630609543
-72.06190724894674
-72.13571090850671
-72.20646369653045
-72.27429773721741
-72.33934069469154
-72.40171566330419
-72.46154111064155
-72.51893086446148
-72.57399413596754
-72.62683557286792
-72.67755533658081
-72.72624919874774
-72.7730086529157
-72.81792103786005
-72.86106966955123
-72.9025339792311
-72.94238965546539
-72.98070878838632
-73.01756001463913
-73.05300866180534
-73.08711689129792
-73.1199438389147
-73.15154575239924
-73.18197612549902
-73.21128582812806
-73.23952323234258
-73.2667343339229
-73.2929628694262
-73.31825042863413
-73.34263656236882
-73.36615888569192
-73.38885317653458
-73.41075346983335
-73.43189214726843
-73.45230002271755
-73.472006423552
-73.49103926791031
-73.5094251380927
-73.52718935022321
-73.54435602032927
-73.56094812698895
-73.57698757069598
-73.59249523009083
-73.60749101520366
-73.62199391785165
-73.63602205932978
-73.64959273552961
-73.66272245961626
-73.67542700238917
-73.68772143044713
-73.69962014227355
-73.7111369023524
-73.72228487342102
-73.73307664696048
-73.74352427201988
-73.75363928246598
-73.76343272274521
-73.77291517224054
-73.78209676830164
-73.79098722802233
-73.79959586883577
-73.80793162799377
-73.81600308099314
-73.82381845900849
-73.8313856653876
-73.83871229126238
-73.84580563032551
-73.8526726928199
-73.85932021878553
-73.86575469060571
-73.8719823448923
-73.8780091837472
-73.88384098543537
-73.88948331450243
-73.89494153136815
-73.90022080142514
-73.90532610367056
-73.91026223889686
-73.91503383746625
-73.91964536669185
-73.92410113784761
-73.92840531282725
-73.93256191047178
-73.93657481258367
-73.94044776964503
-73.9441844062557
-73.94778822630671
-73.95126261790338
-73.95461085805154
-73.95783611711968
-73.96094146308904
-73.96392986560282
-73.96680419982539
-73.96956725012139
-73.97222171356431
-73.97477020328351
-73.97721525165794
-73.97955931336475
-73.9818047682902
-73.98395392430994
-73.98600901994539
-73.98797222690247
-73.98984565249879
-73.9916313419847
-73.99333128076377
-73.99494739651747
-73.99648156123916
-73.99793559318138
-73.99931125872124
-74.00061027414752
-74.00183430737354
-74.00298497957917
-74.00406386678561
-74.00507250136607
-74.00601237349522
-74.00688493254069
-74.00769158839893
-74.00843371277831
-74.00911264043177
-74.00972967034136
-74.01028606685696
-74.01078306079121
-74.01122185047248
-74.01160360275811
-74.01192945400942
-74.01220051103019
-74.01241785197044
-74.01258252719686
-74.01269556013132
-74.01275794805898
-74.01277066290717
-74.01273465199648
-74.01265083876496
-74.01252012346686
-74.01234338384681
-74.01212147579048
-74.01185523395272
-74.01154547236416
-74.01119298501706
-74.01079854643132
-74.01036291220134
-74.00988681952475
-74.00937098771342
-74.00881611868766
-74.00822289745422
-74.00759199256869
-74.006924056583
-74.00621972647843
-74.00547962408484
-74.00470435648663
-74.00389451641578
-74.00305068263272
-74.00217342029516
-74.00126328131569
-74.00032080470817
-73.99934651692371
-73.99834093217636
-73.9973045527589
-73.99623786934926
-73.99514136130767
-73.9940154969651
-73.99286073390309
-73.99167751922539
-73.99046628982175
-73.98922747262395
-73.98796148485448
-73.98666873426808
-73.9853496193864
-73.98400452972598
-73.98263384601978
-73.9812379404325
-73.97981717676987
-73.97837191068214
-73.97690248986191
-73.97540925423651
-73.97389253615518
-73.97235266057102
-73.97078994521813
-73.96920470078392
-73.96759723107672
-73.96596783318907
-73.96431679765647
-73.96264440861205
-73.96095094393718
-73.95923667540801
-73.95750186883824
-73.95574678421819
-73.9539716758503
-73.95217679248096
-73.95036237742917
-73.94852866871182
-73.94667589916564
-73.94480429656632
-73.9429140837444
-73.94100547869833
-73.93907869470468
-73.93713394042558
-73.93517142001352
-73.93319133321349
-73.93119387546268
-73.92917923798765
-73.92714760789912
-73.92509916828449
-73.92303409829807
-73.92095257324914
-73.91885476468782
-73.91674084048897
-73.91461096493396
-73.91246529879056
-73.91030399939092
-73.90812722070763
-73.90593511342801
-73.90372782502669
-73.9015054998364
-73.89926827911712
-73.89701630112361
-73.89474970117142
-73.89246861170123
-73.89017316234184
-73.88786347997156
-73.88553968877831
-73.88320191031823
-73.88085026357302
-73.87848486500592
-73.87610582861639
-73.87371326599362
-73.87130728636872
-73.86888799666585
-73.86645550155204
-73.86400990348604
-73.86155130276593
-73.85907979757579
-73.85659548403119
-73.8540984562238
-73.85158880626487
-73.84906662432786
-73.84653199869004
-73.84398501577319
-73.84142576018343
-73.83885431475012
-73.83627076056395
-73.83367517701417
-73.83106764182502
-73.82844823109126
-73.82581701931315
-73.82317407943043
-73.82051948285569
-73.81785329950696
-73.81517559783967
-73.81248644487782
-73.80978590624456
-73.80707404619201
-73.80435092763061
-73.8016166121576
-73.79887116008516
-73.79611463046768
-73.79334708112872
-73.7905685686871
-73.78777914858271
-73.7849788751016
-73.78216780140056
-73.7793459795313
-73.77651346046392
-73.77367029411005
-73.77081652934544
-73.76795221403208
-73.76507739503985
-73.7621921182677
-73.75929642866447
-73.75639037024911
-73.75347398613069
-73.75054731852782
-73.74761040878775
-73.74466329740505
-73.74170602403991
-73.73873862753607
-73.7357611459383
-73.7327736165097
-73.72977607574846
-73.72676855940432
-73.72375110249477
-73.72072373932087
-73.71768650348268
-73.71463942789448
-73.71158254479963
-73.70851588578512
-73.70543948179585
-73.70235336314857
-73.69925755954563
-73.69615210008828
-73.69303701328997
-73.68991232708906
-73.68677806886156
-73.68363426543343
-73.68048094309268
-73.67731812760128
-73.67414584420678
-73.67096411765364
-73.66777297219447
-73.66457243160097
-73.66136251917462
-73.65814325775717
-73.65491466974105
-73.65167677707929
-73.64842960129559
-73.6451731634939
-73.64190748436798
-73.6386325842107
-73.63534848292318
-73.63205520002373
-73.62875275465665
-73.62544116560078
-73.622120451278
-73.61879062976145
-73.61545171878367
-73.61210373574453
-73.60874669771898
-73.60538062146476
-73.60200552342982
-73.59862141975975
-73.59522832630488
-73.59182625862738
-73.58841523200823
-73.58499526145393
-73.5815663617032
-73.57812854723349
-73.5746818322674
-73.57122623077893
-73.56776175649965
-73.56428842292475
-73.56080624331894
-73.55731523072227
-73.5538153979558
-73.55030675762723
-73.54678932213633
-73.54326310368037
-73.53972811425933
-73.53618436568111
-73.5326318695666
-73.52907063735465
-73.52550068030695
-73.52192200951279
-73.51833463589382
-73.5147385702086
-73.51113382305716
-73.50752040488541
-73.5038983259895
-73.50026759652009
-73.49662822648655
-73.49298022576104
-73.4893236040826
-73.48565837106102
-73.4819845361808
-73.47830210880494
-73.47461109817864
-73.47091151343305
-73.46720336358878
-73.46348665755947
-73.45976140415532
-73.45602761208636
-73.45228528996591
-73.44853444631381
-73.44477508955963
-73.44100722804583
-73.4372308700309
-73.43344602369233
-73.42965269712963
-73.42585089836729
-73.42204063535763
-73.41822191598361
-73.41439474806161
-73.41055913934417
-73.40671509752265
-73.40286263022982
-73.3990017450425
-73.39513244948401
-73.39125475102674
-73.38736865709448
-73.3834741750649
-73.37957131227186
-73.37566007600772
-73.37174047352559
-73.36781251204157
-73.3638761987369
-73.35993154076019
-73.35597854522938
-73.35201721923394
-73.34804756983682
-73.34406960407645
-73.34008332896875
-73.33608875150895
-73.3320858786736
-73.32807471742228
-73.32405527469956
-73.32002755743667
-73.31599157255333
-73.31194732695941
-73.3078948275567
-73.30383408124048
-73.29976509490122
-73.29568787542615
-73.29160242970084
-73.28750876461073
-73.28340688704269
-73.27929680388645
-73.27517852203613
-73.2710520483916
-73.26691738985996
-73.26277455335689
-73.25862354580805
-73.25446437415036
-73.25029704533335
-73.24612156632044
-73.24193794409022
-73.23774618563769
-73.23354629797547
-73.22933828813498
-73.22512216316771
-73.22089793014628
-73.21666559616563
-73.21242516834408
-73.20817665382454
-73.20392005977546
-73.19965539339198
-73.19538266189691
-73.19110187254181
-73.18681303260794
-73.18251614940728
-73.17821123028348
-73.17389828261281
-73.1695773138051
-73.16524833130468
-73.1609113425912
-73.15656635518066
-73.1522133766261
-73.14785241451858
-73.143483476488
-73.13910657020386
-73.13472170337616
-73.13032888375609
-73.1259281191369
-73.1215194173546
-73.11710278628877
-73.11267823386322
-73.10824576804681
-73.10380539685407
-73.09935712834596
-73.0949009706305
-73.09043693186354
-73.08596502024926
-73.081485244041
-73.07699761154177
-73.0725021311049
-73.0679988111347
-73.06348766008699
-73.05896868646977
-73.05444189884372
-73.04990730582283
-73.0453649160749
-73.04081473832215
-73.03625678134173
-73.03169105396623
-73.02711756508418
-73.02253632364065
-73.01794733863763
-73.01335061913458
-73.00874617424893
-73.00413401315647
-72.99951414509191
-72.99488657934921
-72.99025132528214
-72.98560839230466
-72.98095778989129
-72.97629952757767
-72.9716336149608
-72.96696006169954
-72.96227887751499
-72.95759007219085
-72.95289365557382
-72.94818963757392
-72.94347802816492
-72.93875883738465
-72.93403207533538
-72.92929775218413
-72.924555878163
-72.91980646356954
-72.915049518767
-72.91028505418467
-72.90551308031817
-72.90073360772975
-72.89594664704856
-72.89115220897098
-72.8863503042608
-72.88154094374958
-72.87672413833688
-72.87189989899048
-72.86706823674666
-72.86222916271045
-72.85738268805585
-72.85252882402607
-72.84766758193375
-72.8427989731612
-72.83792300916055
-72.83303970145404
-72.82814906163418
-72.82325110136394
-72.81834583237696
-72.81343326647773
-72.80851341554177
-72.8035862915158
-72.79865190641793
-72.79371027233779
-72.78876140143674
-72.783805305948
-72.77884199817674
-72.77387149050037
-72.76889379536853
-72.7639089253033
-72.75891689289931
-72.75391771082388
-72.74891139181715
-72.74389794869214
-72.73887739433493
-72.73384974170476
-72.72881500383407
-72.72377319382865
-72.71872432486772
-72.71366841020404
-72.70860546316395
-72.70353549714748
-72.69845852562845
-72.69337456215447
-72.68828362034706
-72.68318571390174
-72.678080856588
-72.67296906224945
-72.66785034480381
-72.66272471824298
-72.65759219663312
-72.6524527941146
-72.6473065249021
-72.6421534032847
-72.63699344362574
-72.63182666036302
-72.62665306800871
-72.62147268114941
-72.6162855144462
-72.61109158263456
-72.60589090052444
-72.60068348300025
-72.59546934502087
-72.59024850161963
-72.58502096790427
-72.57978675905703
-72.5745458903345
-72.56929837706775
-72.56404423466218
-72.55878347859756
-72.55351612442799
-72.54824218778188
-72.54296168436188
-72.53767462994492
-72.53238104038203
-72.52708093159848
-72.52177431959356
-72.51646122044063
-72.51114165028707
-72.50581562535416
-72.50048316193705
-72.49514427640474
-72.48979898519995
-72.48444730483908
-72.47908925191219
-72.4737248430829
-72.46835409508842
-72.4629770247393
-72.45759364891951
-72.45220398458623
-72.4468080487698
-72.44140585857357
-72.43599743117387
-72.43058278381984
-72.42516193383338
-72.41973489860898
-72.41430169561369
-72.40886234238695
-72.4034168565405
-72.39796525575825
-72.3925075577962
-72.38704378048227
-72.38157394171623
-72.37609805946951
-72.37061615178516
-72.36512823677762
-72.35963433263268
-72.35413445760729
-72.34862863002942
-72.34311686829795
-72.33759919088254
-72.33207561632341
-72.32654616323126
-72.3210108502871
-72.3154696962421
-72.30992271991747
-72.3043699402042
-72.29881137606299
-72.29324704652407
-72.28767697068704
-72.28210116772068
-72.27651965686279
-72.27093245742002
-72.26533958876769
-72.25974107034963
-72.25413692167801
-72.2485271623331
-72.24291181196315
-72.2372908902842
-72.23166441707983
-72.22603241220104
-72.22039489556603
-72.21475188716002
-72.20910340703502
-72.20344947530965
-72.19779011216896
-72.19212533786417
-72.18645517271254
-72.18077963709712
-72.1750987514665
-72.1694125363347
-72.16372101228087
-72.15802419994911
-72.15232212004821
-72.1466147933515
-72.14090224069659
-72.13518448298514
-72.12946154118261
-72.1237334363181
-72.11800018948408
-72.11226182183611
-72.10651835459272
-72.10076980903506
-72.09501620650671
-72.08925756841347
-72.08349391622305
-72.07772527146487
-72.07195165572982
-72.06617309066998
-72.0603895979984
-72.05460119948881
-72.04880791697543
-72.04300977235263
-72.03720678757475
-72.0313989846558
-72.02558638566917
-72.01976901274747
-72.01394688808216
-72.0081200339233
-72.00228847257935
-71.99645222641684
-71.99061131786007
-71.98476576939093
-71.97891560354856
-71.97306084292906
-71.96720151018528
-71.96133762802646
-71.95546921921799
-71.94959630658114
-71.94371891299274
-71.93783706138491
-71.93195077474478
-71.92606007611417
-71.92016498858933
-71.91426553532064
-71.90836173951229
-71.90245362442201
-71.89654121336075
-71.89062452969242
-71.88470359683353
-71.87877843825292
-71.87284907747147
-71.86691553806175
-71.86097784364775
-71.85503601790454
-71.849090084558
-71.84314006738447
-71.83718599021044
-71.83122787691225
-71.82526575141577
-71.81929963769608
-71.81332955977713
-71.80735554173144
-71.8013776076798
-71.79539578179087
-71.78941008828095
-71.78342055141357
-71.77742719549924
-71.77143004489504
-71.76542912400434
-71.75942445727645
-71.75341606920631
-71.74740398433413
-71.74138822724503
-71.73536882256877
-71.72934579497938
-71.72331916919477
-71.71728896997647
-71.71125522212924
-71.70521795050072
-71.69917717998115
-71.69313293550292
-71.6870852420403
-71.68103412460907
-71.67497960826617
-71.66892171810936
-71.66286047927683
-71.65679591694689
-71.65072805633758
-71.64465692270637
-71.63858254134973
-71.63250493760282
-71.62642413683912
-71.62034016447008
-71.61425304594474
-71.60816280674938
-71.60206947240715
-71.59597306847773
-71.58987362055692
-71.58377115427632
-71.57766569530294
-71.57155726933883
-71.56544590212071
-71.55933161941964
-71.55321444704057
-71.54709423315333
-71.54097033008496
-71.53484125508365
-71.52870443028357
-71.52255605179687
-71.51639109350207
-71.51020342364578
-71.5039860006239
-71.49773111332394
-71.49143063632441
-71.48507627748587
-71.4786598028392
-71.47217323005755
-71.46560898677234
-71.45896003354913
-71.45221995366438
-71.4453830131755
-71.43844419541189
-71.43139921415526
-71.42424450960186
-71.41697723083922
-71.40959520811971
-71.40209691773605
-71.39448144183959
-71.38674842511371
-71.37889802983372
-71.37093089051524
-71.36284806907386
-71.35465101118699
-71.3463415043588
-71.3379216380357
-71.32939376599758
-71.32076047115451
-71.31202453280349
-71.30318889634395
-71.29425664540823
-71.28523097633217
-71.27611517486982
-71.26691259504112
-71.25762663999345
-71.24826074475261
-71.23881836073811
-71.22930294191825
-71.21971793248409
-71.21006675592497
-71.20035280539389
-71.19057943525642
-71.18074995372292
-71.17086761646996
-71.1609356211629
-71.15095710279772
-71.14093512978584
-71.1308727007115
-71.1207727416965
-71.11063810431212
-71.10047156398313
-71.09027581883288
-71.08005348892283
-71.06980711584416
-71.05953916262195
-71.04925201389666
-71.03894797635019
-71.02862927934682
-71.01829807576227
-71.00795644297625
-70.99760638400619
-70.9872498287622
-70.97688863540488
-70.96652459178945
-70.95615941698159
-70.94579476283126
-70.93543221559271
-70.92507329757989
-70.9147194688473
-70.90437212888803
-70.89403261834106
-70.88370222070098
-70.87338216402424
-70.86307362262637
-70.8527777187657
-70.84249552430929
-70.83222806237762
-70.82197630896496
-70.81174119453259
-70.80152360557291
-70.79132438614238
-70.78114433936169
-70.77098422888196
-70.760844780316
-70.75072668263374
-70.74063058952127
-70.73055712070334
-70.72050686322864
-70.71048037271837
-70.70047817457765
-70.69050076517038
-70.68054861295748
-70.67062215959919
-70.6607218210217
-70.65084798844869
-70.6410010293983
-70.63118128864625
-70.62138908915571
-70.61162473297466
-70.60188850210145
-70.59218065931937
-70.58250144900097
-70.57285109788289
-70.56322981581202
-70.5536377964639
-70.54407521803387
-70.53454224390211
-70.52503902327321
-70.51556569179095
-70.50612237212931
-70.49670917456028
-70.48732619749936
-70.47797352802945
-70.46865124240387
-70.45935940652912
-70.45009807642843
-70.44086729868631
-70.43166711087521
-70.42249754196457
-70.41335861271331
-70.40425033604596
-70.39517271741336
-70.38612575513835
-70.37710944074705
-70.36812375928635
-70.35916868962805
-70.35024420476023
-70.34135027206634
-70.3324868535925
-70.32365390630348
-70.31485138232777
-70.30607922919229
-70.29733739004696
-70.28862580387982
-70.27994440572286
-70.27129312684902
-70.26267189496087
-70.25408063437105
-70.24551926617492
-70.23698770841574
-70.22848587624266
-70.22001368206196
-70.2115710356817
-70.20315784445006
-70.19477401338773
-70.18641944531456
-70.17809404097066
-70.16979769913232
-70.16153031672275
-70.15329178891814
-70.14508200924908
-70.13690086969744
-70.12874826078921
-70.12062407168315
-70.11252819025566
-70.1044605031819
-70.09642089601341
-70.08840925325238
-70.08042545842257
-70.07246939413724
-70.06454094216414
-70.05663998348756
-70.04876639836776
-70.04092006639783
-70.03310086655802
-70.02530867726773
-70.01754337643527
-70.00980484150541
-70.00209294950491
-69.99440757708605
-69.98674860056828
-69.97911589597807
-69.971509339087
-69.96392880544832
-69.95637417043172
-69.9488453092568
-69.94134209702499
-69.9338644087501
-69.9264121193876
-69.91898510386261
-69.91158323709661
-69.90420639403312
-69.89685444966224
-69.88952727904405
-69.88222475733112
-69.87494675978998
-69.86769316182169
-69.8604638389815
-69.85325866699773
-69.84607752178974
-69.83892027948518
-69.83178681643653
-69.82467700923688
-69.81759073473499
-69.81052787004982
-69.80348829258432
-69.79647188003865
-69.7894785104229
-69.78250806206913
-69.77556041364298
-69.76863544415477
-69.76173303297006
-69.75485305981978
-69.74799540480994
-69.74115994843083
-69.73434657156592
-69.72755515550028
-69.72078558192865
-69.71403773296315
-69.70731149114064
-69.70060673942977
-69.69392336123765
-69.68726124041625
-69.68062026126849
-69.67400030855407
-69.66740126749501
-69.66082302378089
-69.65426546357388
-69.64772847351352
-69.64121194072129
-69.63471575280482
-69.6282397978621
-69.62178396448526
-69.61534814176433
-69.60893221929068
-69.60253608716032
-69.59615963597702
-69.58980275685524
-69.58346534142291
-69.57714728182403
-69.5708484707211
-69.56456880129748
-69.55830816725945
-69.55206646283831
-69.54584358279219
-69.5396394224078
-69.53345387750207
-69.5272868444236
-69.52113822005408
-69.51500790180948
-69.50889578764125
-69.50280177603732
-69.49672576602303
-69.49066765716196
-69.48462734955667
-69.4786047438493
-69.47259974122214
-69.4666122433981
-69.46064215264104
-69.45468937175609
-69.44875380408982
-69.44283535353041
-69.43693392450767
-69.431049421993
-69.4251817514993
-69.41933081908083
-69.41349653133297
-69.40767879539187
-69.40187751893416
-69.39609261017644
-69.39032397787487
-69.3845715313246
-69.37883518035915
-69.37311483534978
-69.36741040720479
-69.3617218073687
-69.35604894782152
-69.35039174107784
-69.34475010018596
-69.33912393872689
-69.33351317081339
-69.32791771108894
-69.32233747472664
-69.31677237742807
-69.31122233542214
-69.30568726546396
-69.30016708483348
-69.29466171133429
-69.2891710632923
-69.28369505955443
-69.27823361948715
-69.27278666297515
-69.26735411041986
-69.261935882738
-69.25653190136006
-69.25114208822882
-69.2457663657977
-69.2404046570293
-69.23505688539369
-69.22972297486683
-69.2244028499289
-69.21909643556259
-69.21380365725147
-69.2085244409782
-69.20325871322275
-69.19800640096074
-69.19276743166155
-69.18754173328658
-69.18232923428735
-69.17712986360375
-69.17194355066209
-69.16677022537327
-69.16160981813084
-69.15646225980913
-69.15132748176131
-69.14620541581745
-69.14109599428252
-69.1359991499345
-69.13091481602233
-69.12584292626391
-69.12078341484418
-69.11573621641297
-69.11070126608308
-69.10567849942817
-69.10066785248074
-69.09566926173005
-69.09068266412007
-69.08570799704736
-69.08074519835905
-69.07579420635066
-69.07085495976405
-69.06592739778527
-69.0610114600425
-69.05610708660386
-69.0512142179753
-69.04633279509848
-69.0414627593486
-69.03660405253228
-69.03175661688537
-69.02692039507082
-69.02209533017648
-69.017281365713
-69.01247844561162
-69.00768651422196
-69.0029055163099
-68.99813539705539
-68.99337610205028
-68.98862757729609
-68.98388976920184
-68.9791626245819
-68.9744460906538
-68.96974011503598
-68.96504464574564
-68.96035963119657
-68.95568502019694
-68.95102076194709
-68.94636680603736
-68.9417231024459
-68.93708960153648
-68.9324662540563
-68.92785301113378
-68.92324982427641
-68.91865664536856
-68.91407342666926
-68.90950012081005
-68.9049366807928
-68.90038305998753
-68.89583921213021
-68.89130509132063
-68.88678065202019
-68.88226584904977
-68.87776063758754
-68.8732649731668
-68.86877881167383
-68.86430210934576
-68.85983482276838
-68.855376908874
-68.85092832493935
-68.84648902858336
-68.84205897776515
-68.83763813078176
-68.83322644626612
-68.82882388318492
-68.82443040083645
-68.82004595884854
-68.81567051717641
-68.81130403610062
-68.80694647622492
-68.80259779847422
-68.79825796409244
-68.7939269346405
-68.78960467199417
-68.78529113834209
-68.78098629618364
-68.77669010832692
-68.77240253788668
-68.7681235482823
-68.76385310323573
-68.75959116676948
-68.75533770320459
-68.75109267715858
-68.74685605354351
-68.7426277975639
-68.73840787471478
-68.7341962507797
-68.7299928918287
-68.72579776421638
-68.72161083457992
-68.7174320698371
-68.71326143718437
-68.70909890409487
-68.70494443831652
-68.70079800787003
-68.69665958104709
-68.69252912640827
-68.68840661278132
-68.68429200925907
-68.68018528519767
-68.67608641021461
-68.67199535418692
-68.66791208724922
-68.66383657979189
-68.65976880245923
-68.65570872614755
-68.65165632200339
-68.64761156142164
-68.64357441604373
-68.63954485775581
-68.63552285868693
-68.63150839120725
-68.62750142792623
-68.62350194169086
-68.61950990558385
-68.61552529292187
-68.61154807725381
-68.60757823235899
-68.60361573224543
-68.5996605511481
-68.59571266352722
-68.59177204406647
-68.58783866767136
-68.58391250946744
-68.57999354479871
-68.5760817492259
-68.57217709852485
-68.56827956868476
-68.56438913590658
-68.56050577660129
-68.55662946738826
-68.55276018509362
-68.54889790674858
-68.54504260958781
-68.54119427104786
-68.5373528687655
-68.53351838057611
-68.52969078451216
-68.52587005880152
-68.52205618186598
-68.51824913231961
-68.51444888896725
-68.51065543080291
-68.5068687370083
-68.50308878695121
-68.49931556018403
-68.49554903644224
-68.4917891956429
-68.4880360178831
-68.48428948343854
-68.480549572762
-68.47681626648186
-68.47308954540067
-68.46936939049363
-68.4656557829072
-68.46194870395765
-68.45824813512954
-68.45455405807441
-68.4508664546093
-68.44718530671534
-68.44351059653636
-68.43984230637747
-68.43618041870371
-68.43252491613865
-68.42887578146299
-68.42523299761329
-68.42159654768051
-68.4179664149087
-68.41434258269369
-68.41072503458174
-68.4071137542682
-68.4035087255962
-68.39990993255537
-68.39631735928053
-68.39273099005035
-68.38915080928614
-68.38557680155053
-68.38200895154621
-68.37844724411468
-68.37489166423498
-68.37134219702246
-68.36779882772753
-68.36426154173444
-68.36073032456005
-68.35720516185266
-68.35368603939071
-68.35017294308166
-68.34666585896079
-68.34316477318997
-68.33966967205653
-68.33618054197208
-68.33269736947135
-68.329220141211
-68.32574884396853
-68.3222834646411
-68.31882399024444
-68.31537040791166
-68.3119227048922
-68.30848086855067
-68.3050448863658
-68.3016147459293
-68.29819043494477
-68.29477194122666
-68.29135925269914
-68.28795235739511
-68.28455124345507
-68.28115589912609
-68.27776631276079
-68.27438247281626
-68.27100436785305
-68.26763198653417
-68.26426531762402
-68.26090434998744
-68.25754907258865
-68.25419947449028
-68.25085554485239
-68.24751727293146
-68.24418464807947
-68.24085765974284
-68.23753629746156
-68.23422055086817
-68.23091040968686
-68.22760586373245
-68.22430690290958
-68.22101351721163
-68.21772569671994
-68.2144434316028
-68.21116671211456
-68.20789552859476
-68.20462987146719
-68.20136973123903
-68.19811509849994
-68.19486596392122
-68.1916223182549
-68.1883841523329
-68.18515145706618
-68.18192422344384
-68.17870244253234
-68.17548610547459
-68.17227520348919
-68.16906972786953
-68.16586966998302
-68.16267502127027
-68.15948577324427
-68.15630191748956
-68.15312344566148
-68.14995034948535
-68.1467826207557
-68.14362025133548
-68.14046323315529
-68.13731155821262
-68.13416521857107
-68.13102420635961
-68.12788851377182
-68.12475813306516
-68.1216330565602
-68.11851327663994
-68.11539878574904
-68.11228957639308
-68.10918564113793
-68.10608697260892
-68.10299356349024
-68.09990540652419
-68.09682249451048
-68.09374482030557
-68.09067237682198
-68.08760515702762
-68.08454315394512
-68.08148636065114
-68.07843477027576
-68.07538837600178
-68.07234717106407
-68.06931114874894
-68.0662803023935
-68.063254625385
-68.06023411116021
-68.0572187532048
-68.0542085450527
-68.05120348028552
-68.04820355253189
-68.04520875546687
-68.04221908281141
-68.03923452833165
-68.03625508583839
-68.03328074918652
-68.03031151227438
-68.02734736904326
-68.02438831347673
-68.0214343396002
-68.01848544148024
-68.01554161322406
-68.01260284897903
-68.00966914293201
-68.00674048930892
-68.00381688237414
-68.00089831642995
-67.9979847858161
-67.99507628490917
-67.99217280812216
-67.98927434990388
-67.9863809047385
-67.98349246714503
-67.98060903167679
-67.97773059292095
-67.97485714549802
-67.97198868406139
-67.96912520329676
-67.96626669792175
-67.96341316268543
-67.96056459236775
-67.95772098177915
-67.95488232576011
-67.95204861918064
-67.94921985693986
-67.94639603396551
-67.94357714521357
-67.94076318566772
-67.93795415033901
-67.93515003426536
-67.93235083251113
-67.92955654016673
-67.92676715234813
-67.92398266419654
-67.92120307087791
-67.91842836758255
-67.91565854952474
-67.91289361194227
-67.91013355009612
-67.90737835927001
-67.90462803477003
-67.9018825719242
-67.89914196608221
-67.89640621261488
-67.89367530691389
-67.89094924439138
-67.88822802047957
-67.88551163063043
-67.88280007031524
-67.8800933350243
-67.87739142026655
-67.87469432156924
-67.87200203447753
-67.8693145545542
-67.86663187737926
-67.86395399854966
-67.86128091367891
-67.85861261839679
-67.85594910834897
-67.85329037919674
-67.85063642661665
-67.8479872463002
-67.84534283395357
-67.84270318529718
-67.84006829606555
-67.83743816200688
-67.83481277888276
-67.83219214246795
-67.82957624854994
-67.8269650929288
-67.8243586714168
-67.82175697983817
-67.8191600140288
-67.81656776983593
-67.81398024311792
-67.81139742974398
-67.8088193255938
-67.80624592655744
-67.80367722853491
-67.80111322743599
-67.79855391917997
-67.79599929969535
-67.79344918838534
-67.79090290905067
-67.78835894527151
-67.7858146703133
-67.78326620310699
-67.78070839817933
-67.77813494978284
-67.77553857811222
-67.7729112637931
-67.77024450111605
-67.76752954726905
-67.76475765191307
-67.76192025769598
-67.75900916725448
-67.7560166758616
-67.75293567129394
-67.74975970395218
-67.74648303101172
-67.74310063862019
-67.73960824606857
-67.73600229557259
-67.73227993090639
-67.72843896769496
-67.72447785773775
-67.7203956493281
-67.71619194516524
-67.71186685913347
-67.70742097294666
-67.70285529342411
-67.69817121097094
-67.69337045967923
-67.68845507933838
-67.68342737954241
-67.67828990600148
-67.67304540910337
-67.66769681472242
-67.66224719723836
-67.65669975470061
-67.6510577860554
-67.64532467034002
-67.6395038477406
-67.63359880240571
-67.62761304690599
-67.62155010823105
-67.61541351521667
-67.60920678729875
-67.60293342449428
-67.59659689851458
-67.59020064492027
-67.58374805623347
-67.5772424759268
-67.5706871932146
-67.56408543857656
-67.55744037994842
-67.55075511951958
-67.54403269108145
-67.53727605787468
-67.53048811088743
-67.52367166756063
-67.51682947085918
-67.509964188672
-67.50307841350647
-67.49617466244557
-67.48925537733888
-67.4823229252011
-67.47537959879367
-67.46842761736747
-67.46146912754655
-67.4545062043343
-67.44754085222544
-67.44057500640878
-67.43361053404661
-67.42664923561867
-67.41969284631914
-67.41274303749636
-67.40580141812605
-67.39886953630986
-67.39194888079172
-67.38504088248541
-67.37814691600738
-67.37126830120944
-67.36440630470675
-67.35756214139671
-67.35073697596533
-67.34393192437764
-67.33714805534939
-67.33038639179765
-67.32364791226814
-67.3169335523375
-67.310244205989
-67.30358072696046
-67.2969439300633
-67.29033459247188
-67.28375345498246
-67.2772012232414
-67.27067856894222
-67.26418613099125
-67.25772451664199
-67.25129430259803
-67.24489603608481
-67.23853023589028
-67.2321973933749
-67.22589797345127
-67.21963241553374
-67.21340113445858
-67.20720452137505
-67.20104294460808
-67.19491675049301
-67.18882626418299
-67.18277179042967
-67.17675361433777
-67.17077200209424
-67.16482720167258
-67.15891944351297
-67.15304894117898
-67.14721589199125
-67.14142047763916
-67.13566286477078
-67.12994320556203
-67.12426163826542
-67.1186182877393
-67.11301326595795
-67.10744667250329
-67.10191859503877
-67.09642910976605
-67.09097828186493
-67.0855661659173
-67.0801928063154
-67.07485823765519
-67.06956248511517
-67.06430556482118
-67.05908748419782
-67.05390824230673
-67.04876783017244
-67.04366623109605
-67.03860342095739
-67.03357936850574
-67.02859403564004
-67.02364737767842
-67.01873934361787
-67.01386987638429
-67.00903891307313
-67.00424638518119
-66.99949221882987
-66.99477633498002
-66.99009864963895
-66.9854590740598
-66.98085751493352
-66.9762938745737
-66.97176805109478
-66.96727993858363
-66.96282942726475
-66.95841640365964
-66.95404075074018
-66.9497023480765
-66.94540107197955
-66.94113679563834
-66.9369093892524
-66.93271872015943
-66.92856465295822
-66.92444704962743
-66.92036576963994
-66.9163206700732
-66.91231160571566
-66.90833842916945
-66.90440099094945
-66.90049913957893
-66.89663272168168
-66.89280158207119
-66.8890055638365
-66.88524450842527
-66.88151825572383
-66.87782664413461
-66.87416951065089
-66.87054669092895
-66.8669580193579
-66.863403329127
-66.85988245229085
-66.85639521983232
-66.85294146172343
-66.84952100698418
-66.84613368373941
-66.84277931927389
-66.83945774008545
-66.83616877193653
-66.83291223990392
-66.82968796842698
-66.82649578135427
-66.82333550198868
-66.82020695313108
-66.81710995712265
-66.8140443358858
-66.81100991096382
-66.80800650355927
-66.80503393457114
-66.80209202463092
-66.79918059413743
-66.79629946329061
-66.79344845212434
-66.79062738053807
-66.78783606832764
-66.78507433521501
-66.78234200087722
-66.7796388849743
-66.77696480717641
-66.77431958719018
-66.77170304478416
-66.76911499981354
-66.7665552722441
-66.7640236821755
-66.7615200498637
-66.75904419574285
-66.75659594044645
-66.7541751048279
-66.75178150998032
-66.74941497725592
-66.7470753282847
-66.7447623849925
-66.74247596961868
-66.7402159047331
-66.73798201325268
-66.73577411845734
-66.73359204400562
-66.73143561394961
-66.72930465274963
-66.72719898528825
-66.72511843688407
-66.72306283330492
-66.72103200078068
-66.71902576601575
-66.7170439562011
-66.71508639902586
-66.71315292268872
-66.71124335590872
-66.7093575279359
-66.70749526856147
-66.70565640812777
-66.70384077753774
-66.7020482082642
-66.70027853235881
-66.69853158246063
-66.69680719180452
-66.69510519422913
-66.69342542418468
-66.69176771674049
-66.6901319075921
-66.68851783306836
-66.68692533013802
-66.6853542364163
-66.68380439017102
-66.68227563032862
-66.68076779647988
-66.67928072888553
-66.67781426848144
-66.67636825688378
-66.67494253639389
-66.67353695000295
-66.67215134139649
-66.67078555495857
-66.66943943577601
-66.66811282964218
-66.66680558306078
-66.66551754324936
-66.66424855814272
-66.66299847639604
-66.661767147388
-66.66055442122361
-66.6593601487369
-66.65818418149351
-66.65702637179312
-66.65588657267166
-66.65476463790344
-66.65366042200314
-66.65257378022763
-66.65150456857766
-66.65045264379948
-66.64941786338622
-66.64840008557925
-66.64739916936936
-66.64641497449782
-66.64544736145733
-66.64449619149292
-66.64356132660262
-66.64264262953809
-66.64173996380515
-66.64085319366417
-66.6399821841304
-66.63912680097417
-66.63828691072096
-66.6374623806515
-66.6366530788016
-66.63585887396206
-66.63507963567837
-66.63431523425035
-66.63356554073178
-66.63283042692986
-66.63210976540459
-66.63140342946818
-66.63071129318422
-66.63003323136691
-66.62936911958016
-66.62871883413665
-66.62808225209673
-66.6274592512674
-66.62684971020109
-66.62625350819444
-66.62567052528703
-66.62510064226005
-66.62454374063478
-66.62399970267124
-66.6234684113666
-66.62294975045361
-66.62244360439897
-66.62194985840163
-66.62146839839107
-66.6209991110255
-66.62054188369002
-66.62009660449476
-66.61966316227293
-66.61924144657883
-66.61883134768588
-66.61843275658457
-66.61804556498029
-66.61766966529126
-66.61730495064633
-66.61695131488275
-66.61660865254399
-66.61627685887737
-66.6159558298318
-66.61564546205541
-66.61534565289317
-66.61505630038447
-66.6147773032607
-66.61450856094277
-66.61424997353858
-66.61400144184054
-66.613762867323
-66.61353415213965
-66.61331519912095
-66.61310591177148
-66.61290619426734
-66.61271595145338
-66.61253508884062
-66.61236351260345
-66.61220112957697
-66.61204784725422
-66.61190357378337
-66.61176821796496
-66.61164168924914
-66.61152389773278
-66.6114147541567
-66.61131416990278
-66.61122205699114
-66.6111383280772
-66.61106289644887
-66.61099567602362
-66.61093658134553
-66.61088552758244
-66.61084243052298
-66.61080720657363
-66.61077977275576
-66.61076004670272
-66.61074794665682
-66.61074339146637
-66.61074630058275
-66.61075659405732
-66.61077419253854
-66.61079901726892
-66.61083099008198
-66.61087003339934
-66.61091607022759
-66.61096902415538
-66.61102881935035
-66.61109538055611
-66.61116863308924
-66.61124850283622
-66.61133491625047
-66.61142780034928
-66.61152708271077
-66.61163269147089
-66.61174455532039
-66.61186260350176
-66.61198676580628
-66.61211697257089
-66.61225315467523
-66.61239524353861
-66.61254317111698
-66.6126968698999
-66.61285627290758
-66.61302131368775
-66.61319192631278
-66.6133680453766
-66.61354960599172
-66.61373654378622
-66.61392879490076
-66.61412629598559
-66.61432898419757
-66.61453679719719
-66.61474967314558
-66.61496755070156
-66.61519036901869
-66.61541806774224
-66.61565058700634
-66.61588786743097
-66.61612985011902
-66.6163764766534
-66.61662768909407
-66.61688342997518
-66.61714364230207
-66.61740826954846
-66.6176772556535
-66.61795054501893
-66.61822808250612
-66.61850981343328
-66.61879568357257
-66.61908563914724
-66.61937962682879
-66.61967759373411
-66.61997948742271
-66.62028525589386
-66.62059484758383
-66.62090821136304
-66.62122529653331
-66.62154605282507
-66.62187043039457
-66.62219837982113
-66.6225298521044
-66.62286479866162
-66.62320317132483
-66.62354492233818
-66.62389000435525
-66.62423837043629
-66.62458997404558
-66.6249447690487
-66.62530270970989
-66.62566375068938
-66.62602784704077
-66.62639495420834
-66.62676502802444
-66.6271380247069
-66.6275139008564
-66.62789261345388
-66.62827411985796
-66.62865837780238
-66.62904534539342
-66.62943498110735
-66.62982724378791
-66.63022209264379
-66.63061948724607
-66.63101938752574
-66.63142175377128
-66.63182654662603
-66.63223372708588
-66.63264325649668
-66.63305509655189
-66.63346920929008
-66.63388555709257
-66.63430410268096
-66.63472480911477
-66.63514763978904
-66.63557255843195
-66.63599952910245
-66.63642851618793
-66.6368594844019
-66.63729239878158
-66.63772722468566
-66.63816392779198
-66.63860247409521
-66.63904282990458
-66.63948496184165
-66.63992883683798
-66.64037442213295
-66.64082168527152
-66.64127059410194
-66.64172111677364
-66.64217322173495
-66.64262687773096
-66.64308205380132
-66.64353871927811
-66.64399684378364
-66.64445639722837
-66.64491734980872
-66.64537967200502
-66.64584333457934
-66.64630830857344
-66.64677456530669
-66.64724207637398
-66.6477108136437
-66.64818074925562
-66.64865185561894
-66.64912410541024
-66.64959747157144
-66.65007192730785
-66.65054744608614
-66.6510240016324
-66.65150156793013
-66.65198011921834
-66.65245962998958
-66.65294007498802
-66.65342142920751
-66.65390366788972
-66.65438676652218
-66.65487070083645
-66.65535544680624
-66.65584098064551
-66.65632727880664
-66.65681431797864
-66.65730207508524
-66.65779052728313
-66.6582796519601
-66.65876942673334
-66.65925982944756
-66.65975083817325
-66.66024243120494
-66.6607345870594
-66.66122728447397
-66.66172050240476
-66.66221422002498
-66.66270841672322
-66.66320307210174
-66.66369816597476
-66.66419367836689
-66.66468958951133
-66.66518587984828
-66.66568253002333
-66.66617952088576
-66.66667683348695
-66.66717444907877
-66.66767234911197
-66.66817051523459
-66.66866892929039
-66.66916757331724
-66.66966642954561
-66.67016548039699
-66.67066470848233
-66.67116409660058
-66.67166362773706
-66.67216328506208
-66.67266305192932
-66.67316291187441
-66.67366284861343
-66.67416284604144
-66.674662888231
-66.67516295943074
-66.67566304406391
-66.67616312672696
-66.6766631921881
-66.67716322538591
-66.67766321142788
-66.6781631355891
-66.6786629833108
-66.679162740199
-66.67966239202319
-66.68016192471488
-66.68066132436634
-66.6811605772292
-66.68165966971318
-66.68215858838471
-66.68265731996563
-66.68315585133193
-66.68365416951242
-66.68415226168746
-66.68465011518767
-66.68514771749265
-66.6856450562298
-66.68614211917297
-66.68663889424127
-66.68713536949784
-66.68763153314862
-66.68812737354114
-66.68862287916329
-66.68911803864216
-66.68961284074284
-66.6901072743672
-66.69060132855275
-66.69109499247149
-66.69158825542874
-66.69208110686199
-66.69257353633975
-66.69306553356043
-66.6935570883512
-66.69404819066692
-66.69453883058898
-66.69502899832425
-66.6955186842039
-66.69600787868245
