-65.0
-65.0027582785228
-65.01273144431751
-65.02474457582366
-65.03759978621738
-65.05087014720516
-65.06434809759715
-65.07791757873309
-65.09150996111667
-65.10508358063903
-65.11861273780266
-65.1320813973467
-65.14547946907344
-65.15880057308065
-65.17204067922188
-65.1851972689423
-65.19826881258325
-65.21125443900429
-65.22415372358475
-65.23696654987981
-65.24969301767484
-65.26233338068756
-65.27488800352384
-65.28735733136205
-65.29974186821467
-65.31204216108424
-65.32425878824952
-65.33639235050045
-65.348443464514
-65.36041275780882
-65.37230086487877
-65.38410842421708
-65.39583607601891
-65.40748446040466
-65.4190542160452
-65.43054597909877
-65.44196038239025
-65.45329805477951
-65.46455962067748
-65.47574569967782
-65.48685690627914
-65.4978938496781
-65.5088571336182
-65.51974735628207
-65.53056511021798
-65.54131098229317
-65.55198555366808
-65.56258939978694
-65.57312309038139
-65.58358718948385
-65.59398225544896
-65.60430884098098
-65.61456749316585
-65.62475875350715
-65.63488315796467
-65.64494123699524
-65.6549335155953
-65.66486051334465
-65.67472274445123
-65.6845207177966
-65.6942549369819
-65.70392590037432
-65.7135341011537
-65.7230800273594
-65.73256416193726
-65.74198698278661
-65.75134896280726
-65.7606505699465
-65.76989226724612
-65.77907451288918
-65.78819776024689
-65.79726245792526
-65.80626904981166
-65.81521797512136
-65.82410966844373
-65.83294455978852
-65.84172307463186
-65.85044563396212
-65.85911265432566
-65.86772454787236
-65.87628172240096
-65.88478458140438
-65.89323352411456
-65.90162894554743
-65.90997123654743
-65.91826078383198
-65.92649797003563
-65.93468317375412
-65.94281676958809
-65.95089912818666
-65.95893061629071
-65.96691136572981
-65.97484126485433
-65.98272056614496
-65.99054958328026
-65.99832864222059
-66.00605807145119
-66.0137381809828
-66.02136929932519
-66.02895174479198
-66.03648584010215
-66.04397190586567
-66.05141025979546
-66.05880121660275
-66.0661450879769
-66.07344218258395
-66.0806928060758
-66.0878972611072
-66.09505584735793
-66.10216886155867
-66.10923659751919
-66.11625934615783
-66.12323739553219
-66.13017103087013
-66.1370605346012
-66.14390618638825
-66.15070826315889
-66.15746703913713
-66.16418278587471
-66.17085577228245
-66.17748626466121
-66.18407452673281
-66.19062081967068
-66.19712540213021
-66.20358853027889
-66.2100104578262
-66.21639143605314
-66.22273171384163
-66.2290315377035
-66.23529115180925
-66.24151079801652
-66.24769071589826
-66.25383114277061
-66.2599323137205
-66.26599446163293
-66.27201781721803
-66.27800260903769
-66.28394906353198
-66.28985740504537
-66.29572785585242
-66.30156063618344
-66.30735596424961
-66.31311405626803
-66.31883512648633
-66.32451938720705
-66.33016704881167
-66.33577831978451
-66.34135340673612
-66.34689251442659
-66.3523958457884
-66.35786360194915
-66.36329598225393
-66.36869318428737
-66.37405540389548
-66.37938283520724
-66.3846756706558
-66.38993410099951
-66.39515831534271
-66.40034850115612
-66.40550484429704
-66.41062752902938
-66.41571673804323
-66.42077265247437
-66.42579545192335
-66.43078531447448
-66.43574241671445
-66.44066693375072
-66.44555903922975
-66.45041890535485
-66.4552467029039
-66.4600426012468
-66.4648067683626
-66.46953937085657
-66.47424057397683
-66.47891054163092
-66.48354943640211
-66.48815741956535
-66.49273465110318
-66.49728128972129
-66.50179749286399
-66.50628341672932
-66.51073921628402
-66.51516504527834
-66.5195610562605
-66.52392740059115
-66.5282642284574
-66.53257168888685
-66.53684992976125
-66.54109909783014
-66.54531933872417
-66.5495107969682
-66.5536736159944
-66.55780793815497
-66.56191390473472
-66.56599165596363
-66.57004133102892
-66.57406306808731
-66.57805700427677
-66.58202327572837
-66.58596201757776
-66.58987336397661
-66.59375744810382
-66.59761440217659
-66.60144435746139
-66.60524744428461
-66.60902379204325
-66.61277352921527
-66.61649678337002
-66.62019368117824
-66.62386434842215
-66.62750891000523
-66.63112748996204
-66.63472021146768
-66.63828719684727
-66.64182856758525
-66.64534444433454
-66.64883494692553
-66.65230019437504
-66.65574030489503
-66.65915539590128
-66.66254558402188
-66.66591098510568
-66.66925171423046
-66.67256788571119
-66.67585961310803
-66.67912700923421
-66.68237018616391
-66.68558925523988
-66.68878432708108
-66.69195551159015
-66.69510291796074
-66.6982266546848
-66.70132682955978
-66.70440354969556
-66.70745692152157
-66.71048705079355
-66.71349404260027
-66.71647800137035
-66.71943903087863
-66.72237723425283
-66.72529271397978
-66.72818557191184
-66.73105590927302
-66.73390382666514
-66.73672942407386
-66.73953280087458
-66.7423140558384
-66.74507328713783
-66.74781059235248
-66.75052606847473
-66.75321981191527
-66.75589191850854
-66.75854248351814
-66.76117160164213
-66.76377936701833
-66.76636587322942
-66.76893121330808
-66.77147547974201
-66.77399876447892
-66.77650115893138
-66.77898275398171
-66.78144363998668
-66.78388390678224
-66.78630364368817
-66.78870293951266
-66.79108188255677
-66.79344056061892
-66.7957790609993
-66.79809747050417
-66.80039587545019
-66.80267436166855
-66.80493301450923
-66.80717191884507
-66.80939115907583
-66.81159081913219
-66.8137709824797
-66.8159317321227
-66.81807315060817
-66.82019532002953
-66.82229832203033
-66.82438223780808
-66.82644714811781
-66.82849313327569
-66.83052027316262
-66.83252864722778
-66.83451833449203
-66.8364894135514
-66.83844196258046
-66.84037605933568
-66.84229178115872
-66.84418920497968
-66.8460684073204
-66.84792946429754
-66.84977245162581
-66.85159744462105
-66.85340451820328
-66.85519374689977
-66.85696520484802
-66.85871896579873
-66.86045510311868
-66.86217368979372
-66.86387479843152
-66.86555850126447
-66.86722487015244
-66.86887397658552
-66.87050589168678
-66.87212068621494
-66.87371843056708
-66.87529919478119
-66.87686304853887
-66.87841006116777
-66.87994030164431
-66.88145383859604
-66.88295074030421
-66.8844310747062
-66.88589490939796
-66.8873423116364
-66.8887733483418
-66.89018808610014
-66.89158659116539
-66.89296892946192
-66.89433516658663
-66.89568536781131
-66.89701959808484
-66.89833792203535
-66.89964040397248
-66.90092710788946
-66.90219809746526
-66.90345343606677
-66.90469318675078
-66.9059174122661
-66.90712617505568
-66.90831953725846
-66.90949756071157
-66.91066030695214
-66.9118078372194
-66.91294021245653
-66.91405749331264
-66.91515974014466
-66.91624701301919
-66.91731937171441
-66.91837687572193
-66.9194195842486
-66.92044755621829
-66.92146085027377
-66.9224595247784
-66.92344363781797
-66.92441324720235
-66.92536841046729
-66.92630918487612
-66.9272356274214
-66.92814779482663
-66.92904574354795
-66.92992952977568
-66.93079920943607
-66.93165483819284
-66.93249647144879
-66.93332416434741
-66.93413797177443
-66.93493794835942
-66.93572414847726
-66.93649662624972
-66.93725543554696
-66.93800062998906
-66.93873226294747
-66.93945038754649
-66.94015505666476
-66.9408463229367
-66.94152423875391
-66.94218885626667
-66.94284022738526
-66.94347840378144
-66.9441034368898
-66.94471537790915
-66.94531427780383
-66.94590018730517
-66.94647315691276
-66.94703323689575
-66.94758047729427
-66.94811492792064
-66.94863663836074
-66.94914565797522
-66.94964203590087
-66.95012582105181
-66.95059706212079
-66.9510558075804
-66.95150210568436
-66.95193600446866
-66.95235755175287
-66.9527667951413
-66.95316378202418
-66.95354855957886
-66.95392117477105
-66.95428167435588
-66.95463010487914
-66.95496651267841
-66.95529094388418
-66.955603444421
-66.95590406000862
-66.9561928361631
-66.95646981819789
-66.95673505122495
-66.95698858015585
-66.95723044970283
-66.95746070437991
-66.9576793885039
-66.95788654619554
-66.95808222138044
-66.95826645779024
-66.95843929896358
-66.95860078824713
-66.95875096879661
-66.95888988357785
-66.95901757536775
-66.95913408675527
-66.95923946014247
-66.95933373774542
-66.95941696159528
-66.9594891735392
-66.95955041524125
-66.95960072818349
-66.95964015366683
-66.95966873281198
-66.95968650656043
-66.95969351567537
-66.95968980074257
-66.95967540217134
-66.95965036019547
-66.95961471487402
-66.95956850609238
-66.95951177356302
-66.95944455682647
-66.95936689525215
-66.95927882803927
-66.9591803942177
-66.95907163264883
-66.95895258202641
-66.95882328087743
-66.95868376756293
-66.95853408027891
-66.95837425705707
-66.95820433576574
-66.95802435411062
-66.95783434963566
-66.95763435972381
-66.9574244215979
-66.95720457232143
-66.9569748487993
-66.95673528777868
-66.95648592584978
-66.9562267994466
-66.95595794484774
-66.9556793981772
-66.95539119540506
-66.95509337234833
-66.95478596467167
-66.95446900788816
-66.95414253736004
-66.95380658829943
-66.95346119576912
-66.95310639468327
-66.95274221980817
-66.95236870576291
-66.95198588702016
-66.95159379790688
-66.95119247260502
-66.9507819451522
-66.95036224944248
-66.949933419227
-66.94949548811468
-66.949048489573
-66.94859245692855
-66.94812742336782
-66.94765342193784
-66.94717048554683
-66.94667864696494
-66.94617793882483
-66.94566839362243
-66.94515004371749
-66.94462292133436
-66.9440870585625
-66.94354248735729
-66.94298923954051
-66.9424273468011
-66.94185684069573
-66.9412777526495
-66.94069011395646
-66.94009395578037
-66.93948930915519
-66.9388762049858
-66.93825467404857
-66.93762474699196
-66.93698645433717
-66.93633982647869
-66.93568489368494
-66.93502168609886
-66.9343502337385
-66.9336705664976
-66.93298271414618
-66.93228670633115
-66.93158257257689
-66.93087034228571
-66.93015004473865
-66.92942170909583
-66.92868536439715
-66.9279410395628
-66.92718876339381
-66.92642856457269
-66.92566047166386
-66.92488451311432
-66.92410071725412
-66.92330911229693
-66.9225097263406
-66.92170258736766
-66.92088772324591
-66.92006516172889
-66.91923493045645
-66.9183970569553
-66.91755156863947
-66.91669849281088
-66.91583785665986
-66.91496968726564
-66.91409401159686
-66.91321085651212
-66.91232024876045
-66.91142221498184
-66.91051678170773
-66.90960397536149
-66.90868382225895
-66.90775634860887
-66.90682158051348
-66.90587954396887
-66.90493026486558
-66.90397376898903
-66.90301008202002
-66.90203922953515
-66.90106123700741
-66.90007612980655
-66.89908393319959
-66.8980846723513
-66.89707837232464
-66.89606505808125
-66.89504475448186
-66.89401748628681
-66.89298327815648
-66.89194215465173
-66.89089414023437
-66.8898392592676
-66.88877753601648
-66.88770899464829
-66.8866336592331
-66.88555155374411
-66.8844627020581
-66.88336712795594
-66.8822648551229
-66.88115590714918
-66.8800403075303
-66.87891807966751
-66.87778924686828
-66.8766538323466
-66.87551185922354
-66.87436335052753
-66.87320832919491
-66.87204681807023
-66.87087883990671
-66.86970441736665
-66.86852357302182
-66.86733632935389
-66.8661427087548
-66.86494273352716
-66.86373642588468
-66.86252380795254
-66.8613049017678
-66.86007972927975
-66.85884831235036
-66.85761067275463
-66.85636683218098
-66.85511681223163
-66.853860634423
-66.85259832018606
-66.85132989086675
-66.85005536772631
-66.84877477194168
-66.84748812460586
-66.84619544672829
-66.84489675923523
-66.84359208297008
-66.84228143869379
-66.84096484708522
-66.83964232874145
-66.83831390417821
-66.83697959383016
-66.83563941805137
-66.8342933971155
-66.8329415512163
-66.83158390046786
-66.83022046490504
-66.82885126448376
-66.82747631908134
-66.8260956484969
-66.82470927245166
-66.82331721058924
-66.82191948247608
-66.82051610760175
-66.81910710537923
-66.81769249514531
-66.81627229616089
-66.81484652761132
-66.81341520860671
-66.81197835818227
-66.81053599529864
-66.80908813884218
-66.80763480762536
-66.806176020387
-66.80471179579261
-66.80324215243478
-66.80176710883335
-66.80028668343587
-66.79880089461784
-66.79730976068299
-66.79581329986368
-66.79431153032111
-66.7928044701457
-66.79129213735733
-66.7897745499057
-66.78825172567062
-66.78672368246227
-66.78519043802152
-66.78365201002025
-66.78210841606162
-66.78055967368036
-66.77900580034309
-66.77744681344855
-66.775882730328
-66.77431356824536
-66.77273934439765
-66.77116007591513
-66.76957577986173
-66.76798647323517
-66.7663921729674
-66.76479289592477
-66.76318865890835
-66.76157947865421
-66.75996537183369
-66.75834635505363
-66.75672244485676
-66.75509365772182
-66.75346001006395
-66.75182151823488
-66.75017819852326
-66.7485300671549
-66.74687714029301
-66.74521943403849
-66.74355696443021
-66.74188974744521
-66.74021779899904
-66.73854113494595
-66.73685977107917
-66.7351737231312
-66.73348300677401
-66.73178763761933
-66.7300876312189
-66.72838300306468
-66.72667376858915
-66.72495994316556
-66.72324154210813
-66.72151858067232
-66.71979107405512
-66.71805903739521
-66.71632248577326
-66.71458143421216
-66.71283589767727
-66.71108589107662
-66.7093314292612
-66.70757252702515
-66.70580919910604
-66.70404146018507
-66.70226932488731
-66.70049280778196
-66.69871192338252
-66.69692668614711
-66.69513711047863
-66.69334321072499
-66.69154500117936
-66.68974249608041
-66.6879357096125
-66.68612465590593
-66.68430934903712
-66.68248980302889
-66.68066603185066
-66.67883804941864
-66.67700586959609
-66.67516950619348
-66.67332897296882
-66.67148428362773
-66.66963545182377
-66.66778249115855
-66.66592541518206
-66.66406423739281
-66.66219897123803
-66.6603296301139
-66.6584562273658
-66.65657877628843
-66.65469729012608
-66.65281178207283
-66.65092226527274
-66.64902875282003
-66.64713125775933
-66.64522979308587
-66.64332437174566
-66.64141500663568
-66.63950171060414
-66.6375844964506
-66.63566337692623
-66.63373836473397
-66.63180947252873
-66.62987671291759
-66.62794009846002
-66.62599964166797
-66.62405535500622
-66.62210725089244
-66.62015534169744
-66.61819963974533
-66.61624015731374
-66.61427690663399
-66.61230989989124
-66.61033914922477
-66.60836466672805
-66.606386464449
-66.60440455439016
-66.60241894850884
-66.60042965871735
-66.59843669688311
-66.59644007482893
-66.59443980433309
-66.59243589712959
-66.59042836490825
-66.58841721931496
-66.58640247195184
-66.58438413437739
-66.58236221810664
-66.58033673461141
-66.57830769532038
-66.57627511161935
-66.57423899485137
-66.57219935631687
-66.5701562072739
-66.56810955893826
-66.56605942248366
-66.56400580904194
-66.56194872970315
-66.55988819551577
-66.55782421748688
-66.55575680658231
-66.55368597372677
-66.5516117298041
-66.54953408565729
-66.5474530520888
-66.5453686398606
-66.5432808596944
-66.54118972227177
-66.53909523823428
-66.53699741818374
-66.53489627268226
-66.53279181225244
-66.53068404737756
-66.52857298850171
-66.5264586460299
-66.52434103032826
-66.5222201517242
-66.52009602050654
-66.51796864692567
-66.51583804119365
-66.51370421348446
-66.51156717393405
-66.50942693264055
-66.50728349966438
-66.50513688502843
-66.50298709871817
-66.5008341506818
-66.49867805083045
-66.49651880903824
-66.49435643514248
-66.49219093894379
-66.49002233020627
-66.48785061865757
-66.48567581398913
-66.48349792585624
-66.4813169638782
-66.4791329376385
-66.47694585668489
-66.47475573052958
-66.47256256864932
-66.47036638048559
-66.46816717544468
-66.4659649628979
-66.46375975218163
-66.4615515525975
-66.45934037341253
-66.45712622385923
-66.45490911313576
-66.45268905040605
-66.45046604479992
-66.44824010541325
-66.44601124130804
-66.44377946151262
-66.44154477502171
-66.4393071907966
-66.43706671776523
-66.43482336482236
-66.43257714082966
-66.43032805461586
-66.42807611497685
-66.42582133067584
-66.42356371044347
-66.4213032629779
-66.41903999694497
-66.41677392097834
-66.41450504367955
-66.4122333736182
-66.40995891933198
-66.40768168932696
-66.40540169207753
-66.40311893602663
-66.40083342958579
-66.39854518113533
-66.39625419902444
-66.39396049157125
-66.39166406706303
-66.38936493375626
-66.38706309987671
-66.38475857361968
-66.38245136314994
-66.38014147660199
-66.3778289220801
-66.37551370765844
-66.37319584138119
-66.37087533126265
-66.36855218528737
-66.36622641141024
-66.36389801755658
-66.3615670116223
-66.35923340147399
-66.35689719494901
-66.35455839985562
-66.35221702397308
-66.34987307505173
-66.34752656081317
-66.34517748895027
-66.34282586712737
-66.34047170298032
-66.3381150041166
-66.33575577811546
-66.33339403252795
-66.3310297748771
-66.32866301265798
-66.32629375333784
-66.32392200435615
-66.32154777312475
-66.31917106702795
-66.31679189342263
-66.3144102596383
-66.31202617297724
-66.30963964071461
-66.30725067009851
-66.30485926835011
-66.30246544266375
-66.30006920020696
-66.29767054812072
-66.29526949351938
-66.29286604349089
-66.29046020509679
-66.2880519853724
-66.28564139132686
-66.28322842994322
-66.28081310817858
-66.27839543296413
-66.2759754112053
-66.2735530497818
-66.27112835554773
-66.26870133533173
-66.26627199593693
-66.26384034414123
-66.26140638669723
-66.25897013033241
-66.25653158174919
-66.254090747625
-66.25164763461243
-66.24920224933928
-66.24675459840863
-66.24430468839897
-66.24185252586427
-66.23939811733406
-66.23694146931354
-66.23448258828361
-66.23202148070105
-66.22955815299851
-66.22709261158467
-66.2246248628443
-66.22215491313831
-66.21968276880388
-66.21720843615455
-66.21473192148025
-66.21225323104746
-66.2097723710992
-66.20728934785521
-66.20480416751195
-66.20231683624276
-66.19982736019784
-66.19733574550446
-66.19484199826694
-66.19234612456675
-66.18984813046264
-66.18734802199064
-66.18484580516424
-66.18234148597439
-66.17983507038957
-66.17732656435595
-66.1748159737974
-66.17230330461558
-66.16978856269004
-66.1672717538783
-66.16475288401587
-66.16223195891641
-66.15970898437172
-66.1571839661519
-66.15465691000539
-66.15212782165898
-66.14959670681802
-66.14706357116637
-66.14452842036658
-66.14199126005985
-66.1394520958662
-66.13691093338451
-66.13436777819257
-66.13182263584719
-66.12927551188425
-66.12672641181878
-66.12417534114505
-66.12162230533659
-66.1190673098463
-66.11651036010655
-66.11395146152917
-66.11139061950561
-66.10882783940693
-66.10626312658393
-66.1036964863672
-66.10112792406714
-66.09855744497415
-66.09598505435855
-66.09341075747078
-66.09083455954138
-66.0882564657811
-66.08567648138093
-66.08309461151222
-66.08051086132673
-66.07792523595666
-66.07533774051474
-66.07274838009434
-66.07015715976945
-66.0675640845948
-66.06496915960597
-66.0623723898193
-66.05977378023215
-66.05717333582282
-66.0545710615507
-66.05196696235626
-66.04936104316118
-66.04675330886838
-66.04414376436208
-66.04153241450787
-66.03891926415281
-66.03630431812542
-66.0336875812358
-66.03106905827566
-66.0284487540184
-66.02582667321916
-66.02320282061488
-66.0205772009244
-66.01794981884842
-66.01532067906972
-66.01268978625303
-66.01005714504527
-66.00742276007547
-66.00478663595493
-66.0021487772772
-65.99950918861818
-65.99686786813442
-65.9942247951752
-65.99157998774464
-65.98893345460974
-65.98628520244938
-65.98363523716552
-65.98098356421663
-65.97833018879703
-65.97567511595997
-65.97301835071505
-65.97035981006161
-65.96769867192498
-65.96503477232677
-65.96236805079026
-65.95969847276933
-65.95702602257316
-65.95435069090588
-65.95167247175014
-65.94899136107857
-65.94630735614442
-65.94362045504843
-65.94093065646325
-65.93823795945349
-65.93554236335585
-65.9328438676975
-65.93014247213931
-65.92743817643573
-65.92473098040578
-65.92202088391186
-65.9193078868439
-65.91659198910753
-65.913873190615
-65.9111514912783
-65.90842689100377
-65.90569938968802
-65.90296898721466
-65.90023568345184
-65.89749947825023
-65.89476037144149
-65.89201836283715
-65.8892734522275
-65.88652563938099
-65.88377492404359
-65.88102130593833
-65.87826478476492
-65.87550536019953
-65.8727430318945
-65.8699777994782
-65.86720966255494
-65.86443862070475
-65.86166467348339
-65.85888782042228
-65.85610806102841
-65.85332539478433
-65.85053982114812
-65.84775133955335
-65.84495994940909
-65.84216565009987
-65.83936844098571
-65.83656832140205
-65.83376529065981
-65.83095934804534
-65.82815049282046
-65.8253387242224
-65.82252404146388
-65.81970644373303
-65.81688593019341
-65.81406249998408
-65.81123615221946
-65.80840688598951
-65.80557470035954
-65.80273959437037
-65.7999015670382
-65.79706061735473
-65.79421674428706
-65.79136994677772
-65.78852022374471
-65.78566757408144
-65.78281199665676
-65.77995349031495
-65.77709205387572
-65.77422768613418
-65.7713603858609
-65.76849015180184
-65.76561698267837
-65.7627408771873
-65.7598618340008
-65.75697985176649
-65.75409492910734
-65.75120706462175
-65.74831625688348
-65.74542250444169
-65.74252580582089
-65.73962615952097
-65.73672356401717
-65.7338180177601
-65.73090951917571
-65.72799806666528
-65.72508365860543
-65.72216629334811
-65.71924596922057
-65.71632268452537
-65.71339643754035
-65.71046722651869
-65.70753504968879
-65.70459990525434
-65.7016617913943
-65.69872070626285
-65.69577664798943
-65.69282961467871
-65.68987960441056
-65.68692661524005
-65.68397064519745
-65.6810116922882
-65.67804975449289
-65.67508482976731
-65.67211691604237
-65.66914601122409
-65.6661721131936
-65.66319521980715
-65.66021532889607
-65.65723243826676
-65.65424654570066
-65.65125764895427
-65.64826574575909
-65.64527083382166
-65.6422729108235
-65.63927197442106
-65.63626802224584
-65.63326105190421
-65.6302510609775
-65.62723804702192
-65.62422200756859
-65.6212029401235
-65.61818084216748
-65.6151557111562
-65.61212754452018
-65.60909633966466
-65.60606209396971
-65.60302480479015
-65.59998446945552
-65.5969410852701
-65.59389464951283
-65.59084515943735
-65.58779261227193
-65.58473700521948
-65.58167833545751
-65.57861660013815
-65.57555179638803
-65.57248392130836
-65.56941297197486
-65.56633894543774
-65.56326183872166
-65.56018164882575
-65.55709837272354
-65.55401200736297
-65.55092254966632
-65.54782999653025
-65.54473434482573
-65.54163559139796
-65.53853373306649
-65.53542876662506
-65.53232068884164
-65.52920949645836
-65.52609518619153
-65.52297775473156
-65.519857198743
-65.51673351486441
-65.51360669970846
-65.5104767498618
-65.50734366188503
-65.50420743231275
-65.50106805765347
-65.49792553438957
-65.49477985897731
-65.4916310278468
-65.48847903740189
-65.48532388402023
-65.48216556405323
-65.47900407382596
-65.47583940963717
-65.47267156775926
-65.4695005444382
-65.46632633589356
-65.46314893831843
-65.4599683478794
-65.45678456071651
-65.45359757294327
-65.45040738064654
-65.44721397988657
-65.44401736669693
-65.44081753708443
-65.4376144870292
-65.43440821248451
-65.43119870937687
-65.4279859736059
-65.4247700010443
-65.42155078753785
-65.41832832890536
-65.41510262093861
-65.41187365940232
-65.40864144003412
-65.4054059585445
-65.40216721061678
-65.39892519190705
-65.39567989804416
-65.39243132462965
-65.38917946723771
-65.38592432141515
-65.38266588268135
-65.37940414652826
-65.37613910842025
-65.37287076379418
-65.36959910805932
-65.36632413659724
-65.36304584476188
-65.35976422787942
-65.35647928124827
-65.353191000139
-65.34989937979434
-65.34660441542907
-65.34330610223004
-65.34000443535606
-65.33669940993789
-65.33339102107823
-65.33007926385154
-65.32676413330417
-65.32344562445415
-65.32012373229126
-65.3167984517769
-65.3134697778441
-65.31013770539742
-65.30680222931294
-65.30346334443814
-65.30012104559198
-65.2967753275647
-65.29342618511788
-65.29007361298432
-65.286717605868
-65.28335815844407
-65.27999526535875
-65.27662892122929
-65.2732591206439
-65.26988585816173
-65.2665091283128
-65.26312892559794
-65.25974524448871
-65.25635807942741
-65.25296742482696
-65.24957327507087
-65.24617562451317
-65.2427744674784
-65.23936979826146
-65.23596161112765
-65.23254990031255
-65.22913466002197
-65.2257158844319
-65.22229356768848
-65.21886770390786
-65.21543828717624
-65.2120053115497
-65.20856877105426
-65.20512865968568
-65.20168497140955
-65.1982377001611
-65.19478683984518
-65.19133238433623
-65.1878743274782
-65.18441266308442
-65.18094738493765
-65.17747848678994
-65.17400596236254
-65.17052980534594
-65.16705000939969
-65.16356656815239
-65.16007947520164
-65.15658872411393
-65.15309430842458
-65.14959622163771
-65.1460944572261
-65.1425890086312
-65.13907986926304
-65.13556703250009
-65.1320504916893
-65.12853024014593
-65.12500627115357
-65.12147857796396
-65.11794715379705
-65.1144119918408
-65.1108730852512
-65.10733042715215
-65.1037840106354
-65.10023382876047
-65.09667987455458
-65.09312214101259
-65.08956062109688
-65.08599530773735
-65.08242619383124
-65.07885327224317
-65.07527653580495
-65.07169597731558
-65.06811158954118
-65.06452336521482
-65.06093129703657
-65.0573353776733
-65.05373559975865
-65.05013195589301
-65.0465244386433
-65.04291304054306
-65.03929775409222
-65.03567857175709
-65.03205548597026
-65.02842848913056
-65.0247975736029
-65.02116273171823
-65.01752395577347
-65.0138812380314
-65.01023457072058
-65.00658394603526
-65.00292935613531
-64.99927079314612
-64.99560823581326
-64.99194162840917
-64.98827098879728
-64.98459631724695
-64.98091760981535
-64.9772332961213
-64.97354301696969
-64.9698466528039
-64.96614413814973
-64.96243542632436
-64.95872047988128
-64.95499926677533
-64.95127172902569
-64.94753782744108
-64.94379753487016
-64.94005082705007
-64.93629768094583
-64.93253807420628
-64.92877198487764
-64.92499939122764
-64.9212202716342
-64.91743460451431
-64.91364236827829
-64.90984354129972
-64.9060381018955
-64.90222602831236
-64.89840729871729
-64.89458189119085
-64.89074978372223
-64.88691095420548
-64.88306538043656
-64.87921304011115
-64.87535391082267
-64.87148797006074
-64.86761519520986
-64.86373556354825
-64.85984905224674
-64.85595563836792
-64.85205529886522
-64.84814801058211
-64.84423375025135
-64.84031249449424
-64.83638421981992
-64.83244890262468
-64.82850651919125
-64.82455704568824
-64.82060045816932
-64.81663673257273
-64.81266584472053
-64.80868777031793
-64.80470248495274
-64.80070996409462
-64.79671018309449
-64.79270311718385
-64.78868874147409
-64.7846670309559
-64.78063796049855
-64.77660150484925
-64.77255763863243
-64.76850633634913
-64.76444757237628
-64.760381320966
-64.75630755624496
-64.75222625221366
-64.74813738274568
-64.74404092158709
-64.73993684235562
-64.73582511854002
-64.73170572349936
-64.7275786304622
-64.72344381252601
-64.7193012426563
-64.71515089368597
-64.71099273831454
-64.70682674910739
-64.70265289849502
-64.69847115877228
-64.69428150209762
-64.69008390049233
-64.68587832583972
-64.68166474988439
-64.6774431442314
-64.67321348034554
-64.66897572955047
-64.66472986302793
-64.66047585181698
-64.65621366681313
-64.65194327876753
-64.64766465828619
-64.64337777582908
-64.63908260170935
-64.63477910609247
-64.63046725899535
-64.62614703028555
-64.62181838968036
-64.61748130674596
-64.61313575089652
-64.60878169139339
-64.60441909734412
-64.60004793770163
-64.59566818126333
-64.59127979667014
-64.58688275240561
-64.58247701679508
-64.57806255800463
-64.57363934404022
-64.56920734274676
-64.56476652180714
-64.56031684874128
-64.55585829090518
-64.55139081548995
-64.54691438952086
-64.54242897985634
-64.53793455318696
-64.53343107603452
-64.528918514751
-64.52439683551754
-64.51986600434344
-64.51532598706518
-64.5107767493453
-64.50621825667145
-64.5016504743553
-64.4970733675315
-64.49248690115662
-64.48789104000808
-64.48328574868309
-64.47867099159751
-64.47404673298486
-64.46941293689514
-64.46476956719374
-64.46011658756034
-64.45545396148776
-64.45078165228087
-64.44609962305542
-64.44140783673689
-64.43670625605935
-64.4319948435643
-64.42727356159943
-64.42254237231755
-64.41780123767532
-64.41305011943204
-64.4082889791485
-64.4035177781857
-64.39873647770368
-64.39394503866026
-64.38914342180976
-64.38433158770182
-64.37950949668004
-64.37467710888079
-64.36983438423188
-64.3649812824513
-64.36011776304588
-64.35524378531
-64.35035930832427
-64.34546429095421
-64.34055869184884
-64.33564246943942
-64.33071558193804
-64.32577798733622
-64.3208296434036
-64.31587050768645
-64.31090053750641
-64.30591968995888
-64.30092792191179
-64.29592519000401
-64.290911450644
-64.2858866600083
-64.28085077404008
-64.27580374844766
-64.27074553870301
-64.26567610004025
-64.26059538745416
-64.25550335569858
-64.25039995928496
-64.24528515248076
-64.24015888930789
-64.23502112354115
-64.22987180870662
-64.22471089808009
-64.21953834468546
-64.21435410129305
-64.20915812041805
-64.20395035431879
-64.19873075499514
-64.19349927418682
-64.18825586337167
-64.18300047376401
-64.17773305631292
-64.17245356170045
-64.16716194033997
-64.16185814237431
-64.1565421176741
-64.15121381583594
-64.14587318618057
-64.14052017775111
-64.13515473931122
-64.12977681934325
-64.12438636604642
-64.11898332733492
-64.11356765083602
-64.10813928388822
-64.10269817353927
-64.09724426654432
-64.09177750936391
-64.08629784816206
-64.08080522880427
-64.07529959685553
-64.06978089757834
-64.06424907593063
-64.05870407656383
-64.05314584382067
-64.04757432173328
-64.04198945402094
-64.03639118408807
-64.03077945502213
-64.02515420959139
-64.01951539024286
-64.01386293910008
-64.00819679796093
-64.00251690829548
-63.99682321124364
-63.9911154071775
-63.98539044892973
-63.97964769397702
-63.97388687619747
-63.968107816771955
-63.96231036789279
-63.95649439706106
-63.950659780652835
-63.94480640055203
-63.93893413177602
-63.93304279118584
-63.92713225602877
-63.921202413331976
-63.91525315248607
-63.909284363631684
-63.90329593700895
-63.897287762591866
-63.89125972986661
-63.88521172769597
-63.87914364423625
-63.87305536688588
-63.866946782252704
-63.8608177761324
-63.85466823349326
-63.8484980384645
-63.842307074326726
-63.83609522350332
-63.8298623675524
-63.82360838715902
-63.817333162127326
-63.811036571372746
-63.80471849291404
-63.79837880386522
-63.79201738042735
-63.785634097880234
-63.77922883057393
-63.77280145192019
-63.76635183438374
-63.75987984947345
-63.753385367733394
-63.746868258733755
-63.74032839106171
-63.73376563231207
-63.72717984907792
-63.72057090694109
-63.71393867046252
-63.707283003172506
-63.70060376756088
-63.69390082506698
-63.687174036069614
-63.680423259876804
-63.67364835471549
-63.66684917772107
-63.66002558492684
-63.6531774312533
-63.646304570497314
-63.639406855321205
-63.63248413724167
-63.62553626661857
-63.61856309264361
-63.611564463328875
-63.60454022549522
-63.59749022476056
-63.59041430552797
-63.5833123109737
-63.57618408303498
-63.569029462397765
-63.561848288484256
-63.55464039944033
-63.54740563212278
-63.54014382208644
-63.5328548035711
-63.525538409488334
-63.51819447140813
-63.51082281954535
-63.503423282746056
-63.495995688473634
-63.488539862794816
-63.48105563036544
-63.47354281441612
-63.466001236737696
-63.45843071766652
-63.450831076069555
-63.44320212932931
-63.43554369332856
-63.42785558243492
-63.42013760948519
-63.41238958576951
-63.40461132101536
-63.39680262337131
-63.3889632993906
-63.38109315401452
-63.37319199055554
-63.36525961068029
-63.357295814392266
-63.34930040001439
-63.34127316417128
-63.33321390177133
-63.32512240598859
-63.31699846824435
-63.30884187818856
-63.300652423680965
-63.29242989077205
-63.28417406368367
-63.27588472478952
-63.267561654595276
-63.259204631718525
-63.25081343286844
-63.24238783282517
-63.23392760441901
-63.225432518509194
-63.21690234396258
-63.20833684763189
-63.199735794333805
-63.19109894682668
-63.182426065787986
-63.17371690979154
-63.16497123528429
-63.156188796562944
-63.14736934575017
-63.13851263277058
-63.129618405326326
-63.120686408872395
-63.11171638659162
-63.102708079369265
-63.09366122576738
-63.08457556199872
-63.075450821900375
-63.06628673690703
-63.057083036023855
-63.04783944579905
-63.03855569029599
-63.02923149106503
-63.01986656711492
-63.01046063488378
-63.00101241527444
-62.99151610385261
-62.98196991142083
-62.972373160096595
-62.962725307595505
-62.95302584222501
-62.94327427146935
-62.933470113740576
-62.9236128932484
-62.91370207920528
-62.903737068643714
-62.893717364593286
-62.88364248438284
-62.87351194597034
-62.8633252648194
-62.85308195257046
-62.84278151626394
-62.83242345784593
-62.822007273842296
-62.81153245513424
-62.8009984867937
-62.790404847953575
-62.779751011697165
-62.769036444958076
-62.75826060842499
-62.74742295644841
-62.73652293694741
-62.725559991315606
-62.71453355432556
-62.703443054031496
-62.69228791167003
-62.681067541558974
-62.66978135099402
-62.65842874014335
-62.64700910194019
-62.63552182197324
-62.623966278374915
-62.61234184170751
-62.600647874847155
-62.5888837328655
-62.57704876290925
-62.56514230407734
-62.55316368729582
-62.541112235190354
-62.52898726195629
-62.51678807322632
-62.50451396593557
-62.49216422818413
-62.47973813909699
-62.467234968681275
-62.45465397768074
-62.44199441742751
-62.429255529690884
-62.4164365465233
-62.40353669010326
-62.3905551725752
-62.37749119588629
-62.36434395161999
-62.35111262082634
-62.337796373848924
-62.324394370148426
-62.310905758122686
-62.29732967492314
-62.28366524626766
-62.26991158624962
-62.256067797143096
-62.24213296920423
-62.22810618046847
-62.213986496543825
-62.19977297039977
-62.185464642152006
-62.17106053884267
-62.156559674216105
-62.14196104849002
-62.12726364812185
-62.11246644557036
-62.097568399052214
-62.08256845229348
-62.067465534275925
-62.05225855897802
-62.036946425110386
-62.021528015845746
-62.00599547815395
-61.99034024938898
-61.974558812841174
-61.95864896493909
-61.94260898939915
-61.926437135911335
-61.91013165303716
-61.893690783870916
-61.877112620897535
-61.86039510061121
-61.84353636480034
-61.82653456646286
-61.80938784026952
-61.79209429531161
-61.77465201166305
-61.7570590381215
-61.739313390549555
-61.721413050567904
-61.70335596445406
-61.68514004215582
-61.666763156363494
-61.64822314160682
-61.62951779335593
-61.61064486711378
-61.59160207749241
-61.57238709726839
-61.5529975564141
-61.53343104110298
-61.513685092687055
-61.493757206645434
-61.47364483150274
-61.45334536771633
-61.43285616653133
-61.412174528802375
-61.391297703780985
-61.370222887867435
-61.34894722332598
-61.327467796962154
-61.305781638760905
-61.28388572048422
-61.26177695422683
-61.2394521909286
-61.21690821884202
-61.194141761953276
-61.17114947835527
-61.1479279585708
-61.12447372382424
-61.100783224259786
-61.07685283710433
-61.052678864773036
-61.028257532915404
-61.003562087635615
-60.97858184202351
-60.95330880624768
-60.927737329756305
-60.901861856274735
-60.87567668984891
-60.849176037115434
-60.8223536183269
-60.7952028978136
-60.76771762318265
-60.73989146761393
-60.711717971277146
-60.68319052345134
-60.65430235169165
-60.62504651315418
-60.59541588695038
-60.56540316702531
-60.53500085525516
-60.50420125457049
-60.47299646198122
-60.44137836142309
-60.409338616371315
-60.376868662183206
-60.34395969814052
-60.31060267916743
-60.27678830720251
-60.24250702220447
-60.2077489927713
-60.17250410635233
-60.13676195903185
-60.100511844862055
-60.06374274472169
-60.02642712210141
-59.988520913297045
-59.95000217920893
-59.91085176749344
-59.871053722075324
-59.83059125740281
-59.78944706109619
-59.747602473646836
-59.70503806631917
-59.661734590387695
-59.61767227019694
-59.572830667905606
-59.527188625144134
-59.48072421693873
-59.43341470834189
-59.38523651143168
-59.336165141546246
-59.28617517200917
-59.235240186811524
-59.18333273084315
-59.13042425733893
-59.07648507224361
-59.02143843494943
-58.96520774876442
-58.90774064381004
-58.848990947755354
-58.788914047089996
-58.72746291020708
-58.66458764080917
-58.60023407698591
-58.53434770958372
-58.46687171499906
-58.39774651392883
-58.326909524299914
-58.25429493431546
-58.17983346976883
-58.103452148856206
-58.0250025585468
-57.94432324124995
-57.8612909958707
-57.77579230028017
-57.68771188807123
-57.59692658915952
-57.50330170935594
-57.40669431708529
-57.30695446145399
-57.20392233438018
-57.09742703063685
-56.987103179047516
-56.872664974114805
-56.753835161260135
-56.63034756760983
-56.50191095175423
-56.368206000876796
-56.228879639438674
-56.083526041421365
-55.931424503535695
-55.77199526708816
-55.604639046522294
-55.42872472906948
-55.24354702277525
-55.04816047446626
-54.84127565319474
-54.62166941600675
-54.388050445691434
-54.13896523913962
-53.87209601012202
-53.58510045522116
-53.27539402294537
-52.93953400431776
-52.573274637532215
-52.17174646061279
-51.72822762445377
-51.23484951252525
-50.68081262798006
-50.052613143825
-49.3314833351204
-48.491946434700914
-47.4986150960697
-46.30070361876756
-44.82388201176344
-42.95880961660039
-40.54539612330763
-37.36513360677773
-33.16853389214873
-27.793440881805218
-21.364763454813414
-14.34694432621331
-7.289116687839993
-0.6155716488287064
5.390310731263474
10.622853470176384
15.108341266113753
18.925004975923386
22.16026692168318
24.89526797126415
27.200447450116897
29.1351789380943
30.748786648146584
32.08186355481921
33.16760918078372
34.033049119607824
34.70009478676332
35.18644311454337
35.50636227960827
35.671353903627946
35.6907224670507
35.572073054696105
35.321736531365936
34.945140608807606
34.44712230065452
33.83220370265029
33.104817669303564
32.2694896204895
31.33097627435665
30.294374026588823
29.165181082426802
27.94932709081756
26.653164726489496
25.28343740560325
23.847242269139123
22.35192353426334
20.80500021576376
19.21406667960352
17.586682691863853
15.930269918138016
14.25203531371799
12.558833125933678
10.857141679001074
9.152990272011564
7.451863073944333
5.758674900671361
4.077832254209813
2.413129606951764
0.7676903428070432
-0.8557882289057672
-2.4552026287692654
-4.029109032491802
-5.57627316573181
-7.096258332838576
-8.588675634912674
-10.053846244433137
-11.492073110726844
-12.904392844224914
-14.291490375405091
-15.655036676760066
-16.996176907171076
-18.31647896329152
-19.618016739745936
-20.902274635973008
-22.170948759483373
-23.426299185784874
-24.6702058202477
-25.904219019357253
-27.129803379971655
-28.348847591023574
-29.562714051604402
-30.772290407365468
-31.97817145169119
-33.18055473106415
-34.37962588856851
-35.57515701013176
-36.766337769798
-37.952029645320344
-39.13079255833903
-40.30096134169371
-41.460797662921905
-42.6080238069311
-43.74007040320159
-44.85415837312692
-45.94737899031482
-47.01681912550922
-48.059601806238724
-49.07305616566522
-50.05486422985199
-51.003134939308985
-51.91645726677564
-52.793907673371756
-53.63504629376282
-54.43986654884222
-55.20874351054877
-55.94230699259491
-56.641451779087056
-57.307283706445446
-57.941056664512494
-58.54402063030874
-59.11754223329537
-59.66300645101168
-60.18174838927789
-60.675143506706526
-61.14446154768381
-61.59099891366353
-62.0159415843644
-62.42047391677546
-62.805690846093825
-63.17265052197601
-63.522359317466275
-63.8557454744717
-64.17371098390687
-64.477099965344
-64.76669529971075
-65.04325037780528
-65.30747483101702
-65.56002015604466
-65.80151094497381
-66.03253740750567
-66.25365432834425
-66.46537233664623
-66.66818004828613
-66.86253909075131
-67.04888387464648
-67.22762247674689
-67.39913182280304
-67.56377348419134
-67.72188883934643
-67.87379960302141
-68.01980895071904
-68.16020265490666
-68.29524508785089
-68.42519015620037
-68.55027819343104
-68.67073626554584
-68.78677890251276
-68.89860885612345
-69.00641782308604
-69.11038707028781
-69.21068499289954
-69.30747375667106
-69.40090735284006
-69.49113177038326
-69.57828541487115
-69.66249954378425
-69.74389868299365
-69.82260101908399
-69.89871876744895
-69.9723585172052
-70.0436215542449
-70.11260271955831
-70.17939296663629
-70.24407940437537
-70.3067450288027
-70.36746888401355
-70.42632626523404
-70.48338891928486
-70.53872523538755
-70.59240042534118
-70.64447669326547
-70.69501339538445
-70.74406719039914
-70.79169218100735
-70.83794004711498
-70.88286017125887
-70.92649975673316
-70.96890393888128
-71.01011588998652
-71.0501760555886
-71.08912373061203
-71.12699675002152
-71.16383139344178
-71.1996624291631
-71.23452318085293
-71.26844559519472
-71.30146030703284
-71.33359670144866
-71.36488297272145
-71.39534618025911
-71.42501230162632
-71.45390628281181
-71.48205208587956
-71.50947273414631
-71.5361903550228
-71.56222622064952
-71.5876007864514
-71.61233372772855
-71.6364439743936
-71.65994974395963
-71.68286857287647
-71.70521734630722
-71.72701232643129
-71.74826917935523
-71.76900300070756
-71.78922833998918
-71.80895922374705
-71.82820917763426
-71.84699124741626
-71.8653180189794
-71.88320163739466
-71.9006538250862
-71.91768589915166
-71.93430878787856
-71.95053304649804
-71.96636887221555
-71.98182591951095
-71.99691351076798
-72.01164081940428
-72.02601673698423
-72.04004988024204
-72.05374858477074
-72.06712091546977
-72.08017468047218
-72.09291743858341
-72.10535650835173
-72.11749897703902
-72.12935170927295
-72.14092135535783
-72.15221435924829
-72.16323696619602
-72.1739952300808
-72.18449502043863
-72.19474202919919
-72.2047417771455
-72.21449962010767
-72.2240207549028
-72.23331022503217
-72.24237292614681
-72.2512136112916
-72.25983689593792
-72.26824726281427
-72.2764490665438
-72.28444653809744
-72.29224378907043
-72.29984481579052
-72.30725350326476
-72.3144736289721
-72.32150886650854
-72.32836278909114
-72.33503887292694
-72.3415405004526
-72.34787096345029
-72.35403346604514
-72.3600311275891
-72.36586698543616
-72.37154399761336
-72.37706504539206
-72.38243293576352
-72.38765040382275
-72.39272011506446
-72.3976446675948
-72.40242659426202
-72.40706836470979
-72.41157238735589
-72.41594101129965
-72.42017652816067
-72.42428117385185
-72.42825713028923
-72.43210652704099
-72.43583144291844
-72.43943390751079
-72.44291590266624
-72.44627936392136
-72.44952618188086
-72.45265820354948
-72.45567723361809
-72.45858503570564
-72.46138333355862
-72.46407381220969
-72.46665811909712
-72.4691378651463
-72.47151462581505
-72.47378994210383
-72.47596532153233
-72.47804223908356
-72.4800221381168
-72.48190643125041
-72.48369650121579
-72.48539370168334
-72.4869993580616
-72.48851476827055
-72.48994120348986
-72.49127990888316
-72.49253210429913
-72.4936989849503
-72.49478172207017
-72.49578146354969
-72.49669933455364
-72.49753643811775
-72.49829385572707
-72.49897264787647
-72.49957385461376
-72.50009849606597
-72.5005475729496
-72.50092206706518
-72.50122294177682
-72.50145114247715
-72.50160759703829
-72.5016932162492
-72.50170889423991
-72.50165550889322
-72.50153392224402
-72.50134498086683
-72.50108951625202
-72.50076834517084
-72.50038227002993
-72.4999320792154
-72.49941854742698
-72.49884243600262
-72.49820449323353
-72.4975054546705
-72.49674604342125
-72.49592697043946
-72.49504893480561
-72.49411262399992
-72.49311871416768
-72.49206787037703
-72.49096074686979
-72.48979798730518
-72.48858022499692
-72.4873080831438
-72.48598217505392
-72.48460310436288
-72.48317146524603
-72.481687842625
-72.4801528123687
-72.4785669414889
-72.47693078833072
-72.47524490275784
-72.4735098263331
-72.47172609249414
-72.46989422672456
-72.46801474672054
-72.46608816255322
-72.46411497682678
-72.46209568483258
-72.46003077469923
-72.45792072753892
-72.45576601758997
-72.45356711235581
-72.4513244727405
-72.4490385531807
-72.44670980177457
-72.44433866040733
-72.44192556487361
-72.43947094499707
-72.43697522474685
-72.4344388223512
-72.43186215040848
-72.42924561599533
-72.4265896207723
-72.42389456108698
-72.42116082807452
-72.41838880775592
-72.41557888113394
-72.41273142428665
-72.40984680845897
-72.40692540015189
-72.4039675612097
-72.4009736489052
-72.39794401602289
-72.39487901094033
-72.39177897770756
-72.38864425612475
-72.38547518181805
-72.38227208631379
-72.37903529711099
-72.37576513775217
-72.37246192789266
-72.36912598336842
-72.3657576162622
-72.36235713496839
-72.35892484425636
-72.3554610453325
-72.3519660359008
-72.34844011022223
-72.34488355917277
-72.34129667030022
-72.33767972787982
-72.33403301296859
-72.33035680345866
-72.32665137412937
-72.3229169966983
-72.31915393987124
-72.31536246939119
-72.31154284808613
-72.30769533591611
-72.30382019001905
-72.2999176647559
-72.29598801175464
-72.29203147995355
-72.28804831564345
-72.2840387625093
-72.28000306167074
-72.27594145172198
-72.27185416877079
-72.26774144647685
-72.26360351608915
-72.25944060648287
-72.25525294419535
-72.25104075346151
-72.24680425624845
-72.2425436722895
-72.23825921911752
-72.23395111209761
-72.22961956445923
-72.22526478732757
-72.2208869897545
-72.21648637874885
-72.21206315930607
-72.20761753443743
-72.20314970519867
-72.19865987071799
-72.1941482282237
-72.18961497307124
-72.18506029876976
-72.18048439700814
-72.17588745768066
-72.17126966891206
-72.16663121708231
-72.16197228685073
-72.15729306117989
-72.15259372135891
-72.1478744470265
-72.1431354161934
-72.13837680526461
-72.13359878906117
-72.12880154084142
-72.12398523232216
-72.11915003369916
-72.1142961136675
-72.10942363944156
-72.10453277677445
-72.09962368997739
-72.09469654193862
-72.08975149414192
-72.08478870668499
-72.07980833829735
-72.07481054635804
-72.06979548691301
-72.06476331469217
-72.0597141831262
-72.05464824436308
-72.04956564928433
-72.04446654752095
-72.03935108746923
-72.03421941630607
-72.0290716800043
-72.02390802334754
-72.01872858994506
-72.01353352224604
-72.008322961554
-72.00309704804074
-71.9978559207601
-71.99259971456831
-71.98732856329364
-71.98204260530963
-71.97674197249967
-71.97142679793254
-71.96609721447486
-71.96075335404886
-71.95539534755565
-71.95002332487819
-71.94463741493867
-71.93923774569569
-71.93382430306288
-71.92839703481208
-71.92295602665907
-71.91750138829008
-71.91203323478926
-71.9065516827948
-71.90105684933347
-71.89554885131626
-71.89002780527086
-71.88449382718578
-71.87894703241558
-71.87338753562233
-71.8678154507392
-71.86223089094824
-71.85663396866747
-71.85102479554396
-71.84540348245135
-71.83977013948994
-71.83412487598912
-71.82846780051102
-71.82279902085534
-71.81711864406476
-71.81142677643109
-71.80572352350163
-71.80000899008584
-71.79428328026228
-71.78854649738551
-71.78279874409324
-71.77704012231334
-71.77127073327092
-71.7654906774955
-71.75970005482796
-71.75389896442749
-71.74808750477865
-71.7422657736981
-71.73643386834144
-71.73059188520995
-71.7247399201572
-71.71887806839563
-71.71300642450296
-71.70712508242872
-71.7012341355004
-71.69533367642984
-71.68942379731931
-71.68350458966754
-71.67757614437582
-71.67163855175384
-71.66569190152556
-71.65973628283494
-71.65377178425167
-71.64779849377676
-71.64181649884803
-71.63582588634569
-71.62982674259759
-71.62381915338467
-71.61780320394614
-71.61177897898465
-71.60574656267146
-71.59970603865149
-71.59365749004824
-71.58760099946878
-71.58153664900856
-71.57546452025622
-71.56938469429835
-71.56329725172412
-71.55720227262992
-71.5510998366239
-71.54499002283046
-71.53887290989472
-71.53274857598684
-71.52661709880645
-71.52047855558682
-71.51433302309911
-71.5081805776566
-71.50202129511872
-71.49585525089513
-71.48968251994978
-71.48350317680482
-71.47731729554454
-71.47112494981923
-71.46492621284901
-71.45872115742758
-71.45250985592595
-71.44629238029611
-71.44006880207473
-71.43383919238666
-71.42760362194848
-71.42136216107211
-71.41511487966815
-71.40886184724937
-71.40260313293406
-71.39633880544939
-71.39006893313466
-71.38379358394461
-71.37751282545263
-71.37122672485394
-71.36493534896869
-71.35863876424514
-71.35233703676268
-71.34603023223485
-71.33971841601243
-71.33340165308627
-71.32708000809033
-71.3207535453045
-71.31442232865751
-71.30808642172975
-71.30174588775601
-71.29540078962833
-71.28905118989866
-71.28269715078156
-71.27633873415695
-71.26997600157266
-71.26360901424704
-71.25723783307161
-71.25086251861352
-71.24448313111813
-71.2380997305115
-71.23171237640277
-71.22532112808675
-71.21892604454614
-71.21252718445407
-71.20612460617639
-71.19971836777395
-71.19330852700499
-71.18689514132734
-71.18047826790074
-71.17405796358901
-71.16763428496225
-71.1612072882991
-71.15477702958874
-71.1483435645332
-71.14190694854932
-71.13546723677091
-71.12902448405076
-71.12257874496272
-71.11613007380375
-71.10967852459576
-71.10322415108779
-71.0967670067578
-71.09030714481467
-71.08384461820012
-71.07737947959053
-71.07091178139889
-71.06444157577658
-71.05796891461529
-71.05149384954872
-71.04501643195442
-71.0385367129556
-71.03205474342283
-71.02557057397577
-71.01908425498492
-71.01259583657333
-71.00610536861821
-70.99961290075267
-70.99311848143802
-70.98662214556403
-70.98012394904198
-70.97362394281794
-70.9671221729126
-70.96061868282256
-70.95411352030573
-70.94760673353143
-70.9410983706221
-70.93458828344328
-70.92807611110258
-70.92156181515259
-70.91504541378632
-70.90852693896595
-70.90200642773478
-70.8954839196481
-70.88895945567522
-70.88243307761462
-70.87590482774762
-70.86937474862135
-70.86284288290798
-70.85630927331076
-70.84977396249995
-70.84323699306827
-70.83669840749934
-70.83015824814508
-70.82361655720938
-70.81707337673609
-70.81052874860042
-70.80398271450244
-70.79743531596262
-70.79088659431842
-70.7843365907222
-70.77778534613957
-70.77123290134855
-70.7646792969392
-70.75812457331341
-70.75156877068515
-70.74501192908092
-70.73845408834018
-70.73189528811618
-70.72533556787664
-70.71877496690466
-70.71221352429964
-70.7056512789782
-70.69908826967519
-70.69252453494471
-70.68596011316113
-70.67939504252008
-70.67282936103958
-70.66626310656099
-70.65969631675013
-70.65312902909825
-70.64656128092315
-70.63999310937014
-70.6334245514131
-70.62685564385549
-70.62028642333141
-70.61371692630652
-70.60714718907914
-70.60057724778116
-70.59400713837906
-70.5874368966749
-70.58086655830725
-70.57429615875219
-70.56772573332424
-70.5611553171773
-70.5545849453056
-70.54801465254464
-70.54144447357206
-70.5348744429086
-70.528304594919
-70.52173496381289
-70.51516558364565
-70.50859648831934
-70.50202771158355
-70.49545928703627
-70.48889124812473
-70.4823236281463
-70.47575646024929
-70.4691897774338
-70.46262361255256
-70.45605799831176
-70.44949296727184
-70.44292855184833
-70.43636478431259
-70.42980169679272
-70.42323932127425
-70.41667768960099
-70.4101168334757
-70.40355678446103
-70.39699757398013
-70.39043923331747
-70.38388179361962
-70.37732528589594
-70.37076974101933
-70.36421518972703
-70.35766166262124
-70.35110919016992
-70.34455780270748
-70.33800753043549
-70.33145840342337
-70.32491045160911
-70.31836370479998
-70.31181819267314
-70.30527394477646
-70.29873099052901
-70.2921893592219
-70.28564908001884
-70.27911018195687
-70.27257269394694
-70.26603664477464
-70.25950206310078
-70.25296897746209
-70.24643741627176
-70.23990740782017
-70.23337898027548
-70.2268521616842
-70.22032697997192
-70.21380346294376
-70.20728163828512
-70.20076153356221
-70.19424317622268
-70.18772659359614
-70.18121181289483
-70.17469886121418
-70.16818776553335
-70.16167855271584
-70.15517124951006
-70.14866588254988
-70.14216247835516
-70.13566106333238
-70.12916166377515
-70.12266430586473
-70.11616901567064
-70.10967581915111
-70.10318474215372
-70.09669581041584
-70.09020904956522
-70.08372448512047
-70.0772421424916
-70.07076204698053
-70.06428422378161
-70.05780869798214
-70.0513354945628
-70.04486463839828
-70.03839615425764
-70.03193006680489
-70.02546640059944
-70.01900518009663
-70.01254642964814
-70.00609017350256
-69.99963643580577
-69.99318523927523
-69.986736586217
-69.98029051094566
-69.97384704061963
-69.96740620086128
-69.96096800842348
-69.9545324813135
-69.94809964267688
-69.94166951641368
-69.93524145767859
-69.92881521231813
-69.92239073402777
-69.91596801766829
-69.9095470702753
-69.90312790424419
-69.89671053492911
-69.89029497948782
-69.88388125622839
-69.87746938420969
-69.87105938298575
-69.864651272437
-69.85824507265589
-69.85184080386755
-69.84543848637377
-69.83903814051259
-69.83263978662882
-69.82624344505217
-69.81984913608092
-69.81345687996954
-69.80706669691942
-69.80067860707175
-69.79429263050203
-69.78790878721608
-69.78152709714686
-69.77514758015212
-69.76877025601271
-69.76239514443125
-69.75602226503128
-69.74965163735658
-69.74328328087081
-69.73691721495727
-69.73055345891882
-69.72419203197788
-69.71783295327653
-69.7114762418767
-69.70512191676035
-69.6987699968298
-69.69242050090791
-69.6860734477385
-69.67972885598655
-69.6733867442387
-69.66704713100344
-69.66071003471158
-69.6543754737166
-69.64804346629496
-69.64171403064653
-69.63538718489491
-69.62906294708787
-69.62274133519766
-69.6164223671214
-69.61010606068146
-69.60379243362581
-69.59748150362844
-69.59117328828964
-69.58486780513641
-69.57856507162286
-69.57226510513051
-69.56596792296864
-69.55967354237471
-69.55338198051467
-69.54709325448331
-69.54080738130463
-69.53452437793214
-69.52824426124928
-69.5219670480697
-69.51569275513761
-69.50942139912814
-69.50315299664767
-69.49688756423416
-69.49062511835746
-69.48436567541967
-69.47810925175544
-69.47185586363234
-69.46560552725113
-69.4593582587461
-69.4531140741854
-69.44687298957133
-69.44063502084073
-69.43440018386516
-69.42816849445133
-69.42193996834133
-69.41571462121303
-69.40949246868026
-69.40327352629319
-69.39705780953864
-69.39084533384035
-69.38463611455924
-69.37843016699381
-69.37222750638033
-69.36602814789315
-69.35983210664504
-69.35363939768745
-69.34745003601076
-69.34126403654459
-69.33508141415813
-69.3289021836603
-69.32272635980017
-69.31655395726713
-69.3103849906912
-69.30421947464332
-69.29805742363557
-69.2918988521215
-69.28574377449637
-69.27959220509737
-69.273444158204
-69.26729964803819
-69.26115868876465
-69.25502129449113
-69.2488874792686
-69.24275725709164
-69.23663064189851
-69.23050764757159
-69.22438828793749
-69.21827257676736
-69.21216052777714
-69.2060521546278
-69.19994747092555
-69.19384649022211
-69.18774922601497
-69.1816556917476
-69.17556590080966
-69.16947986653732
-69.1633976022134
-69.15731912106767
-69.15124443627707
-69.14517356096589
-69.13910650820604
-69.13304329101729
-69.12698392236747
-69.12092841517268
-69.11487678229757
-69.10882903655546
-69.10278519070869
-69.0967452574687
-69.09070924949634
-69.08467717940209
-69.07864905974621
-69.07262490303897
-69.0666047217409
-69.06058852826295
-69.05457633496677
-69.04856815416478
-69.04256399812056
-69.03656387904888
-69.03056780911601
-69.02457580043988
-69.0185878650903
-69.01260401508912
-69.00662426241048
-69.00064861898096
-68.9946770966798
-68.98870967898324
-68.98274638719603
-68.9767872387571
-68.97083224820501
-68.96488142899878
-68.95893478425522
-68.9529923170777
-68.94705403843517
-68.94111907223188
-68.93518710292943
-68.92925805811628
-68.92333191455045
-68.9174086639794
-68.91148830491686
-68.90557083967764
-68.89965627293172
-68.89374461088137
-68.8878358607562
-68.8819300304896
-68.87602712850467
-68.87012716356894
-68.86423014469345
-68.85833608106137
-68.85244498197625
-68.84655685682434
-68.84067171504634
-68.83478956611637
-68.82891041952587
-68.82303428477137
-68.81716117134512
-68.81129108872781
-68.80542404638302
-68.7995600537529
-68.79369912025476
-68.78784125527861
-68.78198646818512
-68.77613476830417
-68.77116199429148
-68.76747904082211
-68.76522878962341
-68.76444260561453
-68.76510711499266
-68.76719006589641
-68.77065056071486
-68.77544345158005
-68.78152145959926
-68.78883632603053
-68.79818529444393
-68.80990181085087
-68.82405415154702
-68.84060118152047
-68.85945878747034
-68.8805257246043
-68.90369396364324
-68.92885322555773
-68.95589322491247
-68.98470491603553
-69.0151812501256
-69.04721766427727
-69.08146769370454
-69.11815464445516
-69.15726136953188
-69.19867524494576
-69.24224941036184
-69.2878263482566
-69.33524716970419
-69.38435556341632
-69.43499964456991
-69.48703289180924
-69.54031463622265
-69.59471030312248
-69.65009150449639
-69.70633603560483
-69.76332780767048
-69.82095673704755
-69.87911860551267
-69.93771489883623
-69.99665263085501
-70.05584415956227
-70.11520700644107
-70.1746636527047
-70.23414135023518
-70.29357192856436
-70.3528916058322
-70.41204080191122
-70.47096395478366
-70.52960934073958
-70.58792889897902
-70.64587806096162
-70.70341558471014
-70.76050339419666
-70.81710642389031
-70.87319246989179
-70.9287320435274
-70.98369823124925
-71.03806655998984
-71.0918148722517
-71.14492319674589
-71.1973736282057
-71.24915021345117
-71.30023884082985
-71.35062713556236
-71.40030435894658
-71.44926131190498
-71.49749024264747
-71.5449847584745
-71.59173974164099
-71.63775126915384
-71.68301653636331
-71.72753378420983
-71.77130222999104
-71.81432200151775
-71.85659407507623
-71.89812021587213
-71.93890292102755
-71.97894536603047
-72.01825135401076
-72.056825269391
-72.09467203175292
-72.13179705052288
-72.16820618584585
-72.20390570928765
-72.23890226743882
-72.27320284789157
-72.30681474687984
-72.3397455387884
-72.37200304736282
-72.40359531859986
-72.43453059526206
-72.46481729300868
-72.49446397801182
-72.52347934583301
-72.55187220167784
-72.57965144188199
-72.6068260365901
-72.63340501357543
-72.65939744314197
-72.6848124240508
-72.70965907041494
-72.73394649951057
-72.75768382045473
-72.78088012370262
-72.8035444713196
-72.82568588798571
-72.84731335269194
-72.86843579108994
-72.88906206891377
-72.90920098505532
-72.92886126560579
-72.94805155848537
-72.96678042856016
-72.98505635321155
-73.00288771833286
-73.02028281493195
-73.03724983663271
-73.0537968753823
-73.069931919264
-73.0856628506453
-73.10118670686734
-73.11658598443009
-73.13188198491463
-73.14707294218245
-73.16214944012768
-73.17709999527823
-73.19191304301184
-73.20657764574182
-73.22108373461674
-73.2354221714089
-73.24958473700765
-73.26356408915387
-73.27735370800445
-73.29094783821145
-73.30434143171522
-73.31753009324787
-73.33051002940421
-73.343278001535
-73.35583125337818
-73.36816752582001
-73.38028500884121
-73.39218228722586
-73.40401009929914
-73.41582622147916
-73.42763942114654
-73.43944046215373
-73.45121333748703
-73.46294186019152
-73.47461057641486
-73.48634508583197
-73.49818458749856
-73.51012347064811
-73.52214037313355
-73.53420977031494
-73.54630607707134
-73.55840503459525
-73.57048414125195
-73.58252273945854
-73.59450197378315
-73.60640469999447
-73.61821537679874
-73.62991995400738
-73.64150576347693
-73.65296141560881
-73.66427670252483
-73.6754425082108
-73.68645072546656
-73.69729417927842
-73.70796655613873
-73.71846233881435
-73.728776746081
-73.73890567697333
-73.74884565914044
-73.7585938009383
-73.76814774693062
-73.77750563650645
-73.78666606535538
-73.79562804957096
-73.80439099217759
-73.81295465189856
-73.82131911400202
-73.82948476307746
-73.83745225761031
-73.8452225062336
-73.85279664554702
-73.86017601940239
-73.86736215956287
-73.87435676765035
-73.88116169830167
-73.88777894345981
-73.89421061787941
-73.90045894533546
-73.90652624590228
-73.91241492414527
-73.91812745814539
-73.92366638930429
-73.92903431288323
-73.93423386923229
-73.93926773566797
-73.94413861896032
-73.94884924839222
-73.95340236935574
-73.95780073745247
-73.96204711306646
-73.96614425638009
-73.970094922805
-73.97390185880167
-73.97756779806267
-73.9810954580361
-73.98448753676702
-73.98774671003608
-73.99087562877529
-73.9938769167427
-73.99675316843835
-73.99950694724474
-74.00214078377677
-74.00465717453282
-74.00705858048505
-74.0093474259722
-74.01152609776433
-74.0135969442628
-74.01556227482781
-74.01750194545718
-74.01944684520389
-74.02140287378084
-74.02336711063442
-74.0253340856129
-74.02729792081728
-74.0292530194495
-74.0311942637819
-74.0331170472855
-74.03501725087284
-74.03689120173924
-74.03873562890811
-74.04054762078859
-74.04232458667737
-74.0440642225509
-74.04576448111166
-74.04742354568647
-74.04903980749565
-74.05061184582385
-74.05213841066255
-74.0536184074463
-74.05505088355852
-74.05643501633406
-74.05777010233061
-74.05905554768013
-74.06029085936476
-74.06147563728824
-74.06260956703696
-74.06369241324305
-74.06472401347654
-74.06570427260641
-74.06663315757973
-74.06751069257618
-74.06833695450209
-74.06911206879312
-74.06983620549894
-74.0705095756272
-74.07113242772641
-74.07170504469052
-74.0722277407689
-74.07270085876816
-74.07312476743296
-74.07349985899421
-74.07382654687439
-74.07410526354005
-74.07433645849298
-74.07452059639144
-74.07465815529396
-74.07474962501863
-74.07479550561095
-74.0747963059142
-74.07475254223631
-74.07466473710758
-74.0745334181243
-74.074359116873
-74.07414236793088
-74.07388370793795
-74.0735836747367
-74.07324280657532
-74.07286164137089
-74.0724407160288
-74.07198056581521
-74.07148172377939
-74.07094472022284
-74.0703700822125
-74.06975833313524
-74.06910999229115
-74.06842557452336
-74.0677055898819
-74.0669505433196
-74.06616093441804
-74.0653372571414
-74.06447999961685
-74.06358964393924
-74.0626666659989
-74.06171153533086
-74.06072471498392
-74.0597066614086
-74.05865782436224
-74.05757864683041
-74.05646956496322
-74.05533100802576
-74.05416339836127
-74.0529671513665
-74.05174267547817
-74.05049037216952
-74.04921063595663
-74.04790385441322
-74.04657040819369
-74.04521067106342
-74.04382500993594
-74.04241378491628
-74.04097734934996
-74.03951604987715
-74.0380302264915
-74.03652021262543
-74.03498633522271
-74.03342891477769
-74.03184826540726
-74.03024469492847
-74.02861850493808
-74.02696999089406
-74.02529944219839
-74.02360714228145
-74.02189336868757
-74.02015839316168
-74.01840248173676
-74.01662589482214
-74.01482888729242
-74.0130117085768
-74.01117460274828
-74.00931780861386
-74.0074415598033
-74.00554606069676
-74.00363150894229
-74.00169814189594
-73.99974617955343
-73.99777583407938
-73.99578731187711
-73.99378081413796
-73.99175570441274
-73.98971103935676
-73.98764680867549
-73.9855631748549
-73.98346033689161
-73.98133850274947
-73.97919788149103
-73.97712317233703
-73.97514714463365
-73.97327572850175
-73.97150519726188
-73.96982888804752
-73.9682395267371
-73.96672999593255
-73.96529357237033
-73.96392398238726
-73.96261539412654
-73.96136238839992
-73.96015992381255
-73.95900330220998
-73.95788813676799
-73.95681032347048
-73.95576601602585
-73.95475160397213
-73.9537636936072
-73.95279909135822
-73.95185478922474
-73.95092795196972
-73.9500159057765
-73.94911612813424
-73.94822623875315
-73.94734399134606
-73.94646726614161
-73.94559406301934
-73.94472249517658
-73.94385078325406
-73.94297724986038
-73.94210031444604
-73.94121848848724
-73.94033037094592
-73.93943464397876
-73.93853006887232
-73.93761548218494
-73.93668979207926
-73.93575197483163
-73.93480107150629
-73.93383618478411
-73.93285647593673
-73.9318611619381
-73.93084951270608
-73.92982084846766
-73.92877453724194
-73.92770999243515
-73.92662667054284
-73.92552406895436
-73.92440172385538
-73.92325920822408
-73.92209612991714
-73.92091212984171
-73.91970688020987
-73.91848008287208
-73.91723146772638
-73.91596079120013
-73.91466783480145
-73.91335240373722
-73.91201432559512
-73.91065344908688
-73.90926964285022
-73.90786279430696
-73.90643280857509
-73.90497960743228
-73.90350312832882
-73.90200332344777
-73.90048015881044
-73.89893361342493
-73.8973636784763
-73.89577035655611
-73.89415366093003
-73.89251361484138
-73.89085025084951
-73.88916361020108
-73.88745374226417
-73.8857207039654
-73.88396455921111
-73.88218537837506
-73.8803832378162
-73.8785582194212
-73.87671041016999
-73.87483990172407
-73.87294679003607
-73.87103117498002
-73.86909316000136
-73.86713285178568
-73.86515035994549
-73.86314579672406
-73.86111927671558
-73.85907091660097
-73.85700083489829
-73.8549091517275
-73.85279598858844
-73.85066146815177
-73.84850571406189
-73.8463288507516
-73.8441310032677
-73.84191229710702
-73.83967285806243
-73.83741281207841
-73.83513228511545
-73.83283140302305
-73.83051029142096
-73.82816907558792
-73.82580788035789
-73.8234268300231
-73.8210260482438
-73.81860565796421
-73.81616578133436
-73.81370653963766
-73.81122805322366
-73.80873044144602
-73.80621382260512
-73.80367831389529
-73.80112403135634
-73.79855108982903
-73.79595960291454
-73.79334968293746
-73.79072144091225
-73.78807498651295
-73.78541042804595
-73.78272787242562
-73.78002742515275
-73.77730919029545
-73.77457327047259
-73.77181976683941
-73.76904877907548
-73.76626040537438
-73.76345474243561
-73.76063188545808
-73.75779192813533
-73.7549349626524
-73.75217159239914
-73.74954565077576
-73.74706596591216
-73.74472850800517
-73.74252515763455
-73.74044679144343
-73.73848433304859
-73.73662910045955
-73.7348729067104
-73.73320807110599
-73.73162739763704
-73.73012414219419
-73.72869197737683
-73.72732495857541
-73.72601749279087
-73.72476431063491
-73.72356044147696
-73.72240119148987
-73.72128212426577
-73.72019904366138
-73.71914797855167
-73.71812516920554
-73.71712705503542
-73.71615026351022
-73.71519160005465
-73.71424803878874
-73.71331671398562
-73.71239491214801
-73.71148006462096
-73.71056974067338
-73.70966164099258
-73.7087535915461
-73.70784353777259
-73.70692953907052
-73.70600976355809
-73.70508248308246
-73.70414606845937
-73.70331070155551
-73.70261794387278
-73.70207373849021
-73.70167116802106
-73.70139941174484
-73.70124687199119
-73.70120222208064
-73.70125473948352
-73.70139439018969
-73.70161182425053
-73.70189833970265
-73.70224583661272
-73.70264676998015
-73.70309410506587
-73.70358127648602
-73.70410215139208
-73.70465099659083
-73.70522244925566
-73.70581149081409
-73.70652071659538
-73.70738572138282
-73.70840779077906
-73.70957614452611
-73.7108766191419
-73.71229466094918
-73.713816303761
-73.71542845901878
-73.71711896963754
-73.71887658153057
-73.72069088746748
-73.72255226379552
-73.72445180810227
-73.72638120209092
-73.72833284589919
-73.73029968419101
-73.73227517403274
-73.73425325089475
-73.73622649387852
-73.73818878101827
-73.74013515363433
-73.74206115941286
-73.74396267633857
-73.74583594908613
-73.74767752950967
-73.74948425048697
-73.751253206324
-73.75298173564153
-73.75466740584758
-73.75630799883791
-73.75790149771387
-73.7594460743745
-73.76094007787943
-73.76238202350471
-73.76377058243074
-73.76510457201282
-73.76638294659323
-73.76760478881934
-73.76876930143689
-73.76987579953057
-73.77092370318705
-73.77191253055759
-73.77284189129867
-73.77371148037165
-73.77452107218234
-73.77527051504379
-73.77595972594558
-73.77658868561447
-73.7771574338517
-73.77766606513308
-73.77811472445872
-73.7785036034399
-73.778832936611
-73.77910299795526
-73.77931409763356
-73.7794665789056
-73.77956081523396
-73.77959720756147
-73.77957618175277
-73.77949818619199
-73.77936368952773
-73.77917317855818
-73.77892715624861
-73.77862613987429
-73.77827065928209
-73.7778612552645
-73.77739847803971
-73.77688288583228
-73.77631504354855
-73.77569552154186
-73.77502489446243
-73.7743037401871
-73.77353263882462
-73.77271217179212
-73.77184292095859
-73.77092546785174
-73.76996039292438
-73.76894827487702
-73.76788969003324
-73.7667852117649
-73.76563540996395
-73.7644408505584
-73.76320209506956
-73.76191970020795
-73.76059421750591
-73.75922619298413
-73.75781616685036
-73.75636467322822
-73.75487223991395
-73.75333938815973
-73.75176663248142
-73.7501544804895
-73.74850343274139
-73.74681398261394
-73.74508661619458
-73.74332181218996
-73.74152004185082
-73.73968176891195
-73.7378074495463
-73.73589753233192
-73.73395245823122
-73.73197266058122
-73.72995856509438
-73.72791058986871
-73.72582914540692
-73.72371463464364
-73.72156745298003
-73.71938798832527
-73.71717662114442
-73.7149337245118
-73.71265966416973
-73.71035479859204
-73.70801947905161
-73.70565404969219
-73.70325884760324
-73.70083420289822
-73.69838043879554
-73.6958978717018
-73.69338681129747
-73.69084756062414
-73.68828041617354
-73.68568566797794
-73.68306359970151
-73.68041448873286
-73.67773860627808
-73.67503621745446
-73.67230758138453
-73.6695529512904
-73.66677257458812
-73.66396669298199
-73.66113554255874
-73.65827935388141
-73.65539835208281
-73.65249275695858
-73.64956278305958
-73.64660863978372
-73.64363053146701
-73.64062865747388
-73.63760321228658
-73.63455438559376
-73.63159680827131
-73.62877460448384
-73.62609553888561
-73.62355433687394
-73.62114178841429
-73.61884788884976
-73.61666287127797
-73.61457752210865
-73.61258325172227
-73.6106720805688
-73.6088365971726
-73.60706990896959
-73.60536559403484
-73.60371765673901
-73.60212048825329
-73.60056883190929
-73.59905775302984
-73.59758261270237
-73.59613904494377
-73.59472293674088
-73.5933304105083
-73.5919578085701
-73.59060167933383
-73.58925876488146
-73.58792598975008
-73.58660045071635
-73.5852794074332
-73.58396027379447
-73.58264060992691
-73.58131811472734
-73.57999061887737
-73.57865607828087
-73.57731256787856
-73.57595827580234
-73.5745914978378
-73.57321063216908
-73.57181417438353
-73.57040071271757
-73.5689689235273
-73.56751756696978
-73.5660454828828
-73.5645515868516
-73.56303486645332
-73.56149437766992
-73.55992924146136
-73.55833864049191
-73.5567218160023
-73.55507806482144
-73.55340673651177
-73.55170723064212
-73.5499789941831
-73.54822151901968
-73.54643433957597
-73.54461703054784
-73.54276920473853
-73.54089051099325
-73.53898063222847
-73.53703928355215
-73.53506621047089
-73.53306118719665
-73.53102401502984
-73.52895452078901
-73.52685255532283
-73.52471799209762
-73.52255072585413
-73.5203506713292
-73.5181177620392
-73.51585194912249
-73.51355320023806
-73.51122149851808
-73.50885684157186
-73.50645924053907
-73.50402871918996
-73.50156531307042
-73.49906906869012
-73.4965400427515
-73.49397830141803
-73.4913839196197
-73.48875698039437
-73.4860975742631
-73.48340579863789
-73.48068175726057
-73.47792546189454
-73.47513703564552
-73.47231585009655
-73.46945898704658
-73.4665660552577
-73.46363710341446
-73.46067228165451
-73.45767177385027
-73.45463577858217
-73.45156446734804
-73.44845800673816
-73.44531660053761
-73.44214045845102
-73.43892979090592
-73.43568480756814
-73.43240571660043
-73.42909272419884
-73.42574603428251
-73.4223658482774
-73.418952364959
-73.41550578033265
-73.41202628753823
-73.4085140767717
-73.40496933521862
-73.401392246997
-73.39778299310733
-73.39414175138917
-73.39046869648332
-73.38676399979894
-73.3830278294855
-73.37926035040903
-73.37546172413252
-73.37163210890016
-73.36777165962512
-73.36388052788085
-73.35995886189555
-73.35600680654952
-73.35202450337543
-73.34801209056126
-73.34396970295543
-73.33989747207455
-73.33579552611302
-73.3316639899547
-73.32750298518647
-73.32331263011328
-73.31909303977501
-73.31484432596454
-73.31056659724726
-73.30625995898177
-73.30192451334165
-73.29756035933822
-73.2931675928443
-73.28874630661868
-73.28429659033138
-73.27981853058964
-73.27531221096434
-73.27077771201706
-73.26621511132761
-73.26162448352181
-73.2570059002998
-73.25235943046445
-73.24768513995014
-73.24298309185163
-73.2382533464531
-73.23349596130554
-73.22871099126786
-73.22389848852451
-73.21905850259938
-73.21419108037277
-73.20929626610203
-73.20437410144493
-73.19942462548491
-73.1944478747576
-73.18944388327779
-73.18441268261812
-73.17935430200092
-73.17426876826566
-73.16915610586378
-73.164186556734
-73.15942839523366
-73.15489610174001
-73.1505842190599
-73.14648082412852
-73.14257230200901
-73.1388449917837
-73.13528574474724
-73.13188209767773
-73.1286223045579
-73.12549531475683
-73.12249073166517
-73.11959876582948
-73.11681018863138
-73.11411628905928
-73.1115088344883
-73.10898003559839
-73.10652251519413
-73.10412928053432
-73.10179369873694
-73.09950947483594
-73.09727063210492
-73.0950714943092
-73.09290666959653
-73.09077103578178
-73.08865972700163
-73.08656812103229
-73.08449182763155
-73.08242667767904
-73.08036871298484
-73.07831417668504
-73.07625950415955
-73.07420131441911
-73.07213640191715
-73.07006172874952
-73.06797441721089
-73.06587174268157
-73.06375112682218
-73.06161013105697
-73.05944645032898
-73.05725790711244
-73.0550424456695
-73.05279812653946
-73.05052312125034
-73.04821570724305
-73.04587426299936
-73.04349726336571
-73.04108327506496
-73.03863095238916
-73.03613903306632
-73.03360633429497
-73.03103174894007
-73.0284142418845
-73.02575284653055
-73.02304666144556
-73.0202948471469
-73.01749662302079
-73.01465126437095
-73.01175809959169
-73.00881650746147
-73.00582591454975
-73.00278579273329
-72.99969565682255
-72.99655506231903
-72.993363603447
-72.99012091072667
-72.98682664906228
-72.98348051585938
-72.98008223921524
-72.97663157618665
-72.97312831113409
-72.96957225413969
-72.9659632394963
-72.96230112426501
-72.9585857868983
-72.95481712592637
-72.95118305487792
-72.94775789261463
-72.94455630789193
-72.94157101862042
-72.9387877485225
-72.93619050617988
-72.93376339152448
-72.93149119818408
-72.92935959144008
-72.92735513125984
-72.92546523760024
-72.92367813538478
-72.92198279450987
-72.92036887140948
-72.9188266548594
-72.91734492448488
-72.91590997073371
-72.91451288335708
-72.9131458827136
-72.91180177919155
-72.91047384193382
-72.909155744267
-72.90784152925637
-72.90652558328675
-72.90520248096745
-72.90386720731311
-72.90251505286523
-72.90114158223187
-72.89974261689632
-72.89831422101997
-72.89685268860153
-72.89535453160832
-72.89381646889595
-72.89223541579373
-72.8906084742677
-72.8889329235963
-72.8872062115098
-72.88542594575462
-72.88358988605218
-72.88169593642651
-72.87974213787889
-72.87772666139084
-72.87564780123856
-72.8735039686039
-72.87129368546819
-72.86901557877609
-72.86666837485797
-72.86425089409956
-72.86176204584865
-72.85920082354893
-72.85656630009159
-72.85385762337582
-72.85107401206965
-72.84821475156294
-72.84527919010465
-72.84226673511688
-72.83917684967838
-72.83600904917066
-72.83276289807974
-72.82943800694734
-72.8260340294651
-72.82255065970584
-72.81898762949726
-72.81534470624453
-72.81162169018005
-72.80781841206252
-72.80393473102183
-72.79997053250834
-72.79612318001158
-72.79246966824175
-72.78902423238075
-72.78577825208052
-72.7827159908572
-72.77982010630421
-72.77707350854266
-72.77445996079462
-72.77196424115758
-72.76957214705894
-72.7672704431597
-72.76504679104124
-72.76288967611474
-72.76078833809304
-72.7587327074409
-72.75671334842822
-72.75472140858344
-72.75274857398557
-72.7507870297098
-72.74882942473634
-72.7468688406825
-72.74489876379104
-72.74291305968657
-72.74090595048594
-72.73887199391646
-72.73680606415377
-72.7347033341411
-72.73255925919308
-72.73036956172152
-72.72813021694922
-72.72583743950065
-72.7234876707772
-72.7210775670404
-72.71860398813834
-72.71606398682115
-72.71345479859913
-72.71077383210405
-72.70801865991949
-72.70518700985014
-72.70227675660402
-72.69928591386424
-72.69621262672923
-72.69305516450262
-72.68981191381546
-72.6864813720648
-72.68306214115384
-72.67955292152007
-72.67595250643829
-72.67225977658642
-72.66847369486274
-72.6645933014434
-72.66061770906995
-72.65654609855699
-72.65237771451038
-72.64811186124696
-72.6437478989071
-72.63928523975166
-72.63472334463547
-72.63006171964958
-72.62529991292466
-72.62043751158896
-72.61547413887348
-72.610398209823
-72.6052051233752
-72.59989358962859
-72.59446328119994
-72.5889139673589
-72.58324547765238
-72.57745767831088
-72.57155045848842
-72.5655236051646
-72.55937683546581
-72.55311003481536
-72.5467231174563
-72.5402160044545
-72.53358861772723
-72.5268408769163
-72.51997269720451
-72.51298398764251
-72.5058746497958
-72.49864457659928
-72.4912936513498
-72.48382174679433
-72.47622872428721
-72.46851443300116
-72.46067870918161
-72.45272137543846
-72.44464224007082
-72.43644109642167
-72.42811772227866
-72.4196718794463
-72.41110331318674
-72.40241175163058
-72.39359690520699
-72.38465846619798
-72.3755961082862
-72.36640948604307
-72.35709823442235
-72.34766196828063
-72.33810028204866
-72.32841274960302
-72.31884169037792
-72.30948241799172
-72.30035345559968
-72.29144526398848
-72.28273946567809
-72.27421557687175
-72.26585328080027
-72.25763316603476
-72.24953692971043
-72.24154738910335
-72.2336484243467
-72.22582489865681
-72.21806257505024
-72.21034803720096
-72.20266861732718
-72.19501233184293
-72.18736782451855
-72.17972431646716
-72.17207156212984
-72.1643998104285
-72.15669977129954
-72.1489625842236
-72.14117979029159
-72.13334330728105
-72.12544540699547
-72.11747869449195
-72.10943608891881
-72.1013108057366
-72.09309634013626
-72.08478645150096
-72.0763751487852
-72.06785667670644
