-65.0
-64.70881402066539
-64.41893172125195
-64.13034418042973
-63.84304369828692
-63.557022552369965
-63.27227297089989
-62.988787416248144
-62.7065584655904
-62.425577790611634
-62.14583726550735
-61.86732889869077
-61.59004406737123
-61.313973438659026
-61.039107868338604
-60.765438339489286
-60.49295391775273
-60.22164357137641
-59.95149647800738
-59.68250135789129
-59.414644146483504
-59.14791116108397
-58.88228897564805
-58.61776208941906
-58.35431229701755
-58.091921886916104
-57.83057348445149
-57.57024499188277
-57.31091203276869
-57.05255089143509
-56.79513830782985
-56.53864227873409
-56.283029321220646
-56.02826685465501
-55.774322922901064
-55.521151104390825
-55.26870455254815
-55.016937663530854
-54.765805686919656
-54.515241679449744
-54.265179234057044
-54.015553642893046
-53.7663013338004
-53.51732644903892
-53.268533932324516
-53.019830978031834
-52.77112619187709
-52.522282633414825
-52.27316308707701
-52.02363309854128
-51.77355969414353
-51.52274558015731
-51.27099086321709
-51.01809845084011
-50.7638720556767
-50.50802022967826
-50.25024820758072
-49.9902624524908
-49.727762412285514
-49.462303790481926
-49.193443773742715
-48.92073479740388
-48.64366290983041
-48.361553689978344
-48.07372120333651
-47.77945774897064
-47.47781129210851
-47.16771799695258
-46.84806538177461
-46.517486830236905
-46.17430369119579
-45.81672604821982
-45.44252924820604
-45.04898984545522
-44.63312475321778
-44.19088450294611
-43.71764032782361
-43.20747806441037
-42.653101827870174
-42.04507446479308
-41.371611515082655
-40.61655945389252
-39.75880601327796
-38.76975945755999
-37.60968774444591
-36.22243575348335
-34.52806049590627
-32.41153828867598
-29.71188923201679
-26.22326612057915
-21.75402496165917
-16.33930069004186
-10.603238626207354
-5.725467357869936
-2.523447522258969
-0.8552026090584837
-0.11942865408391523
0.17586432717659545
0.29246998584210837
0.3426540009791869
0.36937465061278635
0.3882238731188079
0.40480204074669135
0.42116836579478933
0.4381220197842494
0.45599989188595763
0.47495994200254765
0.4950855596176177
0.5164260372004275
0.5390132123084617
0.5628686628190036
0.5880068703874421
0.6144365197936289
0.6421608685945769
0.6711776252557923
0.7014785608523927
0.7330489815513631
0.7658671410981782
0.7999036475472626
0.8351209047012683
0.8714726206190807
0.9089034103273591
0.9473485160251068
0.9867336647531347
1.0269750802124094
1.0679768262380664
1.1096338389727913
1.1518339202647458
1.1944578452133234
1.2202060620044084
1.2398652527978091
1.2560675212598646
1.2699037983637491
1.2819344387069136
1.292465782715382
1.299894916669902
1.305407679787287
1.3093369854093473
1.3118383430564307
1.3130005809304288
1.3128801009017914
1.3115170315729154
1.3089442253070394
1.3051926240496592
1.3002945051798893
1.2942853912222971
1.2872050912635484
1.2790981233385967
1.2700137434992425
1.2600056923421907
1.2491317455140512
1.2374531330618068
1.2250338768967848
1.2119400845832233
1.198239230902081
1.1839994561943816
1.1692888754223105
1.1541749395467586
1.1387238532365673
1.1230000553422097
1.107065765850214
1.090980600886691
1.0748012559018425
1.0585812555770906
1.0423707675844276
1.026216476228452
1.0101615111854225
0.9942454259842048
0.9785040905072052
0.9629697741917214
0.947671575706051
0.9326353647196797
0.9178838929925385
0.9034369344258476
0.8893114460667811
0.875521743140666
0.8620796807505078
0.848994837687393
0.8362746991540649
0.823924835961956
0.8119490783150708
0.8003496669524965
0.7891273637936986
0.7782817265540429
0.7678112186950264
0.7577133229037963
0.7479846547637857
0.7386210721695217
0.7296177777702644
0.7209694134591239
0.7126701466928219
0.7047137487497386
0.6970936655064681
0.6898030811574577
0.6828349752465337
0.6761821734303801
0.6698373924448998
0.6637932797617654
0.6580424489879875
0.6525775101353494
0.6473910956310132
0.6424758830493551
0.6378246147984741
0.6334301149804049
0.6292853036864526
0.6253832089939926
0.6217169769169346
0.6182798795420972
0.6150653215629757
0.6120668109827541
0.6092779947128639
0.6066926911572096
0.6043048808828266
0.6021086991289154
0.600098430988435
0.5982685084727213
0.5966135085083406
0.5951281512669507
0.5938072985148539
0.5926459518343464
0.5916392506577315
0.5907824701015068
0.5900710186121018
0.5895004354458088
0.5890663880099979
0.5887646690933007
0.5885911940111134
0.5885419976904392
0.5886132317154125
0.5888011613521084
0.5891021625686422
0.5895127190641787
0.590029419318324
0.5906489536704889
0.5913681114371582
0.5921837780735638
0.5930929323850294
0.5940926437921823
0.5951800696533207
0.5963524526464443
0.5976071182127849
0.5989414720631142
0.6003529977476137
0.6018392542896948
0.6033978738838076
0.6050265596569836
0.6067230834936187
0.6084852839227995
0.6103110640673151
0.6121983896997818
0.6141452873249743
0.6161498422559394
0.6182101967701373
0.6203245483422557
0.6224911479405262
0.6247082936573444
0.6269743234048568
0.6292876324684002
0.6316466691025765
0.6340499302093133
0.6364959582601155
0.6389833390443453
0.6415106999037543
0.6440767082530565
0.6466800702728857
0.6493195297105403
0.6519938667517058
0.6547018969422803
0.6574424701485506
0.6602144695493082
0.6630168106564018
0.6658484403619596
0.6687083360113407
0.6715955045013494
0.6745089814033872
0.6774478301113055
0.680411141013668
0.6833980306906615
0.6864076411305368
0.689439138966335
0.6924917147452266
0.6955645822233432
0.6986569776803457
0.7017681592519581
0.7048974062806758
0.7080440186852617
0.7112073163493687
0.7143866385292273
0.7175813432800381
0.7207908069005122
0.7240144233949368
0.7272516039521157
0.7305017764405344
0.7337643849191873
0.7370388891634586
0.7403247642055658
0.7436214998890595
0.7469286004368937
0.7502455840326533
0.7535719824144931
0.7569073404813869
0.7602512159112961
0.7636031787908856
0.7669628112564224
0.7703297071455018
0.773703471659257
0.7770837210347497
0.7804700822271853
0.783862192601674
0.7872596996342378
0.7906622606217538
0.794069542400586
0.7974812210736038
0.8008969817453592
0.8043165182651407
0.8077395329776766
0.8111657364812451
0.814594847392969
0.8180265921210611
0.8214607046438172
0.8248969262093659
0.8283350038745427
0.8317746914261154
0.8352157509622508
0.8386579517233533
0.8421010694968597
0.8455448862724156
0.8489891899993772
0.8524337743933375
0.8558784387686387
0.859322987885475
0.8627672318056125
0.8662109857535771
0.8696540699816784
0.873096309638111
0.8765375346377734
0.8799775795357262
0.8834162834032959
0.8868534897068653
0.8902890461894332
0.8937228047549736
0.8971546213556488
0.9005843558818698
0.9040118720552246
0.9074370373242399
0.9108597227629525
0.9142798029722508
0.917697155983933
0.9211116631674392
0.9245232091391743
0.9279316816743979
0.9313369716215767
0.9347389728191754
0.9381375820147843
0.9415326987865547
0.9449242254668524
0.94831206706808
0.9516961312106104
0.9550763280529008
0.9584525702247841
0.961824772762485
0.9651928530444921
0.9685567307284518
0.9719163276895401
0.9752715679606123
0.978622377674272
0.9819686850068035
0.9853104201239017
0.9886475151280791
0.9919799038187549
0.9953075216826945
0.9986303060231355
1.0019481959495409
1.005261131800356
1.0085690564298313
1.011871915266737
1.0151696553999607
1.0184622253396478
1.0217495749232774
1.0250316552716374
1.0283084187650955
1.03157981902766
1.0348458109130527
1.038106350490184
1.0413613950270135
1.0446109026095522
1.0478548322587566
1.051093144202308
1.0543257998997413
1.0575527620057086
1.060773994324566
1.0639894617676282
1.0671991303147095
1.0704029669794823
1.0736009397779451
1.076793017699334
1.0799791706789987
1.0831593695728616
1.0863335861331833
1.089501792985449
1.0926639636061963
1.0958200723016984
1.098970094187396
1.1021140051680123
1.1052517819183052
1.1083834018644072
1.1115088431657156
1.1146280846973158
1.1177411060330606
1.1208478874323256
1.1239484098253378
1.1270426547964156
1.130130604566652
1.1332122419771846
1.136287550473493
1.1393565141076105
1.1424191175349157
1.1454753459939166
1.1485251852805012
1.1515686217250287
1.1546056421743027
1.1576362339775084
1.1606603849747061
1.1636780834867135
1.1666893183056928
1.1696940786860222
1.1726923543352774
1.175684135405263
1.1786694124830543
1.1816481765820974
1.1846204191333727
1.1875861319766576
1.1905453073519148
1.1934979378908113
1.196444016608404
1.1993835368949874
1.202316492508105
1.2052428775647523
1.2081626861679977
1.211075912485901
1.2139825511725781
1.216882597355128
1.2197760465847476
1.2226628947998093
1.2255431382991118
1.2284167737215934
1.2312837980302807
1.2341442084991328
1.2369980027019527
1.239845178502802
1.2426857340475335
1.2455196677561746
1.2483469783159755
1.251167664674966
1.2539817260359285
1.2567891618507114
1.2595899718148198
1.2623841558622444
1.2651717141604901
1.2679526471057914
1.2707269553184772
1.273494639638484
1.2762557011210014
1.2790101410322328
1.2817579608452765
1.2844991622361095
1.2872337470796702
1.2899617174460412
1.2926830742822308
1.2953978150592338
1.2981059386454898
1.3008074452235507
1.3035023359428775
1.3061906126706022
1.3088722778257667
1.3115473342669184
1.3142157852136682
1.3168776341906132
1.319532884986417
1.3221815416234446
1.3248236083348808
1.327459089547212
1.3300879898666298
1.3327103140682781
1.3353260670876355
1.3379352540134575
1.3405378800819099
1.3431339506715847
1.3457234712991963
1.348306447615788
1.3508828854033466
1.3534527905717189
1.3560161691557728
1.3585730273127579
1.3611233713295243
1.3636672076214178
1.366204542724962
1.3687353832903317
1.3712597360759193
1.3737776079448858
1.3762890058629897
1.3787939368970705
1.3812924082138152
1.3837844270785944
1.3862700008542839
1.3887491370000218
1.3912218430699095
1.3936881267116552
1.3961479956651768
1.398601457761176
1.401048520919697
1.4034891924268127
1.4059234792813857
1.4083513890168058
1.4107729294811895
1.4131881087372662
1.4155969350147934
1.4179994166826417
1.4203955622302742
1.422785380254666
1.4251688794507171
1.4275460686040193
1.4299169565852703
1.432281552345864
1.4346398649143242
1.4369919033933654
1.439337676957413
1.441677194850463
1.4440104663842055
1.446337500936343
1.4486583079490565
1.4509728969275946
1.453281277438948
1.4555834591106
1.4578794516293334
1.4601692647400883
1.4624529082448545
1.4647303920015988
1.4670017259232233
1.4692669199765447
1.4715259841812989
1.4737789286091616
1.4760257633827931
1.4782664986748912
1.480501144707267
1.4827297117499325
1.484952210120201
1.4871686501818056
1.489379042344022
1.4915833970608148
1.4937817248299836
1.4959740361923326
1.4981603417308416
1.5003406520698557
1.5025149773837685
1.5046833255233771
1.5068457060373626
1.5090021289830282
1.511152604694874
1.5132971436965175
1.5154357566518775
1.5175684543338381
1.519695247602823
1.5218161473916214
1.5239311646943883
1.5260403105585134
1.5281435960785155
1.5302410323913869
1.5323326306783351
1.5344184021902771
1.5364983582355274
1.5385725101588967
1.5406408693281093
1.542703447127953
1.5447602549589232
1.5468113042378187
1.5488566063989273
1.5508961728951736
1.552930015199011
1.5549581448030114
1.5569805732201767
1.55899731198403
1.561008372654846
1.5630137669327697
1.5650135066141597
1.5670076035237381
1.568996069475856
1.570978916261957
1.5729561556517635
1.5749277993995585
1.5768938592512811
1.5788543469507164
1.5808092742443238
1.5827586528847573
1.584702494633301
1.5866408112614627
1.5885736145519593
1.590500916299248
1.5924227283097547
1.5943390624018805
1.5962499304058635
1.5981553441635405
1.6000553155280497
1.601949856363484
1.6038389785445233
1.6057226939560498
1.6076010144927553
1.609473952058741
1.6113415185671223
1.6132037259396277
1.6150605861062033
1.616912111004617
1.6187583125800658
1.6205992027847869
1.6224347935776713
1.6242650969238792
1.6260901247944586
1.627909889165969
1.629724402020103
1.6315336753433174
1.6333377211264608
1.635136551364409
1.636930178055701
1.638718613202179
1.6405018688086277
1.642279956882425
1.6440528894331874
1.6458206784724216
1.6475833360131806
1.6493408740697209
1.6510933046571634
1.6528406398591438
1.6545828917927774
1.6563200725722236
1.65805219429296
1.6597792690289004
1.6615013088346302
1.663218325748919
1.6649303317980237
1.666637338998333
1.668339359358319
1.6700364048799046
1.671728487559362
1.6734156193878695
1.6750978123518132
1.6767750784329125
1.6784474296082204
1.6801148778500368
1.6817774351257602
1.683435113397706
1.6850879246228927
1.686735880752818
1.6883789937332216
1.6900172755038434
1.6916507379981793
1.6932793931432357
1.6949032528592873
1.6965223290596307
1.6981366336503463
1.6997461785300567
1.7013509755896925
1.702951036712254
1.7045463737725823
1.706136998637127
1.7077229231637197
1.7093041592013472
1.710880718589931
1.7124526131601034
1.714019854732992
1.7155824551200005
1.7171404261225978
1.718693779532104
1.720242527129483
1.7217866806851343
1.723326251958689
1.724861252698806
1.7263916946429745
1.727917589517314
1.7294389490363802
1.7309557849029704
1.732468108807935
1.7339759324299862
1.7354792674355144
1.7369781254784022
1.7384725181998448
1.7399624572281684
1.7414479541786554
1.7429290206533679
1.744405668240976
1.7458779085222202
1.7473457532961862
1.74880921441671
1.750268303685108
1.751723032820376
1.7531734134633516
1.754619457190192
1.756061175525842
1.7574985799548744
1.758931681929484
1.7603604928751044
1.7617850241942437
1.7632052872690314
1.7646212934628798
1.7660330541215299
1.7674405805736888
1.7688438842464238
1.7702429765996004
1.7716378690579593
1.7730285729921613
1.7744150997215928
1.775797460522246
1.777175666634151
1.7785497292671522
1.779919659605079
1.7812854688086577
1.7826471680174871
1.7840047683513582
1.7853582809111128
1.786707716779187
1.7880530870199403
1.7893944026798432
1.7907316747875668
1.7920649143540095
1.793394132372286
1.7947193398176868
1.796040547647623
1.7973577668015595
1.798671008200944
1.7999802827491307
1.8012856013313032
1.802586974814396
1.8038844140470136
1.8051779298593547
1.8064675332675335
1.8077532354450643
1.8090350475189867
1.8103129805077884
1.811587045324549
1.812857252796359
1.8141236136835066
1.8153861386945196
1.8166448384969807
1.8178997237249874
1.819150804984168
1.8203980928549868
1.8216415978948877
1.8228813306396554
1.8241173016042644
1.8253495212833886
1.826578000151696
1.827802748664007
1.829023777255366
1.8302410963410634
1.831454716316624
1.8326646475577821
1.833870900420444
1.8350734852406476
1.8362724123345209
1.8374676919982378
1.8386593345079776
1.8398473501198827
1.841031749070017
1.8422125415743251
1.8433897378285926
1.8445633480084052
1.8457333822691075
1.8468998507457641
1.8480627635531166
1.8492221307855448
1.8503779625170242
1.8515302688391166
1.8526790601301788
1.8538243467246562
1.8549661388404763
1.8561044465925887
1.8572392800169746
1.858370649089768
1.8594985637405952
1.8606230338615306
1.8617440693130232
1.8628616799277813
1.863975875513295
1.8650866658534593
1.8661940609127343
1.8672980709865143
1.8683987062631249
1.8694959767610915
1.8705898923570161
1.871680462821406
1.8727676978468022
1.8738516070675184
1.8749322000729316
1.8760094864162402
1.8770834756201646
1.8781541771806132
1.8792216005690086
1.880285755233752
1.881346650601126
1.882404296075844
1.8834587010413786
1.8845098748601519
1.8855578268736448
1.8866025664024568
1.8876441027463402
1.8886824451842175
1.8897176029741938
1.8907495853535652
1.8917784015388253
1.8928040607256724
1.893826572089017
1.8948459447829888
1.8958621879409427
1.8968753106754648
1.8978853220783785
1.8988922312207472
1.899896047152879
1.9008967789043265
1.9018944354838885
1.9028890258796087
1.903880559058773
1.9048690439679068
1.9058544895327696
1.9068369046583507
1.9078162982288618
1.9087926791077308
1.909766056137593
1.910736438140285
1.9117038339168335
1.912668252362272
1.9136297028088947
1.914588194398401
1.91554373608829
1.9164963367106553
1.9174460050121371
1.9183927496784106
1.9193365793493204
1.9202775026283527
1.9212155280885992
1.9221506642765096
1.9230829197142452
1.9240123029011407
1.924938822314604
1.9258624864106604
1.9267833036242779
1.9277012823695583
1.9286164310398461
1.9295287580077913
1.9304382716253865
1.9313449802239908
1.9322488921143464
1.9331500155865942
1.934048358910289
1.9349439303344156
1.9358367380874055
1.9367267903771563
1.9376140961409318
1.9384986676116893
1.9393805156339865
1.9402596498984919
1.9411360793653498
1.9420098125428467
1.9428808576569434
1.9437492227543456
1.9446149157656518
1.9454779445442067
1.946338316889983
1.947196040564183
1.9480511232980682
1.9489035727982222
1.9497533967496228
1.9506006028173883
1.9514451986477415
1.9522871918685198
1.9531265900894415
1.9539634009022406
1.9547976318807492
1.9556292905809582
1.9564583845410817
1.957284921281626
1.9581089083054746
1.9589303530979782
1.9597492631270532
1.9605656458432834
1.9613795086800219
1.9621908590534904
1.962999704362874
1.9638060519904104
1.9646099093014717
1.9654112836446376
1.9662101823517595
1.967006612738019
1.9678005821019748
1.9685920977256024
1.9693811668743262
1.9701677967970441
1.9709519955699886
1.9717337710783267
1.9725131308429535
1.9732900822028017
1.9740646323942348
1.9748367885884361
1.975606557911647
1.9763739474569169
1.9771389642911046
1.977901615459078
1.9786619079862178
1.979419848879888
1.980175445130279
1.9809287037108716
1.9816796315786736
1.9824282356743295
1.9831745229221553
1.9839185002301365
1.9846601744899086
1.9853995525767307
1.9861366413494608
1.9868714476505298
1.9876039783059232
1.9883342401251642
1.9890622399013003
1.9897879844108923
1.990511480414004
1.9912327346541954
1.9919517538585134
1.992668544737485
1.9933831139851097
1.9940954682788512
1.9948056142796284
1.9955135586318073
1.9962193079631911
1.9969228688850096
1.9976242479919093
1.9983234518619424
1.999020487056556
1.9997153601205806
2.0004080775822177
2.0010986473990426
2.001787077520061
2.0024733749288792
2.00315754630518
2.0038395981768633
2.004519536981532
2.0051973690984837
2.0058731008668307
2.006546738596041
2.007218288572099
2.007887757061077
2.0085551503111603
2.0092204745537634
2.00988373600411
2.0105449408615144
2.0112040953094916
2.0118612055157916
2.0125162776323897
2.0131693177954717
2.0138203321254187
2.0144693267268012
2.0151163076883822
2.015761281083133
2.016404252968254
2.017045229385202
2.017684216359724
2.0183212199018925
2.018956246006141
2.0195893006513006
2.020220389800637
2.020849519401882
2.0214766953872707
2.0221019236735667
2.022725210162093
2.0233465607387573
2.0239659812740745
2.0245834776231884
2.02519905562589
2.025812721106636
2.026424479874561
2.027034337723494
2.0276423004319697
2.028248373763236
2.028852563465268
2.029454875270774
2.030055314897204
2.0306538880467557
2.031250600406382
2.031845457647797
2.032438465427481
2.0330296293866867
2.0336189551514434
2.0342064483325646
2.0347921145256516
2.035375959311099
2.035957988254103
2.0365382069046634
2.037116620797594
2.037693235452527
2.0382680563739197
2.0388410890510653
2.039412338958097
2.0399818115539996
2.0405495122826163
2.0411154465726598
2.041679619837722
2.042242037476285
2.042802704871733
2.0433616273923616
2.0439188103913937
2.044474259206991
2.0450279791622674
2.045579975565304
2.0461302537091646
2.0466788188719085
2.04722567631661
2.047770831291373
2.0483142890293498
2.0488560547487564
2.0493961336528934
2.049934530930164
2.050471251754094
2.05100630128335
2.0515396846617615
2.0520714070183437
2.0526014734673144
2.05312988910812
2.0536566590254575
2.0541817882892954
2.0547052819548988
2.0552271450628536
2.0557473826390904
2.056265999694908
2.0567830012270005
2.057298392217482
2.0578121776339118
2.0583243624293224
2.058834951542244
2.0593439498967347
2.0598513624024033
2.0603571939544416
2.0608614494336495
2.0613641337064643
2.0618652516249893
2.0623648080270223
2.0628628077360855
2.063359255561454
2.063854156298186
2.0643475147271526
2.0648393356150683
2.065329623714521
2.0658183837640034
2.0663056204879413
2.0667913385967283
2.067275542786754
2.0677582377404375
2.068239428126257
2.0687191185987825
2.069197313798709
2.069674018352887
2.0701492368743533
2.070622973962367
2.0710952342024394
2.0715660221663663
2.072035342412263
2.0725031994845944
2.07296959791421
2.0734345422183758
2.073898036900808
2.0743600864517067
2.074820695347787
2.075279868052314
2.0757376090151385
2.0761939226727257
2.076648813448192
2.077102285751338
2.077554343978683
2.078004992513496
2.078454235725832
2.078902077972567
2.079348523597428
2.0797935769310305
2.08023724229091
2.080679523981557
2.081120426294452
2.0815599535080973
2.0819981098880533
2.0824348996869704
2.082870327144626
2.0833043964879545
2.0837371119310855
2.0841684776753753
2.0845984979094423
2.0850271768092004
2.085454518537892
2.085880527246126
2.0863052070719057
2.08672856214067
2.0871505965653205
2.087571314446262
2.0879907198714305
2.0884088169163317
2.0888256096440734
2.0892411021053987
2.0896552983387204
2.090068202370156
2.0904798182135598
2.090890149870558
2.0912992013305822
2.091706976570903
2.0921134795566636
2.092518714240913
2.092922684564642
2.093325394456814
2.0937268478344
2.0941270486024126
2.094526000653938
2.0949237078701697
2.0953201741204444
2.0957154032622713
2.0961093991413695
2.0965021655916978
2.09689370643549
2.097284025483287
2.097673126533972
2.0980610133748008
2.0984476897814357
2.0988331595179797
2.0992174263370074
2.0996004939796005
2.099982366175377
2.100363046642528
2.1007425390878467
2.1011208472067637
2.1014979746833786
2.101873925190491
2.1022487023896366
2.1026223099311157
2.1029947514540277
2.103366030586303
2.1037361509447354
2.104105116135013
2.104472929751752
2.104839595378528
2.105205116587907
2.105569496941479
2.1059327399898886
2.1062948492728673
2.1066558283192642
2.10701568064708
2.1073744097634965
2.107732019164908
2.108088512336953
2.1084438927545475
2.1087981638819135
2.1091513291726125
2.109503392069574
2.1098543560051293
2.1102042244010413
2.110553000668535
2.1109006882083303
2.11124729041067
2.111592810655352
2.1119372523117614
2.1122806187388985
2.1126229132854117
2.112964139289625
2.113304300079572
2.1136433989730237
2.113981439277519
2.114318424290397
2.1146543572988232
2.1149892415798246
2.1153230804003145
2.1156558770171254
2.11598763467704
2.1163183566168167
2.116648046063224
2.1169767062330664
2.1173043403332166
2.1176309515606437
2.117956543102442
2.1182811181358616
2.1186046798283376
2.1189272313375183
2.1192487758112954
2.119569316387832
2.1198888561955926
2.120207398353371
2.1205249459703204
2.1208415021459803
2.1211570699703075
2.121471652523703
2.1217852528770407
2.1220978740916974
2.1224095192195778
2.1227201913031477
2.123029893375458
2.1233386284601745
2.123646399571607
2.1239532097147347
2.1242590618852373
2.124563959069522
2.1248679042447476
2.1251709003788584
2.1254729504306082
2.1257740573495876
2.1260742240762536
2.1263734535419547
2.126671748668961
2.126969112370489
2.1272655475507296
2.1275610571048773
2.127855643919154
2.128149310870838
2.1284420608282915
2.128733896650985
2.1290248211895264
2.129314837285687
2.129603947772429
2.12989215547393
2.130179463205612
2.130465873774166
2.1307513899775787
2.1310360146051606
2.1313197504375694
2.1316026002468385
2.1318845667964017
2.132165652841121
2.132445861127309
2.1327251943927603
2.133003655366772
2.133281246770171
2.133557971315343
2.1338338317062533
2.1341088306384743
2.1343829707992126
2.1346562548673322
2.13492868551338
2.135200265399613
2.135470997180021
2.135740883500353
2.136009926998143
2.1362781303027334
2.1365454960353003
2.1368120268088795
2.13707772522839
2.137342593890659
2.137606635384447
2.137869852290472
2.138132247181435
2.138393822622042
2.1386545811690296
2.1389145253711925
2.1391736577694016
2.1394319808966333
2.1396894972779905
2.139946209430729
2.1402021198642798
2.1404572310802727
2.1407115455725623
2.1409650658272494
2.141217794322706
2.1414697335295982
2.1417208859109107
2.1419712539219695
2.142220840010465
2.142469646616478
2.1427176761724973
2.1429649311034495
2.1432114138267186
2.1434571267521685
2.143702072282169
2.1439462528116153
2.1441896707279535
2.1444323284112023
2.1446742282339764
2.1449153725615075
2.14515576375167
2.1453954041549994
2.1456342961147192
2.145872441966761
2.146109844039787
2.1463465046552117
2.146582426127226
2.1468176107628176
2.1470520608617942
2.1472857787168054
2.147518766613364
2.147751026829869
2.147982561637626
2.148213373300871
2.1484434640767893
2.1486728362155416
2.14890149196028
2.1491294335471745
2.1493566632054315
2.1495831831573162
2.149808995618174
2.1500341027964516
2.150258506893719
2.1504822101046894
2.150705214617241
2.1509275226124385
2.1511491362645523
2.151370057741082
2.151590289202775
2.1518098328036497
2.152028690691013
2.1522468650054836
2.152464357881012
2.152681171444901
2.1528973078178253
2.1531127691138536
2.153327557440468
2.1535416748985834
2.1537551235825694
2.1539679055802705
2.154180022973025
2.1543914778356856
2.1546022722366396
2.1548124082378286
2.1550218878947693
2.155230713256572
2.155438886365961
2.1556464092592944
2.155853283966584
2.1560595125115145
2.1562650969114627
2.1564700391775182
2.1566743413145013
2.1568780053209835
2.157081033189307
2.1572834269056034
2.157485188449812
2.1576863197957006
2.157886822910884
2.158086699756842
2.1582859522889413
2.1584845824564503
2.1586825922025605
2.1588799834644066
2.1590767581730814
2.1592729182536585
2.1594684656252072
2.159663402200814
2.1598577298876007
2.160051450586741
2.160244566193481
2.160437078597157
2.160628989681213
2.160820301323219
2.161011015394891
2.161201133762107
2.1613906582849256
2.161579590817605
2.1617679332086217
2.1619556873006838
2.162142854930755
2.162329437930068
2.1625154381241445
2.1627008573328124
2.1628856973702226
2.163069960044868
2.1632536471596002
2.163436760511647
2.1636193018926297
2.163801273088581
2.163982675879963
2.164163512041682
2.1643437833431083
2.164523491548092
2.164702638414982
2.1648812256966394
2.1650592551404584
2.165236728488381
2.1654136474769143
2.1655900138371487
2.165765829294773
2.1659410955700906
2.16611581437804
2.1662899874282076
2.1664636164248443
2.166636703066886
2.1668092490479656
2.166981256056432
2.1671527257753658
2.1673236598825967
2.1674940600507178
2.167663927947103
2.167833265233923
2.1680020735681635
2.1681703546016373
2.1683381099810033
2.1685053413477813
2.16867205033837
2.1688382385840597
2.1690039077110503
2.1691690593404673
2.169333695088376
2.169497816565799
2.1696614253787305
2.169824523128152
2.1699871114100504
2.1701491918154296
2.170310765930328
2.1704718353358348
2.170632401608104
2.17079246631837
2.170952031032964
2.171111097313327
2.171269666716027
2.1714277407927742
2.1715853210904346
2.1717424091510464
2.171899006511834
2.1720551147052247
2.172210735258861
2.172365869695618
2.1725205195336166
2.172674686286239
2.172828371462144
2.172981576565281
2.1731343030949026
2.173286552545585
2.1734383264072354
2.173589626165112
2.173740453299836
2.173890809287407
2.1740406955992158
2.1741901137020614
2.174339065058162
2.174487551125173
2.174635573356198
2.174783133199804
2.1749302321000368
2.1750768714964335
2.1752230528240375
2.175368777513411
2.1755140469906515
2.175658862677403
2.1758032259908724
2.175947138343841
2.17609060114468
2.1762336157973627
2.17637618370148
2.176518306252253
2.176659984840547
2.1768012208528833
2.1769420156714565
2.1770823706741442
2.1772222872345233
2.17736176672188
2.1775008105012277
2.1776394199333167
2.1777775963746486
2.1779153411774894
2.178052655689884
2.1781895412556675
2.1783259992144797
2.178462030901777
2.1785976376488456
2.178732820782817
2.178867581626676
2.1790019214992795
2.1791358417153637
2.1792693435855615
2.1794024284164126
2.1795350975103776
2.179667352165849
2.1797991936771677
2.17993062333463
2.1800616424245045
2.1801922522290442
2.1803224540264976
2.1804522490911213
2.180581638693194
2.1807106240990266
2.180839206570977
2.180967387367461
2.181095167742965
2.181222548948057
2.181349532229401
2.1814761188297687
2.1816023099880497
2.181728106939266
2.1818535109145825
2.181978523141319
2.182103144842965
2.1822273772391867
2.182351221545844
2.182474678974998
2.182597750734926
2.1827204380301324
2.1828427420613594
2.1829646640256004
2.1830862051161106
2.1832073665224185
2.1833281494303383
2.1834485550219815
2.183568584475768
2.1836882389664374
2.1838075196650615
2.183926427739054
2.1840449643521835
2.1841631306645852
2.18428092783277
2.184398357009638
2.1845154193444896
2.184632115983035
2.184748448067406
2.18486441673617
2.1849800231243366
2.185095268363372
2.1852101535812083
2.1853246799022554
2.185438848447413
2.185552660334079
2.185666116676162
2.1857792185840914
2.1858919671648307
2.1860043635218847
2.186116408755313
2.1862281039617386
2.1863394502343616
2.186450448662967
2.186561100333936
2.186671406330259
2.186781367731542
2.186890985614021
2.1870002610505703
2.1871091951107138
2.1872177888606354
2.1873260433631896
2.187433959677911
2.187541538861026
2.187648781965462
2.187755690040858
2.187862264133575
2.1879685052867077
2.188074414540091
2.1881799929303134
2.1882852414907266
2.188390161251455
2.1884947532394046
2.1885990184782766
2.188702957988573
2.1888065727876107
2.188909863889528
2.189012832305297
2.189115479042732
2.1892178051065
2.1893198114981307
2.1894214992160257
2.189522869255469
2.189623922608636
2.1897246602646026
2.189825083209358
2.18992519242581
2.190024988893798
2.190124473590101
2.1902236474884464
2.1903225115595233
2.1904210667709867
2.190519314087471
2.190617254470597
2.1907148888789836
2.1908122182682552
2.1909092435910513
2.1910059657970375
2.191102385832912
2.191198504642418
2.19129432316635
2.1913898423425655
2.1914850631059926
2.191579986388639
2.191674613119603
2.19176894422508
2.191862980628373
2.1919567232499024
2.192050173007214
2.1921433308149876
2.1922361975850455
2.192328774226364
2.1924210616450805
2.192513060744501
2.192604772425112
2.192696197584587
2.1927873371177964
2.192878191916815
2.192968762870933
2.1930590508666623
2.1931490567877474
2.193238781515171
2.1933282259271656
2.1934173908992207
2.1935062773040923
2.1935948860118097
2.1936832178896863
2.1937712738023247
2.19385905461163
2.193946561176814
2.194033794354405
2.1941207549982575
2.194207443959558
2.1942938620868353
2.194380010225969
2.1944658892201963
2.1945514999101206
2.19463684313372
2.1947219197263577
2.1948067305207846
2.1948912763471538
2.194975558033024
2.195059576403371
2.1951433322805927
2.19522682648452
2.195310059832422
2.195393033139016
2.195475747216476
2.1955582028744383
2.1956404009200114
2.1957223421577825
2.195804027389827
2.1958854574157147
2.1959666330325187
2.1960475550348226
2.196128224214729
2.1962086413618653
2.1962888072633953
2.1963687227040225
2.196448388466001
2.196527805329141
2.1966069740708174
2.196685895465979
2.1967645702871526
2.1968429993044527
2.196921183285589
2.1969991229958743
2.1970768191982306
2.197154272653197
2.197231484118939
2.1973084543512527
2.1973851841035748
2.197461674126988
2.197537925170231
2.197613937979703
2.1976897132994724
2.197765251871285
2.1978405544345683
2.197915621726442
2.1979904544817233
2.1980650534329347
2.1981394193103108
2.1982135528418065
2.1982874547531024
2.198361125767613
2.198434566606495
2.19850777798865
2.198580760630738
2.1986535152471784
2.1987260425501605
2.1987983432496496
2.1988704180533936
2.19894226766693
2.1990138927935936
2.1990852941345214
2.199156472388662
2.1992274282527804
2.199298162421467
2.199368675587143
2.1994389684400644
2.1995090416683345
2.1995788959579072
2.1996485319925934
2.199717950454069
2.1997871520218815
2.1998561373734558
2.1999249071841005
2.1999934621270167
2.200061802873303
2.2001299300919612
2.2001978444499044
2.200265546611963
2.200333037240892
2.2004003169973743
2.2004673865400326
2.2005342465254314
2.2006008976080844
2.2006673404404618
2.2007335756729964
2.2007996039540894
2.2008654259301172
2.200931042245438
2.2009964535423974
2.201061660461335
2.201126663640591
2.201191463716512
2.2012560613234573
2.201320457093805
2.201384651657959
2.2014486456443545
2.201512439679463
2.2015760343878013
2.201639430391934
2.201702628312484
2.201765628768134
2.201828432375635
2.2018910397498135
2.2019534515035737
2.2020156682479075
2.2020776905918984
2.202139519142727
2.202201154505679
2.202262597284149
2.202323848079648
2.2023849074918083
2.2024457761183887
2.202506454555283
2.2025669433965227
2.2026272432342853
2.2026873546588988
2.2027472782588466
2.202807014620776
2.2028665643295016
2.2029259279680113
2.202985106117473
2.2030440993572395
2.2031029082648548
2.2031615334160586
2.203219975384793
2.203278234743209
2.2033363120616682
2.2033942079087536
2.2034519228512712
2.2035094574542575
2.203566812280985
2.203623987892966
2.2036809848499606
2.2037378037099797
2.203794445029293
2.203850909362431
2.203907197262195
2.2039633092796587
2.2040192459641745
2.20407500786338
2.2041305955232033
2.2041860094878656
2.204241250299891
2.2042963185001083
2.2043512146276565
2.204405939219993
2.204460492812895
2.204514875940468
2.204569089135148
2.2046231329277104
2.204677007847272
2.2047307144212964
2.2047842531756014
2.204837624634363
2.2048908293201186
2.204943867753776
2.204996740454615
2.2050494479402936
2.205101990726854
2.2051543693287265
2.2052065842587356
2.2052586360281037
2.205310525146457
2.2053622521218306
2.2054138174606726
2.2054652216678488
2.2055164652466512
2.2055675486987973
2.205618472524439
2.2056692073719084
2.2057196904987864
2.2057698479603816
2.2058196187049917
2.2058689676618934
2.2059178874767262
2.205966393462709
2.2060145161895255
2.20606226460146
2.206109616954993
2.20615653920041
2.206203006770176
2.2062490165017112
2.2062945879943654
2.2063397586773252
2.206384576794971
2.2064290948772634
2.206473364770897
2.206517434393534
2.206561345950913
2.206605135232572
2.2066488316231245
2.206692458540321
2.206736034092381
2.2067795718165484
2.2068230814135728
2.206866569429987
2.2069100398647894
2.2069534946927054
2.206996934305438
2.2070403578772897
2.2070837636638565
2.207127149243146
2.2071705117081684
2.2072138478192853
2.2072571541236052
2.2073004270476493
2.2073436629685492
2.207386858268113
2.2074300093733155
2.207473083057603
2.2075160129555504
2.2075587216882475
2.207601144864997
2.2076432441073144
2.2076850087628497
2.2077264508661396
2.2077675977519857
2.2078084850242217
2.2078491510430354
2.2078896331464692
2.207929965375701
2.2079701773340816
2.2080102938212796
2.2080503349522935
2.208090316549174
2.2081302506612617
2.208170146122116
2.2082100090886776
2.208249843533481
2.20828965167701
2.208329434357202
2.208369191338818
2.208408921568294
2.2084486233809084
2.2084882946672804
2.2085279330058145
2.208567535767056
2.2086071001951284
2.208646623470666
2.2086861027589175
2.2087255352460518
2.2087649181661426
2.208804248820829
2.208843524593262
2.2088827429576123
2.2089219014851587
2.2089609978477576
2.209000029819329
2.2090389952758454
2.2090778921942142
2.209116718650353
2.2091554728166836
2.209194152959228
2.2092327574344437
2.2092712846858937
2.2093097332408425
2.2093481017068237
2.209386388768233
2.209424593182976
2.209462713779187
2.2095007494520487
2.2095386991607073
2.2095765322387835
2.209614184891585
2.2096515822725666
2.209688662436047
2.2097253893312807
2.209761754506832
2.2097977720754303
2.209833471337815
2.209868889763355
2.2099040674880075
2.2099390435443333
2.2099738535931666
2.210008528787293
2.210043095408968
2.2100775749914665
2.210111984712829
2.2101463379178736
2.2101806446767838
2.210214912325917
2.2102491459617126
2.210283348874785
2.2103175229212364
2.2103516688338773
2.210385786478966
2.210419875065284
2.2104539333125373
2.2104879595856963
2.210521952001215
2.2105559085103037
2.2105898269636386
2.210623705161201
2.2106575408902542
2.2106913319539436
2.21072507619251
2.2107587714987216
2.21079241582881
2.21082600720992
2.2108595437448817
2.2108930236149367
2.2109264450809096
2.210959806483221
2.210993106241029
2.2110263428507504
2.211059514884122
2.2110926209859616
2.2111256598717137
2.2111586303248782
2.2111915311943724
2.2112243613918743
2.211257119889184
2.211289805715626
2.211322417955507
2.2113549557456498
2.211387418273001
2.2114198047723286
2.2114521145240045
2.2114843468518752
2.211516501121224
2.21154857673682
2.21158057314105
2.2116124898121376
2.2116443262624443
2.2116760820368446
2.2117077567111796
2.211739320203909
2.2117707092738454
2.2118018495974803
2.2118326797233188
2.2118631640680686
2.2118932946231773
2.211923085921596
2.2119525676631864
2.2119817776965647
2.2120107268510236
2.2120393916771555
2.212067734251143
2.212095724979457
2.2121233552198443
2.2121506391014827
2.212177608882739
2.2122043080997345
2.212230785110322
2.212257088138539
2.212283262004359
2.2123093462950023
2.212335374604982
2.212361374489321
2.2123873678457504
2.2124133715209164
2.2124393980037085
2.2124654561207007
2.212491551685361
2.212517688077118
2.212543866741841
2.2125700876144596
2.2125963494694862
2.2126226502075537
2.212648987086795
2.212675356907692
2.212701756159286
2.212728181133735
2.2127546280151846
2.212781092947999
2.21280757208852
2.2128340616437727
2.2128605578999023
2.212887057242558
2.2129135561710296
2.2129400513075432
2.212966539402847
2.212993017338974
2.2130194821298654
2.2130459309204134
2.2130723609843264
2.2130987697211575
2.213125154652741
2.213151513419233
2.2131778437749015
2.213204143583777
2.2132304108152567
2.213256643539707
2.213282839924132
2.213308998227922
2.2133351167987216
2.213361164444106
2.2133870769421864
2.2134127790752816
2.2134382085286415
2.2134633288492624
2.213488131138919
2.213512629024508
2.21353685129532
2.2135608348985794
2.213584619450381
2.2136082434754463
2.213631742145249
2.2136551461453977
2.2136784813147474
2.213701768767084
2.213725025284065
2.2137482342350108
2.213771342657491
2.2137942838220415
2.213817001607613
2.213839463881092
2.213861664555601
2.213883618872322
2.2139053562986715
2.213926913738853
2.2139483302194995
2.213969643269686
2.2139908572017966
2.2140119386012107
2.214032838041613
2.214053514116251
2.2140739467984845
2.214094139672483
2.2141141154846586
2.2141339093468364
2.214153562249683
2.214173116028455
2.2141926099907443
2.2142120789784947
2.214231552501278
2.2142510545907457
2.2142706040947053
2.2142902152066672
2.2143098980937035
2.2143296595367516
2.2143495035338585
2.214369402326155
2.2143892934127507
2.2144090724126633
2.2144286137594715
2.214447805840426
2.2144665766905325
2.214484902034039
2.214502799745191
2.214520317950299
2.2145375223036674
2.2145544853332226
2.2145712787791516
2.2145879687703562
2.2146046132532065
2.214621261017443
2.2146379517535104
2.2146547167113217
2.2146715796599916
2.2146885579526017
2.2147056341467803
2.2147227535443053
2.214739846967416
2.214756855236406
2.2147737426399656
2.2147904991024685
2.2148071355859837
2.21482367710465
2.214840156036328
2.21485660688936
2.2148730627435316
2.214889553142742
2.2149061030786554
2.214922732715596
2.2149394575742107
2.214956288968102
2.2149732345542743
2.2149902989094667
2.2150074840808567
2.215024790084176
2.21504221533796
2.215059757032159
2.215077411434701
2.215095174142266
2.215113040282575
2.2151310046755257
2.215149032572726
2.215167056329251
2.2151849973612836
2.215202789904307
2.215220393884782
2.215237796603909
2.2152550077536066
2.2152720521232663
2.2152889626659173
2.2153057750688823
2.2153225240382124
2.215339241066802
2.215355953319392
2.2153726832798557
2.2153894488742623
2.2154062638606478
2.215423138343622
2.2154400793236486
2.2154570912276883
2.215474176392753
2.2154913354899093
2.2155085678860127
2.2155258719459754
2.2155432452812507
2.2155606849513307
2.2155781876252365
2.215595749709542
2.2156133674488454
2.215631037003784
2.2156487545109442
2.2156665161282865
2.2156843180690746
2.2157021566267323
2.21571999879682
2.2157377788569494
2.2157554202588767
2.2157728593407344
2.215790058165159
2.215807006177165
2.215823715199436
2.215840212122439
2.2158565319573946
2.215872712396777
2.2158887900912565
2.2159047984125633
2.215920766335144
2.2159367180816156
2.215952673245221
2.215968647179923
2.215984651516058
2.2160006947111857
2.216016782582674
2.216032918793464
2.216049075883032
2.2160651922008108
2.2160811940965677
2.216097019879206
2.21611263285573
2.2161280231511298
2.2161432028335386
2.2161581987079475
2.2161730454514723
2.216187780238938
2.2162024390710324
2.2162170545772626
2.2162316549287877
2.216246234126821
2.2162607487188
2.216275140081468
2.2162893586434507
2.216303347901378
2.2163170431929613
2.216330389056804
2.2163433560406722
2.216355946939706
2.2163681933106436
2.216380146994448
2.2163918707791406
2.2164034305084095
2.216414889430308
2.2164263047126163
2.216437725689192
2.216449193331858
2.2164607405058354
2.216472392671309
2.216484168795636
2.2164960823235753
2.216508142114036
2.216520353294012
2.216532718007866
2.2165452360570486
2.2165579054351165
2.2165707227679166
2.2165836836708674
2.2165967830355924
2.216610015257436
2.216623374414259
2.2166368544055275
2.2166504490593635
2.216664152213962
2.2166779577786406
2.2166918597788214
2.2167058523884156
2.2167199299523936
2.2167340870017576
2.2167483182626806
2.2167626186611913
2.2167769833244955
2.2167914075797905
2.2168058869512275
2.2168204171555383
2.216834994096727
2.2168496138601217
2.216864272706026
2.2168789670631455
2.216893693521918
2.21690844882785
2.216923229874932
2.216938033699182
2.2169528574723576
2.2169676984958633
2.2169825541948662
2.2169974221126303
2.2170122999050768
2.21702718533557
2.2170420468849183
2.2170568203143284
2.2170714305354626
2.2170858153043764
2.217099938049194
2.2171137895244493
2.2171273828070506
2.217140745988896
2.2171539152327147
2.2171669293351512
2.2171798260057973
2.2171926396317265
2.217205400160501
2.217218132746796
2.2172308578759528
2.217243591755147
2.21725634683015
2.2172691323373224
2.2172819548373988
2.217294818702476
2.217307726543654
2.2173206795765035
2.2173336779271255
2.2173467208844104
2.217359807105266
2.2173729347797533
2.217386072357003
2.217399155213579
2.2174121076250386
2.2174248665454264
2.2174373944981305
2.2174496812728757
2.2174617389493063
2.2174735946075224
2.217485253999268
2.2174966926915833
2.217507874242566
2.217518771681486
2.217529379230276
2.217539713606461
2.217549809140269
2.2175597108552694
2.217569468039043
2.2175791293581697
2.2175887396726366
2.2175983382901867
2.217607958280498
2.2176176264910934
2.217627363980723
2.217637186666335
2.2176471060482363
2.2176571299300085
2.2176672630862435
2.2176775078554325
2.2176878646505895
2.2176983323891704
2.2177089088487145
2.2177195909568517
2.2177303750249004
2.2177412569340116
2.2177522322819874
2.2177632964979423
2.2177744449309245
2.217785672917634
2.2177969758335037
2.2178083491306047
2.2178197883652087
2.2178312892172665
2.2178428475036123
2.2178544591863325
2.2178661203774395
2.217877827340733
2.2178895764915594
2.2179013643950096
2.2179131877629783
2.2179250434504127
2.2179369284510093
2.2179488398925384
2.2179607750319574
2.217972731250413
2.2179847060482243
2.217996697039898
2.2180087019492336
2.2180207186045373
2.218032744933978
2.2180447789610933
2.218056818800458
2.2180688626535194
2.2180809088046005
2.218092955617073
2.218105001529692
2.2181170450530985
2.218129084766474
2.2181411193143514
2.218153147403573
2.2181651678003864
2.218177179327685
2.218189180862367
2.2182011713328302
2.2182131497165805
2.2182251150379533
2.2182370663659494
2.218249002812166
2.2182609235288364
2.218272827706954
2.2182847145744935
2.218296583394714
2.2183084334645446
2.2183202641130464
2.2183320746999486
2.218343864614256
2.2183556332729215
2.218367380119583
2.218379104623361
2.2183908062777133
2.2184024845993457
2.2184141391271717
2.218425769421325
2.218437375062219
2.218448955649648
2.2184605108019357
2.2184720401551203
2.218483543362181
2.2184950200922984
2.218506470030155
2.218517892875262
2.218529288341325
2.218540656155633
2.218551996058482
2.218563307802622
2.2185745911527315
2.2185858458849164
2.218597071786233
2.218608268654231
2.2186194362965224
2.2186305745303643
2.218641683182268
2.2186527620876197
2.2186638110903236
2.218674830042459
2.218685818803953
2.2186967772422714
2.2187077052321196
2.218718602655159
2.218729469399737
2.2187403053606296
2.2187511104387916
2.218761884541124
2.2187726275802486
2.218783339474291
2.218794020146678
2.21880466952594
2.2188152875455227
2.2188258741436098
2.218836429262951
2.218846952850697
2.218857444858244
2.2188679052410825
2.218878333958655
2.2188887309742182
2.2188990962547113
2.2189094297706298
2.2189197314959057
2.2189300014077915
2.2189402394867477
2.21895044571634
2.218960620083134
2.2189707625766
2.2189808731890186
2.218990951915389
2.2190009987533448
2.2190110137030703
2.21902099676722
2.2190309479508437
2.2190408672613104
2.219050754708241
2.219060610303436
2.219070434060813
2.2190802259963425
2.219089986127987
2.2190997144756435
2.2191094110610843
2.2191190759079067
2.219128709041477
2.2191383104888818
2.2191478802788787
2.219157418441849
2.219166925009752
2.2191764000160807
2.2191858434958207
2.2191952554854075
2.219204636022687
2.219213985146878
2.2192233028985338
2.2192325893195064
2.2192418444529114
2.2192510683430946
2.2192602610355983
2.2192694225771303
2.2192785530155326
2.2192876523997507
2.219296720779805
2.219305758206763
2.2193147647327103
2.219323740410726
2.2193326852948547
2.2193415994400816
2.2193504829023083
2.2193593357383286
2.2193681580058056
2.219376949763247
2.219385711069986
2.219394441986157
2.219403142572676
2.21941181289122
2.219420453004205
2.219429062974769
2.2194376428667515
2.2194461927446745
2.2194547126737265
2.2194632027197407
2.2194716629491817
2.2194800934291252
2.219488494227244
2.2194968654117897
2.219505207051577
2.21951351921597
2.219521801974864
2.219530055398673
2.2195382795583134
2.2195464745251914
2.219554640371187
2.2195627771686413
2.219570884990343
2.2195789639095147
2.2195870139998006
2.219595035335254
2.2196030279903223
2.219610992039839
2.219618927559009
2.2196268346233956
2.219634713308912
2.219642563691809
2.219650385848663
2.2196581798563653
2.2196659457921113
2.219673683733392
2.2196813937579796
2.2196890759439225
2.219696730369531
2.2197043571133683
2.219711956254244
2.219719527871201
2.219727072043508
2.219734588850649
2.219742078372317
2.219749540688403
2.219756975878988
2.219764384024334
2.219771765204877
2.2197791195012164
2.21978644699411
2.2197937477644647
2.2198010218933275
2.2198082694618795
2.219815490551428
2.2198226852433987
2.219829853619329
2.21983699576086
2.2198441117497314
2.2198512016677716
2.2198582655968946
2.2198653036190885
2.2198723158164153
2.219879302270999
2.2198862630650216
2.219893198280716
2.219900108000363
2.219906992306279
2.2199138512808174
2.219920685006357
2.2199274935653004
2.219934277040066
2.219941035513082
2.2199477690667844
2.2199544777836078
2.2199611617459825
2.219967821036329
2.219974455737052
2.2199810659305372
2.219987651699145
2.2199942131252057
2.2200007502910166
2.2200072632788346
2.2200137521708743
2.2200202170493024
2.220026657996233
2.220033075093724
2.2200394684237734
2.2200458380683132
2.220052184109208
2.2200585066282477
2.220064805707148
2.220071081427543
2.2200773338709823
2.220083563118928
2.2200897692527515
2.2200959523537276
2.2201021125030342
2.2201082497817466
2.220114364270835
2.2201204560511614
2.2201265252034754
2.2201325718084126
2.2201385959464908
2.2201445976981056
2.2201505771435306
2.2201565343629106
2.2201624694362625
2.2201683824434695
2.220174273464281
2.220180142578307
2.2201859898650183
2.220191815403742
2.2201976192736605
2.2202034015538072
2.2202091623230666
2.2202149016601687
2.2202206196436896
2.2202263163520484
2.220231991863504
2.2202376462561544
2.220243279607933
2.220248891996609
2.2202544834997817
2.2202600541948825
2.2202656041591706
2.220271133469731
2.2202766422034745
2.220282130437134
2.220287598247264
2.220293045710238
2.220298472902248
2.220303879899301
2.2203092667772197
2.2203146336116397
2.220319980478008
2.2203253074515814
2.220330614607426
2.2203359020204148
2.2203411697652276
2.220346417916347
2.2203516465480613
2.220356855734459
2.2203620455494315
2.220367216066668
2.2203723673596576
2.220377499501687
2.2203826125658392
2.220387706624993
2.22039278175182
2.220397838018788
2.2204028754981553
2.2204078942619727
2.220412894382082
2.2204178759301145
2.2204228389774907
2.2204277835954196
2.2204327098548977
2.2204376178267085
2.2204425075814216
2.2204473791893915
2.220452232720758
2.220457068245446
2.2204618858331617
2.220466685553397
2.2204714674754245
2.220476231668299
2.220480978200857
2.220485707141716
2.2204904185592738
2.220495112521709
2.220499789096979
2.2205044483528207
2.22050909035675
2.220513715176061
2.2205183228778274
2.220522913528899
2.220527487195905
2.220532043945251
2.2205365838431197
2.220541106955472
2.2205456133480435
2.2205501030863486
2.220554576235677
2.220559032861094
2.220563473027443
2.2205678967993414
2.2205723042411836
2.22057669541714
2.220581070391157
2.2205854292269556
2.220589771988034
2.220594098737665
2.2205984095388978
2.2206027044545573
2.220606983547244
2.220611246879335
2.220615494512982
2.2206197265101144
2.220623942932436
2.2206281438414277
2.220632329298347
2.2206364993642276
2.22064065409988
2.220644793565891
2.2206489178226243
2.220653026930222
2.220657120948602
2.2206611999374606
2.220665263956272
2.2206693130642874
2.220673347320538
2.220677366783832
2.2206813715127574
2.22068536156568
2.220689337000746
2.220693297875882
2.2206972442487922
2.2207011761769633
2.220705093717661
2.220708996927933
2.2207128858646077
2.220716760584296
2.2207206211433896
2.2207244675980635
2.220728300004275
2.2207321184177644
2.220735922894056
2.220739713488458
2.2207434902560625
2.2207472532517465
2.2207510025301724
2.2207547381457884
2.2207584601528287
2.2207621686053134
2.2207658635570495
2.220769545061634
2.2207732131724476
2.2207768679426625
2.220780509425239
2.220784137672926
2.220787752738264
2.2207913546735814
2.2207949435309993
2.220798519362429
2.2208020822195746
2.2208056321539322
2.2208091692167913
2.2208126934592336
2.220816204932136
2.220819703686169
2.2208231897717985
2.220826663239287
2.2208301241386916
2.220833572519867
2.2208370084324645
2.220840431925934
2.220843843049524
2.2208472418522804
2.2208506283830505
2.220854002690481
2.220857364823019
2.2208607148289126
2.2208640527562133
2.2208673786527737
2.2208706925662502
2.2208739945441023
2.2208772846335942
2.220880562881795
2.220883829335579
2.220887084041627
2.2208903270464253
2.2208935583962695
2.2208967781372615
2.2208999863153127
2.220903182976143
2.2209063681652825
2.2209095419280716
2.220912704309662
2.220915855355017
2.2209189951089114
2.220922123615934
2.2209252409204865
2.2209283470667853
2.220931442098861
2.22093452606056
2.2209375989955458
2.220940660947296
2.2209437119591087
2.2209467520740978
2.220949781335197
2.2209527997851586
2.2209558074665554
2.22095880442178
2.2209617906930474
2.2209647663223944
2.2209677313516787
2.2209706858225826
2.2209736297766125
2.2209765632550975
2.220979486299194
2.220982398949883
2.2209853012479726
2.2209881932340965
2.220991074948717
2.220993946432126
2.220996807724442
2.220999658865615
2.221002499895424
2.22100533085348
2.2210081517792255
2.221010962711935
2.221013763690716
2.2210165547545087
2.221019335942088
2.221022107292065
2.221005433666872
2.2209725397721463
2.220928269263665
2.2208765966533477
2.2208204878510047
2.220762094060301
2.22070295539576
2.2206441631671683
2.2205864810624685
2.2205304339503833
2.2204763726666714
2.220424521304077
2.220375011805701
2.220327909333765
2.22028323091605
2.2202409591762238
2.220201052456382
2.2201634522834235
2.2201280888742354
2.220094885189251
2.220063759909325
2.2200346296127154
2.2200074103570975
2.2199820188187336
2.219958373101956
2.2199363933033434
2.2199160018935697
2.219897123964044
2.219879687373589
2.2198636228215816
2.2198488638673406
2.219835346910603
2.2198230111441966
2.2198117984872288
2.2198016535049967
2.219792523320255
2.2197843575192784
2.2197771080552533
2.219770729150871
2.2197651772014733
2.219760410679726
2.2197563900425052
2.219753077640463
2.21975043763059
2.219748435891959
2.219747039944742
2.2197462188725514
2.2197459432480766
2.2197461850619775
2.2197469176549594
2.219748115652937
2.219749754905194
2.219751812425425
2.2197542663355514
2.219757095812196
2.219760281035712
2.219763803141641
2.2197676441745062
2.2197717870438267
2.219776215482252
2.2197808841586517
2.2197857151082845
2.21979061988752
2.219795523630237
2.2198003780954427
2.2198051633647844
2.2198098827602526
2.2198145554039104
2.2198192091335613
2.219823874943102
2.2198285831649236
2.21983336116361
2.219838232169684
2.2198432148933547
2.2198483236267585
2.2198535686215193
2.2198589565966764
2.2198644912845986
2.2198701739600537
2.219876003923001
2.219881978922022
2.2198880955153033
2.2198943493718195
2.219900735518293
2.219907248538754
2.2199138827336875
2.2199206322453984
2.219927491155534
2.2199344535599552
2.219941513625348
2.2199486656312613
2.21995590400059
2.2199632233209843
2.2199706183591688
2.21997808406978
2.219985615599987
2.219993208290917
2.2200008576766654
2.2200085594815278
2.220016309615929
2.2200241041714364
2.2200319394151387
2.220039811783623
2.2200477178767155
2.2200556544511154
2.220063618414023
2.220071606816826
2.220079616848904
2.2200876458315872
2.220095691212288
2.2201037505588337
2.220111821554002
2.2201199019902704
2.220127989764776
2.2201360828744896
2.2201441794115966
2.220152277559085
2.2201603755865285
2.220168471846064
2.2201765647685536
2.2201846528599245
2.220192734697681
2.2202008089275784
2.220208874260457
2.220216929469222
2.22022497338597
2.220233004899251
2.2202410229514586
2.220249026536347
2.2202570146966663
2.2202649865219093
2.220272941146166
2.220280877746079
2.2202887955389015
2.2202966937806408
2.220304571764294
2.2203124288181697
2.2203202643042834
2.2203280776168364
2.2203358681807597
2.220343635450333
2.2203513491069047
2.2203589455347026
2.220366349978145
2.220373500592469
2.2203803614990116
2.220386924506737
2.220393204064481
2.2203992298590345
2.2204050397683686
2.22041067433644
2.220416172986256
2.220421571740596
2.2204269020796663
2.2204321905762288
2.1932862437952805
2.144614387851593
2.0813782892046038
2.0085381551696866
1.9295234151479659
1.8467421566919844
1.7619056791762524
1.6762369939652844
1.5906099279968522
1.5056463204392774
1.3958433406949782
1.2672391009281667
1.1268980527256407
0.9797803583719029
0.8292619304969104
0.6776657646919466
0.526598399081601
0.3771672974470022
0.23012778600788664
0.0859830674657446
-0.05494586418137895
-0.19246761717351007
-0.35021296786144035
-0.5225659088148429
-0.7031434131253185
-0.887575660793912
-1.0729620788063
-1.2573640151453112
-1.4394837184322258
-1.618462440330581
-1.7937490156664557
-1.9650055436931786
-2.1320435425903055
-2.2947806121296495
-2.453206365440928
-2.6073642847199663
-2.7573301447122214
-2.903199066387947
-3.0450823454171365
-3.18310092066374
-3.3173788128463353
-3.4480392551675867
-3.575200419258749
-3.698976719205249
-3.8194832546836284
-3.936831477843075
-4.051124291285608
-4.162457970736156
-4.270924135425246
-4.376611927915769
-4.47960591408329
-4.579986285198086
-4.677829013706858
-4.7732069252505935
-4.866190524345499
-4.956846260355057
-5.04523700721163
-5.131422208183844
-5.215458844427913
-5.297403546228312
-5.377308572108702
-5.455224012112418
-5.5311969394701865
-5.605271543720809
-5.677489613456115
-5.747892109395002
-5.816519841655515
-5.883412129464139
-5.948607644488414
-6.01214355474924
-6.074055835566205
-6.134380653637116
-6.193152073111438
-6.250402130371207
-6.306163595847285
-6.360467418542536
-6.413342772478877
-6.464817574529489
-6.5149187544981375
-6.563673011040869
-6.611106638315198
-6.657245609249264
-6.702115599253498
-6.7457416838564015
-6.788148240709845
-6.8293589018449135
-6.869398208265238
-6.9082893892712525
-6.946054419876883
-6.982714350716514
-7.0182895370359795
-7.052800390216606
-7.086267087674969
-7.118708787745389
-7.1501440857832606
-7.18059152818384
-7.21006949050219
-7.238595825277111
-7.266187889692531
-7.292863342577301
-7.318639129073292
-7.343531589253682
-7.367556593367029
-7.390729630304548
-7.413065861810394
-7.434580188352206
-7.455287339226091
-7.475201925984156
-7.4943386290190395
-7.512711511745197
-7.530334697495379
-7.547221969345205
-7.563386554228336
-7.578841259563728
-7.5935985659864444
-7.607670675518772
-7.621069542775795
-7.6338068972518975
-7.645894259268824
-7.657342951227817
-7.668164105512716
-7.696358534275962
-7.737926804879614
-7.788367220722032
-7.844604018460795
-7.904551912830136
-7.966751831816903
-8.030158616023387
-8.094015114734821
-8.157771009439992
-8.221022001507649
-8.28347154970419
-8.344905826876625
-8.40516976865853
-8.464153965024668
-8.521783904809707
-8.578011985737588
-8.632811541171094
-8.68616873023931
-8.738079490562955
-8.788547447985259
-8.837582327369034
-8.885198685507977
-8.948343819878048
-9.023165452474029
-9.105411422137776
-9.192209999026272
-9.281624270487423
-9.372305296510223
-9.463292547607024
-9.570190505272118
-9.688639337927434
-9.814087901947344
-9.943456547280375
-10.074667706067778
-10.206285019895306
-10.337295023442357
-10.466973507930527
-10.59480874994124
-10.720447805329421
-10.843644976025335
-10.964234981961903
-11.082113832063103
-11.197229444675562
-11.309565966421564
-11.419133640290994
-11.525954568856823
-11.63006215480651
-11.731498027381432
-11.830311115623118
-11.926554480433056
-12.02028313640192
-12.111557001187935
-12.200443207932361
-12.287002173666217
-12.371294041219741
-12.453381507510851
-12.533323270398162
-12.611173498093208
-12.68698370675721
-12.760803376738291
-12.832680777213229
-12.902666197055598
-12.970807587803234
-13.037149854669618
-13.101738332815522
-13.164615268437515
-13.225819218845084
-13.285387049033401
-13.343354303160583
-13.399755330737275
-13.454623787066337
-13.507992642289716
-13.559897930207311
-13.610372842911524
-13.659448274855867
-13.70715544449601
-13.75352180342082
-13.798572541974078
-13.84233190420295
-13.884823598373792
-13.92607080140441
-13.966096070323891
-14.004921316090057
-14.042568454878326
-14.079061846635447
-14.114422951152015
-14.148671856337117
-14.181827638657758
-14.21390859033024
-14.244932369591208
-14.27491610855202
-14.3038765399076
-14.331830102114427
-14.358792785689287
-14.384780132828071
-14.40980727187523
-14.43388895140608
-14.457039567659647
-14.47927298847281
-14.500602643767973
-14.521042338627982
-14.540606105831099
-14.57242501621962
-14.61358932898203
-14.660978573307426
-14.712512010283163
-14.766783955693462
-14.822798008141273
-14.879822998881117
-14.93731020214669
-14.994841676910806
-15.052095987615825
-15.1088274180022
-15.164843023060614
-15.219992681919965
-15.274160673977175
-15.327258728867712
-15.37922266431125
-15.430003857851727
-15.479566384526258
-15.527884978019308
-15.57494326969565
-15.62073218999162
-15.665248601340592
-15.708492156178272
-15.750467410048083
-15.79118285548663
-15.830651906714525
-15.868891834024796
-15.905919965090716
-15.941753055923938
-15.976407837086288
-16.0099012167467
-16.042251383538503
-16.073478296067233
-16.103599773231608
-16.132633063343466
-16.160595143472566
-16.187504112992894
-16.213377220393742
-16.23823109865614
-16.2620819811673
-16.284945773796146
-16.30683808177926
-16.3277742198786
-16.347769214708837
-16.366837803398703
-16.38499443093991
-16.402253247550757
-16.418628124094006
-16.43413272609159
-16.44878012912101
-16.46258324538789
-16.47555479715613
-16.48770724995878
-16.49905279223991
-16.509603342395913
-16.519370552529892
-16.528365795100328
-16.536600166335692
-16.544084493897248
-16.550829348624564
-16.55684505527608
-16.562141701425528
-16.56672914557419
-16.57061702523641
-16.573814765188658
-16.57633128490409
-16.578175249001337
-16.57935523555128
-16.579879717060987
-16.579757046694017
-16.57899546985822
-16.577603103784817
-16.57558792307986
-16.5729577524565
-16.56972026626895
-16.565882993153853
-16.561453323477227
-16.55643851769794
-16.5508457145114
-16.54468193826891
-16.537954105558835
-16.53066903102667
-16.522833432577144
-16.51445393610468
-16.505537079874856
-16.49608931865079
-16.486117028554318
-16.47562651074532
-16.464623993353843
-16.45311563572128
-16.441107532041347
-16.428605714841694
-16.415616166720348
-16.402144832153525
-16.388197605878894
-16.37378038081713
-16.358898997531035
-16.34355922529823
-16.32776757039037
-16.311530396118812
-16.294853500976085
-16.277741843522875
-16.260199137376134
-16.242229566980654
-16.22383773006835
-16.205028477289158
-16.18580681335186
-16.166177838918024
-16.146146311153053
-16.125716975143717
-16.10489467517124
-16.08368438620635
-16.062091228492122
-16.040120391707685
-16.017777078322915
-15.995066478740876
-15.971994342514732
-15.948568060615582
-15.924793244105578
-15.900675027991026
-15.876218365827143
-15.85142814199188
-15.826308285780705
-15.800861686176292
-15.775091916699763
-15.749003299465056
-15.722600550870489
-15.709408196157318
-15.706839009240415
-15.711931867888977
-15.722669079869947
-15.737649636727381
-15.755844245453076
-15.776464310177289
-15.798888179296151
-15.822615093845675
-15.847235502594575
-15.87241229187195
-15.89786595492419
-15.923363548232556
-15.94871034441068
-15.973743366262724
-15.998326280585674
-16.022345278664137
-16.045708258666256
-16.068337561914916
-16.090168844851608
-16.111149633947736
-16.131237773289598
-16.150399971471813
-16.16861055116716
-16.18585031847056
-16.202105430328682
-16.217366921289095
-16.23163007389677
-16.244893798302538
-16.257160080475202
-16.26843350251408
-16.27872083762904
-16.28803072084697
-16.29637331881528
-16.303760043992632
-16.310203306717483
-16.315716299626565
-16.320312814508895
-16.32400708985269
-16.326813684724396
-16.328747385097785
-16.32982310653107
-16.33005581280232
-16.329460455800636
-16.3280519162659
-16.325844960459698
-16.32285420697674
-16.319094100035123
-16.314578887680995
-16.309322604160776
-16.303339066705366
-16.296641864571228
-16.289244349394487
-16.281159616892463
-16.272400499536733
-16.262979565457517
-16.252909120280492
-16.24220121056824
-16.23086762833556
-16.218919916381417
-16.20636937427587
-16.193227064876748
-16.179503674552514
-16.165209499304527
-16.150354636833928
-16.134949029528666
-16.119002464607163
-16.102524570100204
-16.085524813414086
-16.06801251744043
-16.049996885083136
-16.031486989485366
-16.01249175914976
-15.993019971331833
-15.973081055251669
-15.952685143160382
-15.931840936452428
-15.910555228979732
-15.888834496328966
-15.866685638836094
-15.844115921480986
-15.821132776630652
-15.797743672109773
-15.773956046149973
-15.749777279667992
-15.72521468631314
-15.700275510577718
-15.674966994979263
-15.649296342896156
-15.623271658516547
-15.596900915111563
-15.570191120792863
-15.543148825984227
-15.51578034109187
-15.488091834676485
-15.460089387665661
-15.431779092387005
-15.403169013715685
-15.374265222559794
-15.34507340674201
-15.315599129885134
-15.285847905197404
-15.255825244962933
-15.225536693554226
-15.194987916959386
-15.164184694571329
-15.133133052093312
-15.101839096240656
-15.070309075512023
-15.03854942123322
-15.006566359728094
-14.974365830239604
-14.941956302592633
-14.909344563253638
-14.876535275088338
-14.843533557043996
-14.81034471911084
-14.776973257635534
-14.743423396339278
-14.7096993027403
-14.675805175579926
-14.641745290970224
-14.607524046009885
-14.573145932995606
-14.538615731022045
-14.503938265671144
-14.469118334931155
-14.434161197262808
-14.399072245241907
-14.363856775114446
-14.328518818851888
-14.293062198058346
-14.272291458453898
-14.263508193224649
-14.2635177426681
-14.270111390429443
-14.281735353695494
-14.29723367599439
-14.315709049204546
-14.336445620049469
-14.358861559084055
-14.382477566580734
-14.40689505547514
-14.431780440482614
-14.456853440970587
-14.48187812015057
-14.506655921619991
-14.531020347832941
-14.554831981244751
-14.577974539891184
-14.600351650775808
-14.621884071685917
-14.642507328519514
-14.662169709158576
-14.68083054401771
-14.698458737949865
-14.715031477152516
-14.730533078857208
-14.744953739403275
-14.758288386169781
-14.77053672346854
-14.781702496834072
-14.791792801502732
-14.800817503301428
-14.808788749699245
-14.815720552561883
-14.821628844183016
-14.826530487245126
-14.830443078818305
-14.847532303533796
-14.875090626992638
-14.909985116602524
-14.95006562595135
-14.99383390347258
-15.040189640812718
-15.08829781128871
-15.137503991874322
-15.187286885379967
-15.23722398487355
-15.286872709613403
-15.335970932969815
-15.384316415895022
-15.43174598138535
-15.478127312394445
-15.523353539366662
-15.567339234457119
-15.610020094986323
-15.651348637735744
-15.704615175540885
-15.767086272435904
-15.835696462327192
-15.90835445632156
-15.983611734727752
-16.060413341966093
-16.137969160555706
-16.21566560808356
-16.2930186043981
-16.36965017252506
-16.445265354451642
-16.519630920125376
-16.59256283763886
-16.663917365319726
-16.73358254646698
-16.801472630699195
-16.86752728457055
-16.931706889696123
-16.99399600170812
-17.05438972271892
-17.11289715511137
-17.169531357235385
-17.22430800167828
-17.277245685756068
-17.328364818298667
-17.377690715228535
-17.425252449156215
-17.471081757876284
-17.515212252974752
-17.55767889651624
-17.598517440680506
-17.637764048060237
-17.675454210306704
-17.711622977489988
-17.746305348091514
-17.779536100842016
-17.811349559335735
-17.841779484639044
-17.87085894079303
-17.89861923753579
-17.925090771763934
-17.95030355562884
-17.974286609058048
-17.997068053397815
-18.018675123700366
-18.03913635584358
-18.058478687401077
-18.076729416832762
-18.093913469565486
-18.11005386085769
-18.125172187960402
-18.139288956580078
-18.152423799472277
-18.164595605745767
-18.175822596899202
-18.18612241342226
-18.19551214609735
-18.204008378692556
-18.211627181979157
-18.218384091369924
-18.224294116281037
-18.2293717623844
-18.233631056195808
-18.237085568720133
-18.23974843750506
-18.241632387172725
-18.242749748632843
-18.243112477170637
-18.242732169567184
-18.241620080376666
-18.239787137458542
-18.237243956841475
-18.234000856979833
-18.230067872451034
-18.225454767132586
-18.220171046890535
-18.214225971806037
-18.207628567962825
-18.20038763881567
-18.19251177615803
-18.18400937981663
-18.17488866967761
-18.16515768940403
-18.15482368941869
-18.143893056894917
-18.13237246744974
-18.120268802206905
-18.107589015740718
-18.09434005958712
-18.080528840628176
-18.06616219846233
-18.05124689363219
-18.03578960240798
-18.01979715329354
-18.0032767741181
-17.986235103971843
-17.968680226906677
-17.950619147457324
-17.932058134043807
-17.9130030936434
-17.893459742895768
-17.873433628994913
-17.85293183969944
-17.831960533843745
-17.81052527336514
-17.788631304982147
-17.766283720834526
-17.743487550294706
-17.720247275260856
-17.69656532691291
-17.672445042681783
-17.647890570487977
-17.622906580385422
-17.597498142420903
-17.571670611251367
-17.54542949223553
-17.518780358119017
-17.49172881093988
-17.46428046737861
-17.436440954074623
-17.40821590719452
-17.37961084930092
-17.350630163497783
-17.321278256808057
-17.291559821735156
-17.26148113375638
-17.231048469309766
-17.200264121898115
-17.16913093043531
-17.137652731985572
-17.105834084422757
-17.073680006011806
-17.041195802834757
-17.008386966258875
-16.97525911466644
-16.941821285667572
-16.90808125356074
-16.874045348517704
-16.839718584306127
-16.805105511348316
-16.78336947248757
-16.772104871618218
-16.76852534160709
-16.770735025052893
-16.777415535343717
-16.787592622951404
-16.800512651777968
-16.81557392348219
-16.83228512588935
-16.850238428456
-16.869091155628045
-16.88855219683201
-16.908373045260905
-16.92834083262511
-16.94827274716845
-16.968011594246338
-16.987422228984833
-17.006388615635593
-17.02481215361607
-17.042609662208246
-17.05970931901049
-17.076050150056055
-17.091581018096758
-17.106259489891194
-17.12005079137489
-17.13292689304304
-17.144865707500593
-17.15585037921981
-17.16586865250843
-17.17491170081458
-17.18297428218197
-17.1900545981288
-17.19615376787046
-17.201275365950753
-17.205425040882833
-17.20861019400808
-17.210839704384593
-17.21212370398933
-17.212473373369335
-17.2119007486749
-17.210418553086484
-17.20804005443525
-17.204778944900276
-17.200649238398714
-17.1956651824134
-17.18984118197117
-17.183191103917306
-17.175728766708346
-17.167468188282
-17.158423487634195
-17.148608792355574
-17.138038174729896
-17.126725627089414
-17.11468502807972
-17.10193010706014
-17.08847441658544
-17.07433131391501
-17.059513949353285
-17.044035259316505
-17.027907962706472
-17.011144559704704
-16.993757332419037
-16.975759108397806
-16.957163326874134
-16.93798199471447
-16.91822657741597
-16.89790827090762
-16.87703807344837
-16.855626776721497
-16.833684962026755
-16.811222619192783
-16.788249205554877
-16.764774113880033
-16.740806761207992
-16.716356521606087
-16.691432684375904
-16.666043633671542
-16.6401960535656
-16.613897387223844
-16.58715872232689
-16.559990577415757
-16.53240266546131
-16.50440413119283
-16.47600498979514
-16.447214782622208
-16.41804196604558
-16.388494469988157
-16.358579960107694
-16.328306052877807
-16.297680377271078
-16.266710164516
-16.23540243541942
-16.203764364828515
-16.171803392522463
-16.13952703031038
-16.106940100894985
-16.074047670742694
-16.04085559461763
-16.007370341200744
-15.973598691379124
-15.939550696254983
-15.905234865632101
-15.870658413149693
-15.83582814147111
-15.800750703314547
-15.765432712985668
-15.729880692141261
-15.694101914203818
-15.658104748063245
-15.621896147625922
-15.585483012050453
-15.548869393927085
-15.512060009524658
-15.475060119200705
-15.4378752406075
-15.40051100624369
-15.362973146279444
-15.325271650211432
-15.287414799719068
-15.249409462297145
-15.211261652981744
-15.172976909376379
-15.134560485979911
-15.09601743862084
-15.057352723493628
-15.018570626921212
-14.97967450038041
-14.940671013622959
-14.901568887415301
-14.86237638166454
-14.823099463629857
-14.783742996401955
-14.744311263929163
-14.704808238099822
-14.66523773498028
-14.625603508624424
-14.585909692812237
-14.5461603702724
-14.506359473168189
-14.466510618597558
-14.426615995865927
-14.38667871842096
-14.346702343341018
-14.306690494719241
-14.266646908446218
-14.226575483713367
-14.18648016165697
-14.146364799533094
-14.106237886622573
-14.066108295657713
-14.025982043704891
-13.985863634890674
-13.945757733440832
-13.90566954849694
-13.865600752342317
-13.825552226533583
-13.78552496417361
-13.745520240355148
-13.705539323148074
-13.665583397139038
-13.641041369711152
-13.629175675347085
-13.626696281924733
-13.63131430026149
-13.641408829958896
-13.655765084555828
-13.673433629883219
-13.693651283689837
-13.71579276024223
-13.739339016697015
-13.763855248829437
-13.788974652362882
-13.814386749606479
-13.839828837457235
-13.865078745281425
-13.889948731864866
-13.91428059774774
-13.937941685676792
-13.96082202225362
-13.982830767623271
-14.003893621006068
-14.023951079276364
-14.042957475768445
-14.060876909329576
-14.077683817739961
-14.09335978524215
-14.107893050624043
-14.121277796124135
-14.133513390085739
-14.144603669189443
-14.15455628151613
-14.163382094327387
-14.171094665727635
-14.177709777102
-14.183245021950238
-14.187719446202262
-14.191153235036216
-14.193567441406609
-14.194983751791968
-14.19542428501925
-14.194911420379686
-14.193467651600573
-14.191115463570949
-14.18787722903171
-14.183775122730752
-14.178831050810627
-14.173066593440343
-14.166502972284883
-14.15916101704089
-14.15106112883505
-14.142223249227566
-14.132666839727042
-14.122410871513146
-14.11147382402217
-14.099873688276553
-14.087627985878774
-14.074753778655191
-14.061267667978457
-14.047185793636796
-14.032523838060682
-14.017297089264469
-14.001521454580136
-13.985211730179232
-13.968383394105713
-13.951050475813995
-13.93322617794763
-13.91492317501474
-13.896153725409645
-13.876929732809579
-13.857262784997479
-13.837164180247981
-13.816644986340368
-13.795716236823802
-13.77438863274461
-13.752672507203474
-13.730577864387577
-13.723171829836792
-13.72764935404684
-13.740691519156396
-13.759996922849583
-13.783948730320597
-13.811351205873516
-13.841286218305559
-13.873030778943145
-13.906005552431662
-13.939740771300519
-13.973852470440498
-14.00802529771405
-14.042002949809655
-14.07557498842686
-14.108564778920984
-14.140826841446296
-14.172242457750329
-14.202715607426919
-14.23216953468081
-14.260543855880305
-14.287792107003265
-14.31387965259305
-14.338782057959627
-14.362483498141197
-14.384975667019434
-14.406257643894325
-14.426332537861331
-14.445206914358002
-14.462890475193191
-14.479395587413432
-14.494736825196235
-14.508930570913229
-14.521994699336847
-14.533948261313023
-14.544811196228641
-14.554604088114186
-14.563347962296634
-14.571064115530218
-14.577773973600392
-14.583498971961175
-14.588260443703536
-14.5920794252796
-14.59497680481436
-14.596973247297267
-14.598089120597958
-14.598344442240013
-14.59775884187541
-14.596351514981949
-14.594141065254759
-14.59114566705538
-14.587383069028576
-14.582870586298972
-14.577625098256313
-14.571663050910626
-14.565000462348053
-14.557652930385753
-14.549635641840526
-14.540963382990887
-14.531650550910586
-14.521711165418578
-14.511158881439162
-14.500007001604741
-14.488268488963877
-14.475955979682666
-14.463081820474248
-14.449658099817439
-14.435696640172937
-14.42120898380482
-14.420607554887521
-14.43114036967766
-14.449606369320596
-14.47380206607922
-14.502189968933136
-14.533640763057347
-14.567292919714674
-14.602471256871356
-14.638637555089705
-14.675358664023364
-14.712283184279247
-14.749124556369376
-14.785650213627646
-14.821669894573356
-14.85702725344173
-14.891594444161145
-14.925267639056969
-14.957963329510909
-14.98961538842861
-15.020172312351631
-15.049596938194622
-15.077861784472514
-15.10494550780065
-15.13083404644422
-15.155520018699345
-15.179001610890433
-15.201281634747945
-15.22236680851626
-15.242267006882859
-15.260994626986836
-15.278564080305161
-15.294991379192117
-15.310293793165615
-15.324489559509695
-15.337597638327601
-15.349637505063965
-15.360628986445432
-15.37059222538693
-15.379547433956192
-15.387514748010476
-15.394514137838183
-15.400565345421942
-15.405687837033478
-15.409900766263771
-15.41322294505163
-15.415672821298461
-15.417268462101626
-15.418027541844381
-15.417967334490255
-15.417104709502077
-15.415456130864193
-15.413037658739032
-15.409864953338516
-15.405953280637593
-15.40131751960079
-15.395972170633264
-15.389931365004754
-15.383208875028378
-15.375818124806422
-15.367772201381852
-15.359083878622592
-15.349765631129586
-15.339829637319095
-15.329287780896516
-15.318151656226272
-15.30643257812937
-15.29414159446968
-15.28128949976029
-15.267886866151164
-15.253944111251691
-15.2394715172422
-15.224479154008053
-15.208976861759828
-15.192973359835905
-15.176477093312458
-15.159496643654737
-15.142040648872124
-15.124117746305306
-15.105736600167894
-15.086905822799025
-15.067633913342174
-15.047929232487595
-15.027799998303498
-15.00725429116741
-14.986300061864423
-14.964946606266386
-14.94320294178149
-14.921076999009419
-14.898576220262344
-14.875707740221769
-14.852478484682214
-14.828895243478545
-14.80496472296472
-14.780694654160476
-14.756092825317165
-14.731166106340277
-14.70591999135425
-14.68035949874879
-14.654489926364619
-14.628316806587245
-14.601845824555873
-14.589475074447742
-14.588502384084162
-14.595769938849534
-14.609103427842093
-14.626982386073774
-14.648284952047996
-14.672149719040593
-14.697896183178765
-14.724976927586988
-14.752946534072752
-14.781439236956464
-14.81015349219452
-14.83884028645994
-14.867291638595162
-14.895334152726743
-14.92282365370872
-14.949640736095251
-14.975686957946289
-15.000881813833686
-15.02516035201138
-15.048473365031136
-15.07078087612688
-15.092051964386007
-15.112263686992
-15.131400016072565
-15.149450879376792
-15.16641130838684
-15.182280207515742
-15.197059887225821
-15.210756198529685
-15.223377919768218
-15.234936148303987
