-65.0
-64.99414185296477
-64.98922619176366
-64.98421606917786
-64.97882207801172
-64.97298281985113
-64.9667114840198
-64.96004576548307
-64.95303007338087
-64.94570882854298
-64.93812391083101
-64.93031376756305
-64.92231321655993
-64.91415354425943
-64.90586272581717
-64.8974656896168
-64.8889845905956
-64.88043907589176
-64.87184653529077
-64.86322233330587
-64.85458002191668
-64.84593153412955
-64.83728735912734
-64.82865670009497
-64.82004761596328
-64.81146714837165
-64.80292143514929
-64.79441581157496
-64.78595490061059
-64.77754269322651
-64.76918261985129
-64.7608776138915
-64.75263016818045
-64.74444238513748
-64.73631602132292
-64.72825252702168
-64.72025308141396
-64.71231862383522
-64.70444988155545
-64.69664739446648
-64.6889115370488
-64.68124253790214
-64.67364049712462
-64.66610540178057
-64.65863713966752
-64.65123551157328
-64.64390024218974
-64.63663098983272
-64.62942735509907
-64.62228888857757
-64.61521509771701
-64.60820545294287
-64.6012593931041
-64.59437633032229
-64.58755565430744
-64.5807967361975
-64.57409893197242
-64.56746158548789
-64.5608840311695
-64.55436559640265
-64.547905603651
-64.5415033723315
-64.53515822047189
-64.52886946617326
-64.52263642889822
-64.51645843060284
-64.51033479672932
-64.50426485707341
-64.49824794653958
-64.49228340492976
-64.48637057671762
-64.48050881442482
-64.47469747835687
-64.46893593669066
-64.4632235656479
-64.45755974967342
-64.45194388159337
-64.4463753627457
-64.44085360308195
-64.4353780212411
-64.42994804459764
-64.42456310928611
-64.4192226602046
-64.41392615099912
-64.4086730440312
-64.40346281033064
-64.39829492953491
-64.39316888981718
-64.38808418780414
-64.38304032848514
-64.37803682511367
-64.37307319910241
-64.36814897991272
-64.36326370493953
-64.35841691939231
-64.35360817617297
-64.34883703575117
-64.34410306603773
-64.33940584225664
-64.33474494681597
-64.3301199691784
-64.32553050573136
-64.32097615965742
-64.31645654080498
-64.31197126555966
-64.30751995671662
-64.30310224335382
-64.29871776070668
-64.29436615004401
-64.29004705854555
-64.2857601391811
-64.28150505059135
-64.27728145697067
-64.27308902795158
-64.26892743849132
-64.26479636876032
-64.26069550403268
-64.25662453457882
-64.25258315555998
-64.248571066925
-64.24458797330908
-64.24063358393464
-64.23670761251425
-64.23280977715568
-64.22893980026895
-64.22509740847545
-64.22128233251907
-64.21749430717935
-64.21373307118662
-64.21032384263182
-64.20759578349472
-64.20580783123965
-64.205143251841
-64.20572171956566
-64.20761376355647
-64.23842402000301
-64.28694056726472
-64.34820935047172
-64.41954785943307
-64.50855692442667
-64.61452892898853
-64.7348663713561
-64.86688176104374
-65.0082340718045
-65.15697220443383
-65.31147994084158
-65.47040921615738
-65.63262392266802
-65.79715704076298
-65.96317885059578
-66.12997332799401
-66.29692028654895
-66.46348166863183
-66.62919063846982
-66.79364269813591
-66.95648829928642
-67.1174265770018
-67.2761999501565
-67.43258940934699
-67.5864103652694
-67.73750894298351
-67.88575870846681
-68.03105773810896
-68.17332596008524
-68.31250276244414
-68.44854483533028
-68.58142422215805
-68.71112655803431
-68.83764947688094
-68.96100117103998
-69.08119908903808
-69.19826874514213
-69.31224267193045
-69.42315946691097
-69.53106292403413
-69.6360012535875
-69.73802638126476
-69.83719331897544
-69.93355960080545
-70.02718477820905
-70.11812996913173
-70.20645745616395
-70.29223032925324
-70.37551216891387
-70.45636676613712
-70.5348578756043
-70.61104899494256
-70.6850031771155
-70.75678287259434
-70.82644978475695
-70.89406474684985
-70.95968761755975
-71.02337719308909
-71.08519113396635
-71.14518590502176
-71.20341672712465
-71.25993753941002
-71.31480097084342
-71.3680583200808
-71.41975954268206
-71.469953244824
-71.51868668267934
-71.5660057668372
-71.6119550710912
-71.65657784502268
-71.6999160298619
-71.74201027715971
-71.7828999698505
-71.82262324533309
-71.86121702022112
-71.89871701646389
-71.93515778856904
-71.97057275168822
-72.00499421035032
-72.03845338722651
-72.07098045086438
-72.10260454912672
-72.13335383785065
-72.1632555100091
-72.19233582487647
-72.22062013698593
-72.24813292475999
-72.27489781873275
-72.30093762930393
-72.32627437397058
-72.35092930400002
-72.37492293051235
-72.39827504994757
-72.42100476889678
-72.44313052828457
-72.46467012689243
-72.48564074421775
-72.50605896266994
-72.52594078908281
-72.54530167557503
-72.56415653975023
-72.58251978424464
-72.6004053156318
-72.61782656269388
-72.63479649407105
-72.65132763530158
-72.66743208526586
-72.6831215320483
-72.69840726823149
-72.71330020563701
-72.72781088952834
-72.7419495122926
-72.75572592661143
-72.76914965814065
-72.78222991771375
-72.79497561308362
-72.80739536021773
-72.81949749416148
-72.83129007948645
-72.8427809203333
-72.8539775700663
-72.86488734055379
-72.87551731108773
-72.88587433695551
-72.89596505767655
-72.90579590491636
-72.9153731100902
-72.92470271166806
-72.93379056219264
-72.94264233502115
-72.95126353080174
-72.95965948369509
-72.967835367351
-72.97579620064967
-72.98354685321709
-72.99109205072352
-72.9984363799737
-73.00558429379713
-73.01254011574687
-73.0193080446142
-73.02589215876621
-73.03229642031405
-73.0385246791189
-73.04458067664176
-73.05046804964411
-73.05619033374488
-73.06175096683995
-73.06715329238978
-73.07240056258038
-73.07749594136321
-73.08244250737836
-73.08724325676651
-73.09190110587372
-73.0964188938536
-73.10079938517119
-73.10504527201233
-73.10915917660274
-73.11314365344005
-73.11700119144272
-73.1207342160191
-73.12434509105988
-73.12783612085698
-73.13120955195213
-73.13446757491757
-73.13761232607209
-73.14064588913472
-73.14357029681861
-73.14638753236767
-73.14909953103808
-73.15170818152696
-73.1542153273502
-73.15662276817176
-73.15893226108601
-73.16114552185537
-73.16326422610477
-73.16529001047456
-73.16722447373384
-73.16906917785538
-73.17082564905397
-73.17249537878929
-73.174079824735
-73.17558041171509
-73.17699853260898
-73.17833554922642
-73.17959279315338
-73.18077156657009
-73.18187314304224
-73.1828987682864
-73.1838496609106
-73.1847270131309
-73.18553199146525
-73.1862657374049
-73.18692936806467
-73.18752397681267
-73.18805063388021
-73.18851038695273
-73.18890426174237
-73.1892332625428
-73.18949837276715
-73.18970055546939
-73.18984075384998
-73.18991989174623
-73.18993887410792
-73.18989858745881
-73.18979990034435
-73.18964366376625
-73.18943071160429
-73.18916186102588
-73.18883791288364
-73.1884596521016
-73.1880278480503
-73.18754325491119
-73.18700661203073
-73.18641864426449
-73.18578006231162
-73.18509156303998
-73.18435382980226
-73.18356753274348
-73.18273332909992
-73.18185186349002
-73.18092376819736
-73.179949663446
-73.1789301576685
-73.17786584776678
-73.17675731936599
-73.17560514706183
-73.17440989466131
-73.17317211541723
-73.1718923522566
-73.17057113800323
-73.16920899559449
-73.16780643829267
-73.16636396989092
-73.164882084914
-73.16336126881396
-73.16180199816101
-73.16020474082964
-73.15856995618006
-73.15689809523526
-73.15518960085376
-73.15344490789803
-73.15166444339906
-73.14984862671668
-73.14799786969633
-73.14611257682188
-73.14419314536491
-73.1422399655305
-73.14025342059948
-73.13823388706754
-73.1361817347809
-73.134097327069
-73.131981020874
-73.12983316687743
-73.12765410962392
-73.12544418764203
-73.12320373356243
-73.12093307423343
-73.11863253083386
-73.11630241898347
-73.11394304885084
-73.111554725259
-73.10913774778855
-73.10669241087874
-73.10421900392612
-73.10171781138118
-73.0991891128429
-73.09663318315114
-73.09405029247728
-73.09144070641257
-73.08880468605496
-73.08614248809384
-73.08345436489311
-73.08074056457245
-73.07800133108685
-73.07523690430462
-73.07244752008359
-73.06963341034587
-73.06679480315104
-73.06393192276778
-73.06104498974402
-73.05813422097573
-73.05519982977424
-73.05224202593222
-73.0492610157883
-73.04625700229047
-73.04323018505808
-73.04018076044267
-73.0371089215876
-73.0340148584865
-73.03089875804045
-73.02776080411418
-73.02460117759105
-73.021420056427
-73.01821761570345
-73.0149940276791
-73.01174946184081
-73.00848408495347
-73.00519806110881
-73.00189155177341
-72.99856471583568
-72.995217709652
-72.99185068709188
-72.98846379958246
-72.98505719615189
-72.9816310234721
-72.9781854259007
-72.974720545522
-72.9712365221874
-72.96773349355492
-72.964211595128
-72.96067096029368
-72.95711172035985
-72.95353400459203
-72.94993794024934
-72.94632365261985
-72.94269126505527
-72.93904089900498
-72.93537267404942
-72.93168670793297
-72.92798311659608
-72.92426201420695
-72.9205235131925
-72.9167677242689
-72.91299475647145
-72.909204717184
-72.90539771216775
-72.90157384558964
-72.89773322005009
-72.89387593661037
-72.89000209481944
-72.88611179274021
-72.88220512697555
-72.87828219269358
-72.87434308365268
-72.87038789222606
-72.86641670942576
-72.86242962492636
-72.85842672708827
-72.85440810298053
-72.85037383840326
-72.84632401790967
-72.8422587248277
-72.83817804128128
-72.83408204821123
-72.82997082539576
-72.82584445147069
-72.82170300394924
-72.81754655924152
-72.81337519267369
-72.80918897850675
-72.80498798995502
-72.80077229920437
-72.79654197742997
-72.79229709481393
-72.78803772056253
-72.78376392292314
-72.77947576920091
-72.77517332577516
-72.77085665811543
-72.76652583079738
-72.76218090751824
-72.75782195111222
-72.75344902356544
-72.74906218603076
-72.74466149884232
-72.74024702152975
-72.73581881283232
-72.73137693071263
-72.72692143237025
-72.72245237425513
-72.71796981208134
-72.71347380083952
-72.70896439480937
-72.70444164757207
-72.69990561202265
-72.69535634038199
-72.69079388420863
-72.68621829441042
-72.681629621256
-72.67702791438596
-72.67241322282408
-72.66778559498812
-72.66314507870061
-72.65849172119941
-72.65382556914807
-72.64914666864604
-72.64445506523873
-72.63975080392738
-72.63503392917875
-72.6303044849347
-72.62556251462159
-72.62080806115951
-72.61604116697139
-72.61126187399192
-72.60647022367638
-72.60166625700928
-72.59685001451288
-72.59202153625556
-72.58718086186008
-72.58232803051165
-72.57746308096596
-72.57258605155697
-72.56769698020469
-72.56279590442273
-72.5578828613258
-72.552957887637
-72.5480210196952
-72.54307229346216
-72.53811174452996
-72.53313940812734
-72.52815531912645
-72.52315951204953
-72.51815202107547
-72.51313288004633
-72.50810212247372
-72.50305978154498
-72.49800589012943
-72.49294048078444
-72.4878635857613
-72.48277523701118
-72.47767546619089
-72.47256430466852
-72.46744178352911
-72.46230793358006
-72.45716278535667
-72.45200636912952
-72.44683871490679
-72.44165985243987
-72.43646981122865
-72.43126862052662
-72.4260563093458
-72.42083290646158
-72.41559844041761
-72.4103529395304
-72.405096431894
-72.39982894538454
-72.39455050766472
-72.38926114618823
-72.38396088820411
-72.37864976076096
-72.37332779071124
-72.36799500471533
-72.36265142924567
-72.35729709059073
-72.351932014859
-72.34655622798284
-72.34116975572236
-72.33577262366914
-72.33036485724999
-72.32494648173059
-72.31951752221913
-72.31407800366982
-72.3086279508864
-72.30316738852552
-72.29769634110018
-72.292214832983
-72.28672288840953
-72.28122053148144
-72.2757077861697
-72.27018467631775
-72.26465122564454
-72.25910745774753
-72.25355339610574
-72.24798906408269
-72.2424144849292
-72.23682968178623
-72.23123467768775
-72.22562949556348
-72.22001415824164
-72.2143886884516
-72.20875310882657
-72.20310744190614
-72.19745171013888
-72.19178593588484
-72.18611014141804
-72.1804243489289
-72.17472858052662
-72.16902285824159
-72.16330720402769
-72.15758163976456
-72.15184618725989
-72.14610086825168
-72.14034570441032
-72.13458071734085
-72.12880592858505
-72.1230213596235
-72.11722703187765
-72.11142296671188
-72.1056091854355
-72.09978570930463
-72.09395255952425
-72.08810975725011
-72.08225732359053
-72.07639527960838
-72.07052364632274
-72.06464244471077
-72.05875169570949
-72.05285142021746
-72.04694163909652
-72.04102237317343
-72.0350936432416
-72.02915547006258
-72.02320787436777
-72.01725087685999
-72.01128449821499
-72.005308759083
-71.99932368009021
-71.99332928177935
-71.98732558422711
-71.98131260777772
-71.9752903728789
-71.96925890002028
-71.96321820970702
-71.9571683224474
-71.95110925874654
-71.94504103910337
-71.9389636840093
-71.93287721394776
-71.92678164939456
-71.92067701081837
-71.91456331868163
-71.9084405934415
-71.90230885555091
-71.89616812545974
-71.89001842361587
-71.88385977046647
-71.8776921864591
-71.87151569204293
-71.86533030766982
-71.85913605379557
-71.85293295088096
-71.84672101939286
-71.84050027980521
-71.83427075260006
-71.8280324582686
-71.8217854173121
-71.81552965024295
-71.8092651775856
-71.80299201987748
-71.79671019766995
-71.79041973152923
-71.7841206420372
-71.77781294979239
-71.77149667541075
-71.76517183952652
-71.75883846279307
-71.75249656588367
-71.74614616949235
-71.73978729433458
-71.73341996114812
-71.72704419069375
-71.72066000375597
-71.71426742114379
-71.70786646369137
-71.70145715225877
-71.6950395077326
-71.68861355102686
-71.68217930308359
-71.67573678487348
-71.66928601739649
-71.66282702168242
-71.65635981879154
-71.64988442981513
-71.64340087587607
-71.63690917812943
-71.63040935776301
-71.62390143599794
-71.61738543408913
-71.6108613733259
-71.60432927503244
-71.59778916056837
-71.59124105132926
-71.58468496874711
-71.57812093429128
-71.57154896946963
-71.56496909582825
-71.55838133495178
-71.55178570846384
-71.54518223802727
-71.53857094534445
-71.53195185215768
-71.52532498024955
-71.51869035144342
-71.51204798760375
-71.50539791063649
-71.49874014248952
-71.49207470515299
-71.48540162065964
-71.47872091108525
-71.4720325985489
-71.46533670521337
-71.45863325328543
-71.45192226501615
-71.44520376270127
-71.43847776868147
-71.43174430534265
-71.4250033951163
-71.41825506048073
-71.41149932396044
-71.40473620812615
-71.39796573559511
-71.39118792903128
-71.38440281114572
-71.37761040469678
-71.37081073249037
-71.36400381738018
-71.35718968226792
-71.35036835010351
-71.34353984388879
-71.33670418667312
-71.32986140155403
-71.32301151167782
-71.31615454023976
-71.30929051048443
-71.30241944570585
-71.29554136924772
-71.28865630450352
-71.28176427491675
-71.27486530398104
-71.26795941524028
-71.26104663228878
-71.25412697877141
-71.2472004783837
-71.24026715487199
-71.23332703203347
-71.22638013371639
-71.21942648382007
-71.21246610629508
-71.20549902514327
-71.19852526441784
-71.19154484822349
-71.18455780071645
-71.17756414610454
-71.1705639086473
-71.16355711265594
-71.15654378249349
-71.14952394257482
-71.14249761736667
-71.13546483138774
-71.12842560920863
-71.12137997545197
-71.1143279547924
-71.1072695719566
-71.10020485172332
-71.09313381892336
-71.0860564984396
-71.078972915207
-71.07188309421262
-71.06478706049558
-71.0576848391471
-71.05057645531053
-71.04346193418128
-71.0363413010068
-71.02921458108656
-71.02208179977201
-71.01494298246654
-71.00779815462539
-71.00064734175565
-70.99349056941621
-70.98632786321764
-70.97915924882221
-70.97198475194378
-70.96480439834771
-70.95761821385082
-70.95042622432133
-70.94322845567875
-70.93602493389378
-70.92881568498827
-70.92160073503511
-70.91438011015819
-70.9071538365322
-70.89992194038268
-70.89268444798584
-70.88544138566851
-70.87819277980799
-70.87093865683195
-70.86367904321841
-70.85641396549555
-70.84914345024166
-70.84186752408495
-70.83458621370345
-70.82729954582481
-70.8200075472262
-70.81271024473409
-70.80540766522422
-70.79809983562131
-70.79078678289902
-70.78346853407969
-70.77614511623429
-70.76881655648221
-70.76148288199111
-70.7541441199768
-70.74680029770299
-70.73945144248124
-70.73209758167067
-70.72473874267789
-70.71737495295673
-70.71000624000817
-70.70263263138014
-70.69525415466738
-70.68787083751103
-70.68048270759853
-70.6730897926636
-70.66569212048606
-70.65828971889155
-70.65088261575137
-70.64347083898218
-70.63605441654583
-70.62863337644909
-70.62120774674344
-70.61377755552485
-70.60634283093356
-70.59890360115385
-70.59145989441384
-70.58401173898524
-70.57655916318309
-70.5691021953656
-70.56164086393385
-70.55417519733159
-70.546705224045
-70.53923097260247
-70.53175247157452
-70.5242697495736
-70.51678283525375
-70.50929175731031
-70.50179654447963
-70.49429722553882
-70.48679382857263
-70.47928638187561
-70.47177491407962
-70.46425945399447
-70.45674003054198
-70.44921667272443
-70.44168940960758
-70.43415827031174
-70.42662328400591
-70.41908447990308
-70.41154188725706
-70.40399553536021
-70.39644545354189
-70.3888916711674
-70.38133421763729
-70.3737731223867
-70.366208414885
-70.3586401246354
-70.35106828117469
-70.34349291407297
-70.3359140529334
-70.32833172739205
-70.32074596711767
-70.31315680181145
-70.30556426120712
-70.29796837507195
-70.29036917320497
-70.2827666854367
-70.27516094162887
-70.2675519716743
-70.25993980549663
-70.25232447305011
-70.24470600431937
-70.23708442932357
-70.2294597781108
-70.22183208075772
-70.21420136736991
-70.20656766808168
-70.19893101305594
-70.19129143248396
-70.1836489565851
-70.17600361560649
-70.16835543982279
-70.16070445953588
-70.15305070507453
-70.14539420679415
-70.13773499507641
-70.130073100329
-70.12240855298523
-70.11474138350378
-70.10707162236835
-70.09939930008731
-70.09172444719343
-70.08404709424349
-70.076367271818
-70.06868501052084
-70.06100034097891
-70.05331329384185
-70.04562389978163
-70.03793218949225
-70.03023819368941
-70.02254194311011
-70.01484346851235
-70.0071428006748
-69.99943997039638
-69.99173500849598
-69.98402794581209
-69.97631881320241
-69.96860764154354
-69.96089446173063
-69.95317930467696
-69.94546220131369
-69.93774318258937
-69.93002227946972
-69.92229952293718
-69.91457494399059
-69.9068485736448
-69.89912044293034
-69.89139058289307
-69.88365902459374
-69.87592579910775
-69.86819093752463
-69.86045447094781
-69.85271643049416
-69.84497684729364
-69.83723575248895
-69.82949317723515
-69.82174915269931
-69.81400371006009
-69.80625688050742
-69.7985086952421
-69.79075918547551
-69.78300838242917
-69.77525631733442
-69.767503021432
-69.75974852597169
-69.75199286221182
-69.74423606141904
-69.73647815486777
-69.72871917383989
-69.72095914962435
-69.71319811351678
-69.70543609681908
-69.69767313083914
-69.68990924689034
-69.68214447629126
-69.67437885036523
-69.66661240044002
-69.65884515784734
-69.6510771539225
-69.64330842000402
-69.63553898743325
-69.62776888755401
-69.61999815171227
-69.6122268112557
-69.6044548975333
-69.59668244189497
-69.58890947569112
-69.58113603027225
-69.57336213698852
-69.56558782718946
-69.55781313222343
-69.55003808343736
-69.54226271217642
-69.53448704978365
-69.52671112759946
-69.51893497696129
-69.51115862920324
-69.50338211565557
-69.49560546764441
-69.4878287164913
-69.48005189351282
-69.47227503002041
-69.46449815731982
-69.45672130671078
-69.44894450948642
-69.44116779693299
-69.43339120032932
-69.42561475094654
-69.41783848004755
-69.41006241888674
-69.40228659870954
-69.39451105075202
-69.38673580624062
-69.37896089639192
-69.37118635241211
-69.36341220549667
-69.3556384868298
-69.34786522758407
-69.34009245891993
-69.33232021198539
-69.32454851791557
-69.31677740783232
-69.30900691284378
-69.30123706404407
-69.29346789251281
-69.2856994293177
-69.27793170551276
-69.27016475213689
-69.26239860021307
-69.2546332807478
-69.24686882473063
-69.23910526313381
-69.23134262691184
-69.22358094700112
-69.21582025431958
-69.20806057976633
-69.20030195422123
-69.19254440854465
-69.18478797357851
-69.17703268014498
-69.16927855904531
-69.1615256410595
-69.1537739569459
-69.14602353744093
-69.13827441325854
-69.13052661509599
-69.12278017362533
-69.11503511949418
-69.10729148332591
-69.09954929571946
-69.0918085872491
-69.08406938846414
-69.07633172988855
-69.06859564202058
-69.06086115533245
-69.05312830026995
-69.04539710725211
-69.03766760667064
-69.02993982888967
-69.02221380424548
-69.01448956304613
-69.00676713557101
-68.99904655207061
-68.99132784259314
-68.98361103602241
-68.97589616190179
-68.9681832500446
-68.96047233038519
-68.9527634329123
-68.94505658763501
-68.93735182456317
-68.9296491736955
-68.92194866501173
-68.91425032846723
-68.90655419398928
-68.8988602914743
-68.89116865078587
-68.88347930175318
-68.8757922741699
-68.8681075977932
-68.86042530234313
-68.85274541750196
-68.84506797291372
-68.8373929981838
-68.82972052287857
-68.82205057652504
-68.81438318861063
-68.8067183885828
-68.79905620584884
-68.79139666977562
-68.78373980968928
-68.77608565487499
-68.76843423457672
-68.76078557799696
-68.75313971429645
-68.74549667259396
-68.73785648196593
-68.73021917144631
-68.72258477002622
-68.7149533066537
-68.70732481023343
-68.69969930962647
-68.69207683364992
-68.68445741107672
-68.6768410706353
-68.66922784100932
-68.66161775083735
-68.65401082871263
-68.64640710318271
-68.63880660274921
-68.63120935586747
-68.62361539094628
-68.61602473634765
-68.6084374203864
-68.60085347132991
-68.59327291739787
-68.58569578676189
-68.57812210754523
-68.57055190782252
-68.5629852156194
-68.5554220589123
-68.54786246562823
-68.5403064636444
-68.5327540807878
-68.52520534483496
-68.51766028351166
-68.51011892449266
-68.50258129540155
-68.49504742381039
-68.48751733723941
-68.47999106315673
-68.472468628978
-68.46495006206612
-68.45743538973092
-68.44992463922881
-68.44241783776256
-68.43491501248093
-68.42741619047838
-68.41992139879483
-68.41243066441525
-68.40494401426953
-68.39746147523208
-68.38998307412153
-68.38250883770061
-68.3750387926759
-68.36757296569762
-68.36011138335934
-68.35265407219767
-68.34520105869194
-68.33775236926391
-68.3303080302774
-68.32286806803803
-68.31543250879302
-68.30800137873078
-68.30057470398067
-68.29315251061277
-68.28573482463759
-68.27832167200575
-68.27091307860793
-68.26350907027468
-68.25610967277602
-68.24871491182122
-68.24132481305864
-68.23393940207555
-68.22655870439779
-68.21918274548948
-68.21181155075263
-68.20444514552689
-68.19708355508924
-68.18972680465374
-68.18237491937134
-68.17502792432951
-68.16768584455211
-68.16034870499912
-68.15301653056717
-68.1456893460889
-68.13836717633527
-68.13105004601357
-68.12373797976636
-68.11643100217087
-68.10912913773865
-68.10183241091528
-68.09454084608019
-68.0872544675464
-68.07997329956034
-68.07269736630275
-68.06542669188859
-68.05816130036541
-68.05090121571305
-68.0436464618435
-68.0363970626007
-68.02915304176427
-68.02191442304749
-68.01468123009317
-68.00745348647462
-68.00023121569576
-67.99301444119116
-67.98580318632588
-67.97859747439534
-67.9713973286252
-67.96420277217109
-67.95701382811855
-67.94983051948275
-67.94265286920836
-67.93548090016934
-67.92831463516877
-67.92115409693866
-67.9139993081398
-67.90685029136151
-67.89970706912155
-67.89256966386586
-67.88543809796845
-67.87831239373119
-67.87119257338362
-67.86407865908282
-67.85697067291319
-67.84986863688631
-67.84277257294076
-67.83568250294199
-67.8285984486821
-67.8215204318797
-67.81444847417978
-67.80738259715349
-67.800322822298
-67.79326917103636
-67.7862216647173
-67.77918032461514
-67.77214517192958
-67.76511622778558
-67.75809351323318
-67.75107704924737
-67.74406685672797
-67.73706295649943
-67.73006536931075
-67.72307411583529
-67.71608921667067
-67.70911069233858
-67.70213856328475
-67.69517284987865
-67.68821357241349
-67.68126075110602
-67.67431440609637
-67.66737455744791
-67.6604412251472
-67.6535144291038
-67.64659418915022
-67.63968052504178
-67.6327734564565
-67.62587300299495
-67.61897918418018
-67.61209201945758
-67.60521152819472
-67.59833772968128
-67.59147064312889
-67.5846102876711
-67.57775668236299
-67.57090984618121
-67.56406979802412
-67.55723655671167
-67.55041014098519
-67.54359056950727
-67.53677786086173
-67.5299720335534
-67.52317310600799
-67.51638109657225
-67.50959602351384
-67.5028179050213
-67.49604675920389
-67.48928260308631
-67.48252545341718
-67.47577532746078
-67.46903224267707
-67.4622962165937
-67.45556726674594
-67.44884541064481
-67.4421306657581
-67.43542304949848
-67.42872257921549
-67.42202927218993
-67.41534314563002
-67.40866421666846
-67.40199250236033
-67.3953280196816
-67.38867078552789
-67.38202081671373
-67.37537812997185
-67.36874274195274
-67.36211466922438
-67.35549392827194
-67.34888053549768
-67.34227450722092
-67.33567585967788
-67.32908460902173
-67.32250077132264
-67.31592436256766
-67.3093553986608
-67.30279389542311
-67.29623986859258
-67.2896933338243
-67.28315430669043
-67.27662280268024
-67.27009883720014
-67.26358242557377
-67.25707358304197
-67.25057232476287
-67.24407866581186
-67.23759262118168
-67.23111420578242
-67.22464343444156
-67.21818032190411
-67.21172488283268
-67.20527713180753
-67.19883708332658
-67.1924047518054
-67.18598015157724
-67.17956329689297
-67.1731542019211
-67.16675288074777
-67.16035934737677
-67.15397361572953
-67.14759569964514
-67.14122561288038
-67.13486336910968
-67.12850898192521
-67.12216246483693
-67.1158238312727
-67.1094930945782
-67.10317026801725
-67.09685536477183
-67.09054839794199
-67.08424938054578
-67.07795832551923
-67.07167524571626
-67.06540015390873
-67.05913306278644
-67.05287398495744
-67.0466229329479
-67.04037991920207
-67.03414495608251
-67.02791805587061
-67.02169923076615
-67.01548849288712
-67.0092858542697
-67.00309132686817
-66.99690492255498
-66.99072665312332
-66.98455653028603
-66.97839456567459
-66.97224077083888
-66.966095157247
-66.95995773628707
-66.95382851926614
-66.94770751740941
-66.94159474186021
-66.93549020368013
-66.9293939138491
-66.92330588327185
-66.91722612277029
-66.91115464308356
-66.90509145486891
-66.89903656870194
-66.89298999507693
-66.88695174440682
-66.88092182702341
-66.87490025317749
-66.86888703303879
-66.86288217669616
-66.85688569415764
-66.85089759535049
-66.84491789012127
-66.83894658823594
-66.83298369937994
-66.8270292331582
-66.8210831990953
-66.81514560663548
-66.80921646514274
-66.80329578390091
-66.79738357211373
-66.79147983890493
-66.78558459331829
-66.77969784431775
-66.77381960078748
-66.76794987153191
-66.76208866527593
-66.75623599066482
-66.75039185626446
-66.74455627056136
-66.73872924196276
-66.73291077879671
-66.72710088931213
-66.72129958167895
-66.7155068639882
-66.70972274425203
-66.7039472304039
-66.69818033029858
-66.69242205171231
-66.68667240234288
-66.6809313898097
-66.67519902165392
-66.66947530533854
-66.66376024824845
-66.65805385769062
-66.65235614089411
-66.64666710501028
-66.64098675711274
-66.63531510419763
-66.62965215318356
-66.62399791091184
-66.61835238414652
-66.61271557957454
-66.60708750380579
-66.60146816337324
-66.59585756473311
-66.59025571426486
-66.58466261827155
-66.57907828297988
-66.57350271454017
-66.56793591902652
-66.56237790243688
-66.55682867069318
-66.55128822964144
-66.54575658505196
-66.54023374261934
-66.5347197079627
-66.52921448662583
-66.52371808407723
-66.51823050571026
-66.51275175684329
-66.50728184271973
-66.50182076850832
-66.4963685393031
-66.49092516012362
-66.48549063591504
-66.48006497154827
-66.47464817182008
-66.4692402414532
-66.46384118509657
-66.45845100732531
-66.45306971264095
-66.44769730547158
-66.4423337901719
-66.43697917102345
-66.43163345223466
-66.42629663794105
-66.42096873220535
-66.41564973901764
-66.41033966229547
-66.40503850588402
-66.39974627355627
-66.3944629690131
-66.38918859588345
-66.38392315772445
-66.37866665802161
-66.3734191001889
-66.36818048756894
-66.36295082343315
-66.35773011098189
-66.35251835334456
-66.34731555357985
-66.34212171467578
-66.33693683954996
-66.33176093104967
-66.32659399195205
-66.32143602496426
-66.3162870327236
-66.31114701779772
-66.3060159826848
-66.30089392981358
-66.29578086154369
-66.29067678016567
-66.28558168790121
-66.28049558690327
-66.27541847925625
-66.27035036697616
-66.26529125201078
-66.26024113623984
-66.25520002147515
-66.2501679094608
-66.24514480187327
-66.2401307003216
-66.2351256063476
-66.23012952142597
-66.22514244696447
-66.22016438430408
-66.2151953347192
-66.21023529941773
-66.20528427954135
-66.20034227616557
-66.19540929029999
-66.19048532288843
-66.18557037480916
-66.180664446875
-66.17576753983357
-66.17087965436744
-66.16600079109428
-66.16113095056701
-66.15627013327402
-66.15141833963926
-66.14657557002243
-66.14174182471913
-66.13691710396107
-66.13210140791617
-66.12729473668884
-66.12249709032011
-66.1177084687878
-66.11292887200675
-66.10815829982896
-66.1033967520438
-66.09864422837819
-66.09390072849669
-66.08916625200179
-66.08444079843395
-66.07972436727182
-66.07501695793258
-66.07031856977204
-66.06562920208492
-66.06094885410492
-66.05627752500493
-66.05161521389715
-66.0469619198333
-66.04231764180476
-66.03768237874276
-66.03305612951854
-66.02843889294357
-66.02383066776956
-66.01923145268842
-66.01464124633269
-66.01006004727583
-66.00548785403245
-66.00092466505846
-65.99637047875133
-65.99182529216176
-65.98728910260479
-65.98276190778671
-65.97824370557439
-65.97373449389951
-65.96923427071215
-65.9647430339552
-65.96026078154894
-65.95578751138105
-65.95132322129979
-65.94686790910927
-65.94242157256608
-65.93798420937674
-65.93355581719595
-65.92913639362526
-65.92472593621207
-65.92032444244903
-65.91593190977356
-65.91154833556816
-65.90717371715995
-65.90280805182041
-65.8984513367653
-65.8941035691547
-65.88976474609306
-65.88543486462949
-65.88111392175779
-65.87680191441667
-65.87249883949004
-65.8682046938071
-65.86391947414269
-65.85964317721745
-65.85537579969811
-65.85111733819957
-65.84686778928358
-65.84262714946001
-65.83839541518721
-65.83417258287133
-65.82995864886628
-65.82575360947372
-65.8215574609481
-65.81737019949132
-65.81319182125246
-65.80902232232866
-65.80486169876556
-65.8007099465577
-65.79656706164876
-65.79243303993188
-65.78830787724988
-65.78419156939553
-65.7800841121118
-65.77598550109202
-65.77189573198024
-65.7678148003713
-65.7637427018112
-65.75967943179722
-65.75562498577821
-65.75157935915476
-65.74754254727947
-65.74351454545709
-65.7394953489448
-65.73548495295243
-65.73148335264261
-65.72749054313103
-65.72350651948662
-65.71953127673181
-65.71556480984269
-65.71160711374924
-65.70765818333551
-65.70371801343988
-65.69978659885521
-65.69586393432908
-65.691950014564
-65.68804483421754
-65.68414838790265
-65.68026067018779
-65.67638167559714
-65.67251139861081
-65.66864983366504
-65.6647969751524
-65.660952817422
-65.65711735477969
-65.65329058148822
-65.64947249176751
-65.64566307979482
-65.64186233970489
-65.63807026559023
-65.63428685150129
-65.6305120914466
-65.62674597939306
-65.6229885092661
-65.6192396749498
-65.61549947028722
-65.61176788908051
-65.60804492509125
-65.6043305720406
-65.60062482360941
-65.59692767343843
-65.59323911512848
-65.58955914224067
-65.58588774829656
-65.58222492677837
-65.57857067112921
-65.57492497475323
-65.57128783101585
-65.56765923324392
-65.56403917472593
-65.56042764871232
-65.5568246484155
-65.55323016701013
-65.54964419763331
-65.54606673338472
-65.54249776732686
-65.53893729248522
-65.53538530184848
-65.53184178836871
-65.52830674496157
-65.52478016450642
-65.52126203984663
-65.51775236378965
-65.5142511291073
-65.51075832853586
-65.50727395477632
-65.50379800049458
-65.50033045832159
-65.49687132085354
-65.49342058065211
-65.48997823024457
-65.48654426212406
-65.48311866874967
-65.47970144254673
-65.47629257590691
-65.47289206118849
-65.46949989071648
-65.46611605678282
-65.4627405516466
-65.4593733675342
-65.45601449663948
-65.45266393112401
-65.4493216631172
-65.44598768471653
-65.44266198798769
-65.43934456496478
-65.43603540765052
-65.43273450801638
-65.42944185800283
-65.42615744951948
-65.42288127444525
-65.41961332462859
-65.41635359188763
-65.4131020680104
-65.40985874475498
-65.40662361384967
-65.40339666699322
-65.40017789585492
-65.3969672920749
-65.39376484726424
-65.3905705530051
-65.38738440085103
-65.38420638232701
-65.38103648892971
-65.37787471212766
-65.37472104336142
-65.37157547404371
-65.36843799555967
-65.36530859926698
-65.36218727649603
-65.35907401855015
-65.35596881670573
-65.3528716622124
-65.34978254629326
-65.34670146014498
-65.34362839493804
-65.34056334181683
-65.3375062918999
-65.33445723628009
-65.3314161660247
-65.32838307217568
-65.3253579457498
-65.32234077773882
-65.31933155910963
-65.31633028080448
-65.31333693374111
-65.31035150881293
-65.30737399688918
-65.30440438881513
-65.30144267541219
-65.29848884747815
-65.29554289578732
-65.29260481109067
-65.28967458411603
-65.28675220556825
-65.28383766612936
-65.28093095645875
-65.27803206719332
-65.27514098894768
-65.27225771231426
-65.26938222786349
-65.26651452614402
-65.26365459768284
-65.26080243298543
-65.25795802253593
-65.25512135679735
-65.25229242621167
-65.24947122120004
-65.24665773216293
-65.2438519494803
-65.24105386351175
-65.2382634645967
-65.23548074305451
-65.2327056891847
-65.22993829326704
-65.22717854556177
-65.22442643630974
-65.22168195573255
-65.21894509403272
-65.21621584139386
-65.21349418798081
-65.21078012393983
-65.20807363939869
-65.2053747244669
-65.20268336923581
-65.19999956377882
-65.19732329815145
-65.19465456239159
-65.19199334651964
-65.18933964053856
-65.18669343443419
-65.18405471817528
-65.18142348171365
-65.17879971498445
-65.17618340790618
-65.17357455038093
-65.1709731322945
-65.16837914351657
-65.16579257390082
-65.16321341328509
-65.1606416514916
-65.15807727832699
-65.15552028358253
-65.15297065703427
-65.1504283884432
-65.14789346755532
-65.14536588410189
-65.1428456277995
-65.14033268835024
-65.13782705544187
-65.13532871874791
-65.13283766792784
-65.13035389262718
-65.12787738247772
-65.12540812709757
-65.12294611609136
-65.12049133905036
-65.11804378555267
-65.11560344516333
-65.11317030743442
-65.11074436190529
-65.10832559810265
-65.1059140055407
-65.10350957372128
-65.10111229213403
-65.0987221502565
-65.0963391375543
-65.09396324348118
-65.0915944574793
-65.08923276897923
-65.08687816740013
-65.08453064214991
-65.08219018262535
-65.07985677821223
-65.07753041828543
-65.07521109220916
-65.07289878933697
-65.070593499012
-65.06829521056702
-65.06600391332461
-65.06371959659727
-65.06144224968759
-65.05917186188833
-65.05690842248256
-65.05465192074386
-65.05240234593634
-65.05015968731485
-65.04792393412507
-65.0456950756037
-65.04347310097855
-65.04125799946868
-65.03904976028454
-65.03684837262809
-65.03465382569291
-65.03246610866434
-65.03028521071957
-65.02811112102783
-65.02594382875043
-65.02378332304094
-65.0216295930453
-65.01948262790192
-65.01734241674181
-65.01520894868874
-65.01308221285932
-65.0109621983631
-65.00884889430277
-65.00674228977421
-65.00464237386663
-65.00254913566272
-65.0004625642387
-64.99838264866453
-64.99630937800394
-64.99424274131462
-64.99218272764828
-64.99012932605082
-64.9880825255624
-64.98604231521759
-64.98400868404546
-64.98198162106974
-64.97996111530885
-64.97794715577615
-64.9759397314799
-64.9739388314235
-64.9719444446055
-64.96995656001981
-64.96797516665576
-64.96600025349821
-64.96403180952768
-64.96206982372044
-64.96011428504865
-64.95816518248044
-64.95622250498008
-64.95428624150797
-64.95235638102089
-64.95043291247201
-64.94851582481107
-64.9466051069845
-64.94470074793556
-64.94280273660435
-64.940911061928
-64.93902571284076
-64.93714667827402
-64.9352739471565
-64.93340750841432
-64.93154735097106
-64.92969346374792
-64.9278458356638
-64.92600445563538
-64.92416931257728
-64.92234039540209
-64.92051769302051
-64.91870119434148
-64.91689088827223
-64.9150867637184
-64.91328880958415
-64.91149701477221
-64.90971136818409
-64.90793185872008
-64.90615847527936
-64.90439120676015
-64.90263004205977
-64.90087497007472
-64.89912597970084
-64.89738305983334
-64.89564619936695
-64.89391538719596
-64.89219061221438
-64.89047186331597
-64.88875912939439
-64.88705239934328
-64.88535166205631
-64.88365690642733
-64.88196812135045
-64.88028529572011
-64.87860841843118
-64.87693747837908
-64.87527246445983
-64.87361336557017
-64.87196017060764
-64.87031286847068
-64.8686714480587
-64.8670358982722
-64.86540620801284
-64.86378236618351
-64.86216436168846
-64.86055218343334
-64.85894582032535
-64.85734526127332
-64.85575049518789
-64.85416151098156
-64.85257829756873
-64.85100084386579
-64.84942913879121
-64.84786317126552
-64.8463029302115
-64.8447484045542
-64.84319958322101
-64.84165645514179
-64.84011900924892
-64.8385872344774
-64.8370611197649
-64.83554065405185
-64.8340258262816
-64.83251662540036
-64.8310130403574
-64.82951506010507
-64.8280226735989
-64.82653586979767
-64.8250546376635
-64.82357896616192
-64.82210884426196
-64.8206442609362
-64.81918520516088
-64.81773166591596
-64.81628363218519
-64.81484109295621
-64.8134040372206
-64.81197245397394
-64.81054633221596
-64.80912566095054
-64.80771042918582
-64.80630062593423
-64.80489624021264
-64.80349726104238
-64.8021036774494
-64.80071547846438
-64.79933265312292
-64.79795519046533
-64.79658307953683
-64.7952163093875
-64.79385486907239
-64.79249874765159
-64.79114793419028
-64.7898024177588
-64.78846218743276
-64.78712723229305
-64.78579754142595
-64.7844731039232
-64.78315390888207
-64.78184003070434
-64.78053188266037
-64.77923064836772
-64.7779388282878
-64.77666080365229
-64.77540332362264
-64.774175847644
-64.77299070821715
-64.77186308938886
-64.77081083844016
-64.76985414168527
-64.7690151011859
-64.76831724949498
-64.76778503624405
-64.76744331511647
-64.76731685372125
-64.7674298829053
-64.76780569660394
-64.76846630867456
-64.76943216936816
-64.7707219411489
-64.77235233139328
-64.77433797798228
-64.77669138282809
-64.77942288784081
-64.78254068764302
-64.78605087339223
-64.78995750230486
-64.79426268782994
-64.79896670585138
-64.80406811276875
-64.80956387179081
-64.81544948425528
-64.82171912324651
-64.82836576721408
-64.83538133169023
-64.84275679756344
-64.85048233468524
-64.85854741987093
-64.86694094859904
-64.87565133992833
-64.8846666343321
-64.89397458430065
-64.90356273768923
-64.91341851389211
-64.9235292730059
-64.9338823782109
-64.94446525164871
-64.95526542411136
-64.96627057888239
-64.97746859008646
-64.98884755591287
-65.00039582707923
-65.01210203089845
-65.02395509130497
-65.03594424518539
-65.04805905534504
-65.06028942042687
-65.07262558208254
-65.08505812967861
-65.097578002803
-65.11017649181917
-65.1228452366979
-65.13557622433902
-65.14836178457912
-65.16119458506478
-65.17406762515579
-65.18697422900755
-65.19990803796821
-65.21286300241368
-65.22583337313084
-65.23881369234813
-65.25179878450218
-65.26478374681938
-65.27776393978209
-65.2907349775416
-65.30369271833132
-65.31663325492778
-65.32955290520022
-65.34244820278376
-65.35531588790678
-65.36815289839674
-65.38095636088575
-65.39372358223332
-65.40645204118061
-65.41913938024682
-65.43178339787616
-65.44438204084128
-65.4569333969069
-65.46943568775583
-65.4818872621776
-65.49428658951871
-65.50663225339252
-65.51892294564533
-65.53115746057472
-65.54333468939546
-65.5554536149473
-65.56751330663899
-65.57951291562202
-65.59145167018765
-65.60332887138017
-65.61514388881947
-65.62689615672582
-65.63858517013952
-65.65021048132832
-65.6617716963754
-65.67326847194076
-65.68470051219315
-65.69606756589748
-65.70736942365176
-65.71860591527174
-65.72977690731601
-65.74088230074437
-65.75192202870363
-65.76289605443442
-65.77380436929359
-65.78464699088646
-65.79542396130363
-65.80613534545716
-65.81678122951122
-65.82736171940283
-65.83787693944707
-65.84832703103547
-65.8587121513838
-65.86903247236727
-65.87928817942642
-65.88947947053715
-65.89960655524193
-65.90966965373926
-65.91966899602825
-65.92960482110684
-65.93947737621923
-65.94928691614513
-65.9590337025357
-65.96871800329158
-65.97834009198004
-65.98790024728913
-65.99739875251656
-66.00683589509148
-66.01621196370358
-66.02552725062081
-66.03478205198968
-66.04397666694881
-66.05311139707439
-66.06218654596007
-66.07120241886496
-66.08015932240406
-66.08905756427086
-66.09789745298328
-66.10667929765054
-66.11540340775953
-66.12407009297786
-66.13267966297232
-66.14123242724162
-66.14972869496214
-66.1581687748458
-66.16655297500925
-66.17488160285352
-66.1831549649534
-66.191373366956
-66.1995371134878
-66.20764650806962
-66.21570185303882
-66.22370344947882
-66.23165159715471
-66.23954659445474
-66.24738873833726
-66.25517832428284
-66.26291564625137
-66.27060099664381
-66.27823466626799
-66.2858169443085
-66.29334811829997
-66.30082847410407
-66.30825829588923
-66.3156378661137
-66.32296746551097
-66.3302473730779
-66.33747786606507
-66.34465921996937
-66.35179170852845
-66.35887560371711
-66.36591117574531
-66.37289869305778
-66.37983842233506
-66.38673062849577
-66.3935755747002
-66.40037352235495
-66.40712473111881
-66.41382945890932
-66.42048796191024
-66.42710049457976
-66.43366730965933
-66.44018865818312
-66.44666478948814
-66.45309595122473
-66.45948238936761
-66.46582434822733
-66.47212207046222
-66.4783757970905
-66.48458576750251
-66.49075221947331
-66.49687538917541
-66.50295551119176
-66.50899281852874
-66.51498754262951
-66.52093991338722
-66.52685015915837
-66.53271850677622
-66.53854518156419
-66.54433040734928
-66.55007440647547
-66.55577739981715
-66.56143960679229
-66.5670612453759
-66.5726425321131
-66.57818368213235
-66.58368490915848
-66.5891464255257
-66.59456844219045
-66.59995116874417
-66.6052948134259
-66.61059958313481
-66.61586568344259
-66.62109331860565
-66.62628269157726
-66.63143400401955
-66.63654745631536
-66.64162324757989
-66.64666157567233
-66.65166263720727
-66.65662662756594
-66.66155374090741
-66.66644417017952
-66.67129810712974
-66.67611574231594
-66.68089726511684
-66.6856428637425
-66.69035272524454
-66.69502703552631
-66.69966597935286
-66.70426974036079
-66.70883850106793
-66.71337244288301
-66.71787174611501
-66.72233658998248
-66.72676715262274
-66.7311636111009
-66.7355261414187
-66.7398549185234
-66.74415011631635
-66.74841190766149
-66.75264046439388
-66.75683595732782
-66.76099855626516
-66.7651284300033
-66.7692257463431
-66.77329067209673
-66.77732337309543
-66.78132401419705
-66.78529275929361
-66.78922977131869
-66.79313521225474
-66.79700924314027
-66.80085202407697
-66.80466371423755
-66.80844447187312
-66.81219445431911
-66.81591381800172
-66.81960271844433
-66.8232613102741
-66.82688974722844
-66.8304881821613
-66.83405676704962
-66.83759565299943
-66.84110499025208
-66.84458492819036
-66.84803561534441
-66.85145719939773
-66.854849827193
-66.85821364473784
-66.86154879721067
-66.86485542896617
-66.86813368354098
-66.87138370365923
-66.87460563123798
-66.87779960739256
-66.88096577244201
-66.88410426591429
-66.8872152265515
-66.89029879231508
-66.89335510039089
-66.8963842871943
-66.89938648837511
-66.90236183882263
-66.90531047267046
-66.90823252330145
-66.91112812335244
-66.91399740471918
-66.91684049856087
-66.91965753530488
-66.92244864465127
-66.92521395557742
-66.92795359634255
-66.9306676944922
-66.93335637686266
-66.93601976958543
-66.93865799809313
-66.9412711871232
-66.94385946072038
-66.94642294224143
-66.94896175435954
-66.95147601906856
-66.95396585768722
-66.95643139086322
-66.95887273857731
-66.9612900201474
-66.96368335423253
-66.96605285883683
-66.96839865131355
-66.97072084836887
-66.97301956606584
-66.97529491982829
-66.9775470244445
-66.97977599407116
-66.98198194223703
-66.98416498184672
-66.9863252251844
-66.98846278391744
-66.99057776910014
-66.99267029117728
-66.99474045998775
-66.99678838476817
-66.99881417415638
-67.00081793619535
-67.00279977833637
-67.00475980744285
-67.00669812979332
-67.00861485108489
-67.0105100764366
-67.01238391039287
-67.01423645692684
-67.01606781944376
-67.01787810078429
-67.01966740322777
-67.02143582849556
-67.02318347775423
-67.02491045161882
-67.02661685015609
-67.02830277288763
-67.02996831879308
-67.03161358631331
-67.03323867335347
-67.03484367728616
-67.03642869495454
-67.03799382267533
-67.03953915624191
-67.0410647909274
-67.04257082148753
-67.04405734216382
-67.04552444668647
-67.04697222827727
-67.04840077965265
-67.04981019302656
-67.05120056011334
-67.0525719721307
-67.05392451980252
-67.05525829336175
-67.05657338255321
-67.05786987663649
-67.05914786438866
-67.06040743410716
-67.06164867361251
-67.06287167025108
-67.06407651089788
-67.06526328195923
-67.06643206937552
-67.06758295862389
-67.06871603472086
-67.0698313822251
-67.07092908524004
-67.07200922741644
-67.07307189195512
-67.0741171616095
-67.07514511868821
-67.07615584505768
-67.0771494221447
-67.07812593093895
-67.07908545199555
-67.08002806543759
-67.08095385095862
-67.08186288782518
-67.08275525487925
-67.08363103054067
-67.08449029280973
-67.08533311926945
-67.0861595870881
-67.08696977302162
-67.08776375341596
-67.08854160420951
-67.08930340093545
-67.09004921872415
-67.09077913230544
-67.09149321601103
-67.09219154377679
-67.09287418914506
-67.09354122526693
-67.09419272490459
-67.09482876043349
-67.09544940384473
-67.09605472674718
-67.09664480036984
-67.09721969556396
-67.0977794828053
-67.09832423219629
-67.09885401346828
-67.09936889598369
-67.09986894873818
-67.10035424036279
-67.10082483912613
-67.10128081293641
-67.10172222934362
-67.10214915554162
-67.10256165837028
-67.10295980431746
-67.10334365952119
-67.10371328977162
-67.10406876051314
-67.10441013684637
-67.10473748353022
-67.10505086498387
-67.10535034528884
-67.10563598819091
-67.10590785710217
-67.10616601510291
-67.10641052494368
-67.10664144904717
-67.10685884951019
-67.10706278810557
-67.1072533262841
-67.10743052517644
-67.10759444559503
-67.10774514803593
-67.10788269268076
-67.10800713939855
-67.10811854774755
-67.10821697697718
-67.10830248602973
-67.10837513354234
-67.1084349778487
-67.10848207698095
-67.10851648867138
-67.1085382703543
-67.10854747916781
-67.10854417195553
-67.10852840526837
-67.10850023536635
-67.10845971822023
-67.10840690951333
-67.10834186464322
-67.10826463872341
-67.10817528658512
-67.1080738627789
-67.10796042157637
-67.10783501697185
-67.10769770268409
-67.10754853215786
-67.10738755856568
-67.10721483480934
-67.10703041352167
-67.10683434706806
-67.10662668754811
-67.10640748679727
-67.10617679638835
-67.1059346676332
-67.10568115158424
-67.10541629903601
-67.10514016052682
-67.10485278634017
-67.10455422650645
-67.10424453080432
-67.10392374876237
-67.10359192966055
-67.10324912253172
-67.10289537616316
-67.10253073909806
-67.10215525963697
-67.10176898583934
-67.10137196552493
-67.10096424627532
-67.10054587543536
-67.10011690011457
-67.09967736718865
-67.09922732330084
-67.09876681486338
-67.09829588805894
-67.09781458884201
-67.09732296294027
-67.09682105585603
-67.09630891286758
-67.09578657903062
-67.09525409917953
-67.09471151792884
-67.09415887967454
-67.09359622859539
-67.09302360865429
-67.09244106359967
-67.09184863696669
-67.09124637207866
-67.09063431204832
-67.09001249977915
-67.08938097796661
-67.08873978909952
-67.08808897546126
-67.08742857913111
-67.08675864198547
-67.08607920569912
-67.08539031174654
-67.08469200140304
-67.08398431574612
-67.08326729565663
-67.08254098182006
-67.08180541472774
-67.08106063467802
-67.08030668177751
-67.07954359594225
-67.07877141689893
-67.07799018418609
-67.07719993715527
-67.07640071497217
-67.07559255661783
-67.07477550088977
-67.07394958640315
-67.07311485159191
-67.07227133470992
-67.07141907383212
-67.07055810685561
-67.0696884715008
-67.06881020531253
-67.06792334566116
-67.06702792974367
-67.06612399458479
-67.06521157703803
-67.06429071378682
-67.06336144134555
-67.06242379606067
-67.06147781411173
-67.06052353151244
-67.05956098411178
-67.05859020759497
-67.0576112374846
-67.05662410914157
-67.05562885776621
-67.05462551839928
-67.05361412592295
-67.05259471506186
-67.05156732038407
-67.05053197630211
-67.04948871707397
-67.04843757680403
-67.04737858944412
-67.04631178879445
-67.0452372085046
-67.04415488207445
-67.0430648428552
-67.04196712405027
-67.0408617587163
-67.03974877976407
-67.03862821995942
-67.03750011192422
-67.03636448813728
-67.03522138093528
-67.03407082251371
-67.03291284492772
-67.03174748009309
-67.03057475978711
-67.02939471564949
-67.02820737918321
-67.02701278175549
-67.02581095459857
-67.02460192881068
-67.02338573535684
-67.02216240506978
-67.02093196865077
-67.01969445667048
-67.01844989956986
-67.01719832766094
-67.01593977112773
-67.01467426002701
-67.01340182428916
-67.01212249371905
-67.01083629799678
-67.00954326667855
-67.00824342919748
-67.00693681486435
-67.0056234528685
-67.00430337227856
-67.00297660204326
-67.00164317099224
-67.00030310783681
-66.99895644117073
-66.99760319947103
-66.9962434110987
-66.99487710429955
-66.99350430720487
-66.9921250478323
-66.99073935408649
-66.98934725375989
-66.98794877453349
-66.98654394397757
-66.98513278955238
-66.98371533860899
-66.98229161838985
-66.98086165602967
-66.97942547855634
-66.97798311289132
-66.97653458585066
-66.97507992414545
-66.97361915438245
-66.97215230306483
-66.9706793965929
-66.9692004612647
-66.9677155232768
-66.96622460872491
-66.96472774360464
-66.96322495381206
-66.96171626514446
-66.96020170330098
-66.95868129388329
-66.95715506239618
-66.9556230342483
-66.95408523475277
-66.95254168912778
-66.95099242249734
-66.94943745989177
-66.94787682624845
-66.94631054641239
-66.94473864513688
-66.94316114708407
-66.94157807682564
-66.93998945884333
-66.93839531752967
-66.93679567718847
-66.9351905620355
-66.93357999619903
-66.93196400372177
-66.9303426085603
-66.92871583458499
-66.92708370558097
-66.92544624524868
-66.92380347720456
-66.92215542498158
-66.92050211202985
-66.91884356171721
-66.91717979732974
-66.91551084207236
-66.91383671906941
-66.91215745136513
-66.91047306192426
-66.90878357363259
-66.90708900929745
-66.9053893916483
-66.90368474333722
-66.9019750869395
-66.90026044495417
-66.89854083980447
-66.89681629383837
-66.89508682932909
-66.89335246847563
-66.89161323340323
-66.88986914616393
-66.88812022873702
-66.8863665030296
-66.88460799087704
-66.88284471404346
-66.88107669422222
-66.87930395303646
-66.8775265120395
-66.8757443927154
-66.87395761647939
-66.87216620467832
-66.87037017859123
-66.86856955942972
-66.86676436833844
-66.86495462639557
-66.86314035461326
-66.86132157393808
-66.85949830525146
-66.85767056937017
-66.85583838704673
-66.85400177896987
-66.852160765765
-66.8503153679946
-66.84846560615863
-66.8466115006958
-66.84475307198367
-66.84289034033877
-66.84102332601685
-66.83915204921331
-66.83727653006353
-66.83539678864331
-66.83351284496928
-66.8316247189993
-66.82973243063284
-66.82783599971148
-66.82593544601917
-66.82403078928276
-66.82212204917226
-66.8202092453014
-66.81829239722784
-66.81637152445367
-66.81444664642576
-66.81251778253618
-66.81058495212245
-66.80864817446808
-66.8067074688028
-66.80476285430305
-66.80281435009223
-66.80086197524115
-66.79890574876833
-66.79694568964041
-66.79498181677245
-66.79301414902834
-66.79104270522109
-66.78906750411322
-66.78708856441708
-66.7851059047952
-66.78311954386065
-66.78112950017731
-66.7791357922603
-66.77713843857623
-66.77513745754354
-66.77313286753287
-66.77112468686735
-66.76911293382292
-66.76709762662868
-66.76507878346713
-66.76305642247459
-66.76103056174142
-66.75900121931238
-66.75696841318693
-66.75493216131947
-66.75289248161977
-66.75084939195314
-66.74880291014081
-66.74675305396018
-66.74469984114512
-66.7426432893863
-66.74058341633139
-66.73852023958544
-66.7364537767111
-66.73438404522894
-66.73231106261765
-66.73023484631445
-66.72815541371521
-66.72607278217485
-66.72398696900753
-66.72189799148693
-66.71980586684656
-66.71771061227996
-66.71561224494098
-66.71351078194411
-66.71140624036458
-66.70929863723879
-66.70718798956442
-66.70507431430076
-66.70295762836894
-66.70083794865214
-66.6987152919959
-66.69658967520829
-66.6944611150602
-66.69232962828553
-66.68935425283217
-66.68499113815011
-66.6790336387207
-66.67142947741101
-66.66220428461858
-66.65142461566148
-66.63917825207518
-66.6255630911633
-66.61068068036661
-66.59463240415629
-66.57751724055879
-66.55943046901898
-66.54046296417593
-66.52070085400042
-66.50022540531663
-66.4791130507138
-66.45743550221601
-66.43525991669541
-66.41264909046106
-66.3896616684441
-66.36635235858193
-66.34277214539007
-66.3189684989386
-66.2949855769216
-66.27086441848144
-66.24664312909358
-66.22235705624034
-66.19803895587702
-66.17371914987024
-66.14942567469606
-66.12518442175035
-66.10101926965643
-66.07695220896981
-66.05300345967824
-66.02919158189144
-66.00553358009898
-65.98204500135809
-65.9587400213819
-65.93563153928821
-65.91273126069348
-65.89004977365886
-65.8675966208283
-65.84538036757299
-65.8234086662324
-65.80168831662866
-65.78022532303834
-65.7590249477744
-65.73809176162509
-65.71742969129558
-65.69704206402804
-65.67693164955412
-65.65710069952917
-65.63755098459244
-65.6182838291872
-65.59930014426735
-65.58060045801034
-65.56218494464962
-65.54405345153314
-65.52620552450895
-65.50864043173341
-65.49135718599233
-65.47435456562035
-65.45763113409892
-65.44118525840922
-65.42501512621182
-65.40911876192106
-65.39349404173862
-65.37813870770653
-65.36305038083736
-65.34822657337556
-65.33366470024093
-65.31936208970295
-65.30531599333105
-65.29152359526438
-65.27798202084139
-65.26468834462774
-65.2516395978788
-65.23883277547078
-65.22626484233291
-65.21393273941098
-65.20183338919101
-65.18996370081007
-65.17832057477985
-65.16690090734694
-65.15570159451275
-65.14471953573401
-65.13395163732456
-65.12339481557699
-65.1130459996222
-65.10290213404375
-65.09296018126271
-65.08321712370822
-65.07366996578752
-65.06431573566888
-65.05515148688993
-65.04617429980279
-65.03738128286744
-65.02876957380346
-65.02033634060982
-65.01207878246213
-65.00399413049558
-64.99607964848205
-64.98833263340855
-64.98075041596456
-64.97333036094464
-64.96606986757263
-64.95896636975353
-64.95201733625831
-64.94522027084703
-64.93857271233503
-64.93207223460666
-64.925716446581
-64.91950299213336
-64.91342954997637
-64.90749383350412
-64.90169359060266
-64.89602660342982
-64.89049068816716
-64.88508369474697
-64.87980350655631
-64.87464804012096
-64.8696152447709
-64.86470310228975
-64.85990962654974
-64.85523286313409
-64.85067088894839
-64.84622181182233
-64.84188377010351
-64.83765493224413
-64.83353349638222
-64.82951768991815
-64.82560576908767
-64.82179601853231
-64.818086750868
-64.81447630625276
-64.8109630519541
-64.807545381917
-64.80422171633272
-64.80099050120944
-64.79785020794492
-64.79479933290175
-64.7918363969857
-64.78895994522742
-64.7861685463679
-64.78346079244803
-64.78083529840237
-64.77829070165758
-64.77582566173574
-64.77343885986242
-64.77112899858012
-64.7688948013668
-64.7667350122599
-64.76464839548595
-64.76263373509569
-64.76068983460506
-64.758815516642
-64.75700962259897
-64.75527101229109
-64.75359856362024
-64.75199117224498
-64.75044775125632
-64.74896723085956
-64.74754855806194
-64.74619069636566
-64.74489262546678
-64.74365334095982
-64.74247185404812
-64.74134719125976
-64.74027839416905
-64.73926451912354
-64.73830463697638
-64.73739783282404
-64.73654320574937
-64.73573986856974
-64.73498694759081
-64.73428358236468
-64.73362892545289
-64.7330221421947
-64.73246241048003
-64.73194892052723
-64.73148087466551
-64.7310574871217
-64.73067798381174
-64.73034160213636
-64.7300475907811
-64.72979520952056
-64.72958372902679
-64.7294124306816
-64.72928060639303
-64.72918755841549
-64.72913259917384
-64.72911505109106
-64.7291342464197
-64.72918952707674
-64.72928024448201
-64.72940575939998
-64.72956544178489
-64.72975867062907
-64.72998483381454
-64.73024332796766
-64.73053355831674
-64.73085493855272
-64.73120689069276
-64.73158884494647
-64.73200023958518
-64.73244052081364
-64.73290914264452
-64.73340556677543
-64.73392926246844
-64.73447970643205
-64.73505638270562
-64.73565878254595
-64.73628640431642
-64.73693875337804
-64.73761534198297
-64.73831568916994
-64.73903932066182
-64.7397857687652
-64.74055457227202
-64.7413452763629
-64.74215743251267
-64.74299059839736
-64.74384433780332
-64.74471822053788
-64.74561182234171
-64.74652472480302
-64.74745651527311
-64.74840678678376
-64.74937513796598
-64.75036117297051
-64.75136450138965
-64.75238473818042
-64.75342150358912
-64.75447442307726
-64.75554312724887
-64.75662725177929
-64.75772643734494
-64.7588403295546
-64.75996857888173
-64.76111084059804
-64.76226677470825
-64.76343604588594
-64.76461832341043
-64.76581328110494
-64.76702059727558
-64.76823995465153
-64.7694710403262
-64.77071354569924
-64.77196716641971
-64.77323160233009
-64.77450655741117
-64.77579173972795
-64.77708686137628
-64.77839163843048
-64.77970579089178
-64.78102904263747
-64.78236112137104
-64.78370175857292
-64.7850506894521
-64.78640765289853
-64.78777239143612
-64.78914465117661
-64.79052418177405
-64.79191073637998
-64.79330407159935
-64.79470394744706
-64.79611012730511
-64.79752237788045
-64.7989404691634
-64.80036417438673
-64.80179326998531
-64.80322753555635
-64.80466675382016
-64.8061107105816
-64.80755919469196
-64.80901199801139
-64.81046891537196
-64.81192974454116
-64.81339428618585
-64.8148623438369
-64.81633372385407
-64.8178082353917
-64.81928569036461
-64.82076590341467
-64.82224869187748
-64.82373387574968
-64.82522127765677
-64.82671072282119
-64.82820203903107
-64.82969505660914
-64.83118960838225
-64.83268552965117
-64.83418265816087
-64.83568083407107
-64.83717989992734
-64.83867970063237
-64.84018008341779
-64.84168089781626
-64.84318199563388
-64.84468323092304
-64.84618445995557
-64.84768554119618
-64.84918633527636
-64.85068670496842
-64.85218651516007
-64.85368563282907
-64.85518392701846
-64.85668126881185
-64.85817753130921
-64.85967258960275
-64.86116632075336
-64.86265860376702
-64.86414931957181
-64.86563835099496
-64.86712558274027
-64.86861090136581
-64.87009419526188
-64.87157535462921
-64.8730542714574
-64.8745308395037
-64.87600495427196
-64.87747651299186
-64.87894541459836
-64.88041155971145
-64.88187485061606
-64.88333519124225
-64.88479248714565
-64.88624664548803
-64.88769757501831
-64.8891451860536
-64.89058939046052
-64.89203010163668
-64.89346723449238
-64.89490070543256
-64.89633043233893
-64.89775633455228
-64.8991783328551
-64.9005963494542
-64.90201030796382
-64.90342013338861
-64.90482575210706
-64.90622709185497
-64.90762408170917
-64.9090166520714
-64.91040473465236
-64.91178826245599
-64.91316716976385
-64.91454139211977
-64.91591086631456
-64.91727553037099
-64.91863532352885
-64.91999018623031
-64.92134006010528
-64.922684887957
-64.92402461374786
-64.92535918258528
-64.92668854070776
-64.92801263547116
-64.92933141533504
-64.93064482984919
-64.93195282964031
-64.93325536639885
-64.93455239286598
-64.93584386282066
-64.93712973106695
-64.93840995342136
-64.93968448670043
-64.94095328870836
-64.9422163182248
-64.94347353499286
-64.94472489970713
-64.94597037400183
-64.94720992043929
-64.94844350249826
-64.94967108456257
-64.95089263190981
-64.95210811070018
-64.95331748796544
-64.95452073159797
-64.95571781033998
-64.95690869377283
-64.95809335230645
-64.95927175716885
-64.96044388039584
-64.96160969482078
-64.96276917406439
-64.96392229252487
-64.9650690253679
-64.9662093485169
-64.96734323864332
-64.96847067315707
-64.96959163019706
-64.97070608862178
-64.97181402800011
-64.97291542860208
-64.97401027138982
-64.9750985380086
-64.97618021077795
-64.97725527268292
-64.97832370736533
-64.97938549911524
-64.98044063286241
-64.98148909416797
-64.98253086921602
-64.9835659448055
-64.98459430834203
-64.98561594782983
-64.9866308518639
-64.98763900962201
-64.98864041085707
-64.98963504588927
-64.9906229055986
-64.9916039814172
-64.99257826532201
-64.99354574982735
-64.99450642797764
-64.99546029334017
-64.99640733999806
-64.99734756254308
-64.99828095606883
-64.99920751616366
-65.00012723890404
-65.00104012084769
-65.00194615902694
-65.00284535094217
-65.0037376945552
-65.00462318828293
-65.0055018309909
-65.00637362198698
-65.00723856101516
-65.00809664824932
-65.00894788428718
-65.00979227014422
-65.01062980724772
-65.01146049743086
-65.01228434292686
-65.0131013463632
-65.01391151075593
-65.014714839504
-65.01551133638365
-65.01630100554297
-65.0170838514963
-65.01785987911892
-65.01862909364169
-65.01939150064575
-65.02014710605731
-65.02089591614242
-65.02163793750195
-65.02237317706647
-65.02310164209126
-65.02382334015138
-65.02453827913676
-65.0252464672474
-65.02594791298856
-65.02664262516602
-65.02733061288146
-65.02801188552776
-65.02868645278451
-65.02935432461342
-65.03001551125391
-65.03067002321863
-65.03131787128916
-65.03195906651162
-65.03259362019246
-65.03322154389419
-65.03384284943124
-65.0344575488658
-65.03506565450377
-65.03566717889069
-65.03626213480777
-65.03685053526794
-65.03743239351198
-65.03800772300458
-65.03857653743064
-65.03913885069142
-65.03969467690082
-65.04024403038174
-65.0407869256624
-65.04132337747276
-65.04185340074096
-65.04237701058979
-65.0428942223332
-65.04340505147292
-65.04390951369497
-65.04440762486641
-65.04489940103191
-65.04538485841056
-65.04586401339255
-65.04633688253602
-65.04680348256387
-65.0472638303606
-65.04771794296927
-65.04816583758839
-65.04860753156888
-65.04904304241116
-65.04947238776212
-65.04989558541223
-65.05031265329264
-65.05072360947233
-65.05112847215531
-65.05152725967781
-65.05191999050552
-65.05230668323091
-65.05268735657049
-65.05306202936217
-65.05343072056264
-65.05379344924482
-65.05415023459518
-65.0545010959113
-65.05484605259937
-65.05518512417164
-65.05551833024406
-65.0558456905338
-65.05616722485689
-65.05648295312588
-65.05679289534748
-65.05709707162028
-65.05739550213244
-65.0576882071595
-65.0579752070621
-65.05825652228386
-65.0585321733491
-65.05880218086085
-65.0590665654986
-65.0593253480163
-65.05957854924024
-65.05982619006707
-65.06006829146173
-65.0603048744555
-65.06053596014402
-65.06076156968535
-65.06098172429809
-65.06119644525941
-65.06140575390329
-65.06160967161857
-65.06180821984721
-65.06200142008244
-65.06218929386702
-65.06237186279145
-65.06254914849227
-65.0627211726503
-65.06288795698902
-65.06304952327282
-65.06320589330547
-65.06335708892831
-65.06350313201885
-65.06364404448904
-65.06377984828374
-65.06391056537922
-65.06403621778156
-65.06415682752524
-65.06427241667154
-65.06438300730719
-65.0644886215428
-65.06458928151153
-65.06468500936764
-65.06477582728509
-65.06486175745619
-65.06494282209022
-65.0650190434121
-65.06509044366105
-65.06515704508934
-65.06521886996096
-65.06527594055034
-65.06532827914113
-65.06537590802495
-65.06541884950018
-65.06545712587075
-65.06549075944494
-65.06551977253423
-65.06554418745212
-65.06556402651304
-65.06557931203118
-65.06559006631937
-65.06559631168804
-65.06559807044411
-65.06559536488993
-65.06558821732223
-65.06557665003106
-65.06556068529886
-65.06554034539933
-65.06551565259655
-65.06548662914392
-65.06545329728328
-65.06541567924388
-65.06537379724149
-65.06532767347746
-65.06527733013779
-65.0652227893923
-65.06516407339365
-65.06510120427656
-65.06503420415689
-65.06496309513079
-65.06488789927393
-65.06480863864056
-65.06472533526285
-65.06463801114995
-65.06454668828731
-65.06445138863585
-65.06435213413117
-65.0642489466829
-65.06414184817383
-65.0640308604593
-65.06391600536638
-65.06379730469325
-65.06367478020843
-65.06354845365016
-65.06341834672565
-65.0632844811105
-65.06314687844795
-65.06300556034836
-65.06286054838844
-65.06271186411072
-65.0625595290229
-65.06240356459726
-65.06224399227003
-65.06208083344086
-65.06191410947223
-65.06174384168882
-65.06157005137705
-65.06139275978447
-65.06121198811923
-65.06102775754955
-65.06084008920325
-65.06064900416716
-65.06045452348665
-65.06025666816515
-65.06005545916365
-65.05985091740021
-65.05964306374952
-65.0594319190424
-65.05921750406539
-65.05899983956027
-65.05877894622364
-65.05855484470649
-65.05832755561377
-65.05809709950398
-65.05786349688876
-65.05762676823248
-65.05738693395192
-65.05714401441575
-65.05689802994429
-65.05664900080905
-65.0563969472324
-65.05614188938725
-65.0558838473966
-65.0556228413333
-65.05535889121968
-65.0550920170272
-65.05482223867615
-65.05454957603534
-65.05427404892176
-65.05399567710027
-65.05371448028342
-65.05343047813099
-65.05314369024981
-65.05285413619346
-65.05256183546199
-65.05226680750167
-65.0519690717047
-65.05166864740902
-65.05136555389795
-65.05105981040006
-65.05075143608887
-65.05044045008265
-65.05012687144415
-65.04981071918043
-65.0494920122426
-65.04917076952565
-65.04884700986821
-65.04852075205238
-65.04819201480353
-65.04786081679006
-65.0475271766233
-65.04719111285726
-65.0468526439885
-65.04651178845592
-65.04616856464062
-65.04582299086576
-65.04547508539633
-65.04512486643911
-65.0447723521424
-65.04441756059597
-65.04406050983089
-65.04294115345708
-65.0405059187046
-65.03654341470654
-65.03099754278045
-65.02389014362957
-65.01528390990795
-65.0052627520249
-64.99392076557126
-64.98135582357239
-64.96766579943741
-64.95294634265524
-64.93728959416363
-64.92078348004237
-64.90351136486318
-64.88555192966658
-64.866979189851
-64.84786259916501
-64.82826720530643
-64.80825383487718
-64.78787929330188
-64.76719657042324
-64.74625504579984
-64.72510068992959
-64.70377625909602
-64.68232148251279
-64.66077324094545
-64.63916573661078
-64.61753065429575
-64.5958973138415
-64.57429281425176
-64.5527421697521
-64.5312684381611
-64.50989284194641
-64.48863488234304
-64.46751244131713
-64.4465418864577
-64.42573817214281
-64.40511492755363
-64.38468454063914
-64.36445823756677
-64.34444615769394
-64.3246574242348
-64.30510021083265
-64.28578180425471
-64.26670866342054
-64.2478864749663
-64.22932020553748
-64.2110141509926
-64.19297198269001
-64.17519679102124
-64.15769112634486
-64.14045703746646
-64.12349610780238
-64.10680948935725
-64.09039793463826
-64.07426182662249
-64.05840120688691
-64.04281580200526
-64.02750504830979
-64.01246811511083
-63.99770392646216
-63.98321118155499
-63.968988373819315
-63.95503380880671
-63.94134562092503
-63.927921789091094
-63.9147601513644
-63.90185841862093
-63.88921418732336
-63.876824951440405
-63.86468811356556
-63.852800995282436
-63.841160846821396
-63.829764856049685
-63.81861015683496
-63.80769383681974
-63.797012944642454
-63.78656449663848
-63.77634548305296
-63.76635287379507
-63.75658362376223
-63.74703467776047
-63.737702975046254
-63.72858545351343
-63.719679053549626
-63.710980721581656
-63.702487413322615
-63.694196096748016
-63.686103754817104
-63.678207387955474
-63.670504016314375
-63.662990681821334
-63.65566445003563
-63.648522411821475
-63.64156168485151
-63.63477941495194
-63.6281727773003
-63.62173897748584
-63.61547525244222
-63.6093788712665
-63.603447135922515
-63.597677381833414
-63.59206697838985
-63.586613329368824
-63.58131387327224
-63.576166083589
-63.57116746898449
-63.56631557342795
-63.561607976261136
-63.55704229221279
-63.55261617136289
-63.548327299061135
-63.544173395804364
-63.54015221707444
-63.536261553141216
-63.53249922883399
-63.528863103284664
-63.52535106964482
-63.521961054779155
-63.518691018937965
-63.51553895541083
-63.51250289016361
-63.50958088146063
-63.50677101947399
-63.5040714258816
-63.501480253455426
-63.49899568564143
-63.496615936132564
-63.49433924843602
-63.4921638954359
-63.49008817895234
-63.48811042929809
-63.48622900483336
-63.48444229151991
-63.48274870247493
-63.481146677525594
-63.4796346827648
-63.47821121010871
-63.47687477685669
-63.475623925253956
-63.47445722205756
-63.473373258105966
-63.47237064789269
-63.471448029144156
-63.47060406240223
-63.46983743061158
-63.4691468387121
-63.46853101323663
-63.467988701914095
-63.46751867327825
-63.46711971628213
-63.46679063991834
-63.46653027284523
-63.466337463019116
-63.466211077332396
-63.46615000125793
-63.46615313849936
-63.466219410647646
-63.46634775684367
-63.46653713344697
-63.46678651371059
-63.46709488746195
-63.46746126078978
-63.46788465573709
-63.46836410999997
-63.46889867663245
-63.469487423757045
-63.470129434281155
-63.470823805619176
-63.47156964942019
-63.47236609130126
-63.47321227058623
-63.474107340049855
-63.47505046566734
-63.47604082636903
-63.47707761380035
-63.47816003208673
-63.479287297603555
-63.48045863875098
-63.4816732957336
-63.48293052034472
-63.48422957575543
-63.485569736307994
-63.4869502873139
-63.48837052485611
-63.489829755595636
-63.491327296582334
-63.49286247506973
-63.494434628333856
-63.49604310349615
-63.49768725735003
-63.499366456191325
-63.50108007565223
-63.50282750053898
-63.5046081246729
-63.50642135073501
-63.508266590113905
-63.51014326275695
-63.51205079702464
-63.51398862954814
-63.51595620508981
-63.517952976406754
-63.51997840411729
-63.52203195657029
-63.52411310971737
-63.5262213469876
-63.52835615916485
-63.5305170442678
-63.53270350743239
-63.53491506079675
-63.53715122338861
-63.539411521014955
-63.54169548615401
-63.544002657849454
-63.54633258160678
-63.54868480929181
-63.551058899031254
-63.5534544151153
-63.55587092790214
-63.55830801372449
-63.56076525479788
-63.563242239130865
-63.56573856043695
-63.56825381804829
-63.57078761683106
-63.57333956710252
-63.57590928454969
-63.57849639014952
-63.58110051009069
-63.58372127569686
-63.58635832335137
-63.589011294423415
-63.591679835195585
-63.59436359679276
-63.597062235112354
-63.59977541075583
-63.602502788961615
-63.605244039539045
-63.607998836803574
-63.610766859513845
-63.613547790810706
-63.616341318154454
-63.61914713326406
-63.621964932059846
-63.62479441460593
-63.62763528504881
-63.63048725156217
-63.63335002629209
-63.636223325303
-63.639106868524635
-63.6420003797012
-63.64490358633835
-63.64781621965236
-63.65073801452046
-63.65366870943196
-63.65660804644017
-63.65955577111512
-63.66251163249705
-63.6654753830506
-63.668446778619774
-63.67142557838365
-63.67441154481271
-63.67740444362598
-63.68040404374877
-63.68341011727162
-63.6864224394091
-63.689440788459336
-63.69246494576425
-63.69549469567042
-63.69852982549063
-63.70157012546597
-63.70461538872851
-63.70766541126455
-63.710719991878406
-63.71377893215675
-63.71684203643347
-63.71990911175502
-63.72297996784633
-63.72605441707714
-63.72913227442896
-63.73221335746258
-63.73529748628576
-63.738384483521536
-63.741474174276824
-63.74456638611156
-63.74766094900824
-63.75075769534197
-63.753856459850816
-63.75695707960672
-63.76005939398669
-63.76316324464444
-63.76626847548242
-63.76937493262423
-63.77248246438737
-63.77559092125641
-63.778700155856484
-63.78181002292714
-63.784920379296565
-63.788031083856126
-63.79114199753524
-63.794252983276614
-63.79736390601176
-63.80047463263688
-63.80358503198899
-63.80669497482246
-63.80980433378577
-63.81291298339861
-63.816020800029335
-63.8191276618726
-63.822233448927335
-63.82533804297495
-63.82844132755781
-63.83154318795802
-63.83464351117642
-63.83774218591189
-63.84083910254093
-63.843934153097436
-63.847027231252774
-63.8501182322961
-63.85320705311489
-63.85629359217576
-63.85937774950547
-63.86245942667219
-63.865538526767
-63.868614954385585
-63.87168861561018
-63.87475941799174
-63.87782727053227
-63.88089208366745
-63.883953769249395
-63.887012240529664
-63.89006741214247
-63.89311920008808
-63.89616752171638
-63.89921229571072
-63.90225344207187
-63.905290882102214
-63.90832453839014
-63.91135433479459
-63.91438019642977
-63.91740204965009
-63.92041982203524
-63.92343344237542
-63.92644284065678
-63.929447948047034
-63.93244869688119
-63.935445020647514
-63.93843685397362
-63.94142413261271
-63.944406793430005
-63.94738477438931
-63.95035801453975
-63.95332645400266
-63.95629003395858
-63.959248696634496
-63.96220238529112
-63.965151044210394
-63.9680946186831
-63.97103305499661
-63.97396630042282
-63.976894303206194
-63.97981701255189
-63.98273437861414
-63.98564635248466
-63.98855288618123
-63.99145393263642
-63.994349445686375
-63.99723938005982
-64.00012369136711
-64.00300233608945
-64.00587527156823
-64.00874245599448
-64.0116038483984
-64.01445940863907
-64.01730909739429
-64.02015287615045
-64.02299070719259
-64.02582255359454
-64.02864837920916
-64.03146814865876
-64.03428182732553
-64.03708938134211
-64.03989077758233
-64.04268598365194
-64.04547496787957
-64.04825769930768
-64.0510341476837
-64.05380428345116
-64.05656807774106
-64.05932550236324
-64.06207652979784
-64.06482113318695
-64.06755928632623
-64.07029096365669
-64.0730161402566
-64.07573479183338
-64.0784468947157
-64.08115242584557
-64.08385136277062
-64.08654368363632
-64.08922936717848
-64.09190839271564
-64.09458074014167
-64.09724638991842
-64.09990532306847
-64.10255752116787
-64.10520296633909
-64.10784164124402
-64.1104735290769
-64.11309861355757
-64.1157168789246
-64.11832830992861
-64.1209328918256
-64.12353061037038
-64.12612145181006
-64.12870540287767
-64.13128245078576
-64.13385258322015
-64.13641578833368
-64.13897205474011
-64.14152137150803
-64.14406372815485
-64.14659911464085
-64.14912752136337
-64.15164893915092
-64.15416335925748
-64.15667077335686
-64.15917117353702
-64.16166455229454
-64.16415090252917
-64.16663021753833
-64.1691024910118
-64.1715677170264
-64.17402589004074
-64.17647700489003
-64.17892105678094
-64.18135804128654
-64.1837879543413
-64.1862107922361
-64.18862655161334
-64.19103522946212
-64.19343682311337
-64.19583133023522
-64.19821874882822
-64.20059907722076
-64.20297231406445
-64.20533845832965
-64.20769750930093
-64.21004946657266
-64.21239433004465
-64.21473209991784
-64.21706277668996
-64.21938636115135
-64.22170285438078
-64.22401225774125
-64.22631457287599
-64.22860980170437
-64.23089794641788
-64.23317900947626
-64.23545299360352
-64.23771990178409
-64.23997973725903
-64.24223250352226
-64.24447820431678
-64.24671684363102
-64.2489484256952
-64.25117295497772
-64.25339043618155
-64.25560087424076
-64.25780427431704
-64.26000064179622
-64.26218998228491
-64.26437230160708
-64.26654760580078
-64.26871590111485
-64.27087719400562
-64.27303149113379
-64.27517879936116
-64.27731912574754
-64.27945247754765
-64.28157886220802
-64.28369828736398
-64.28581076083665
-64.28791629063004
-64.29001488492798
-64.29210655209141
-64.29419130065536
-64.29626913932621
-64.29834007697889
-64.30040412265407
-64.3024612855555
-64.3045115750472
-64.30655500065095
-64.30859157204351
-64.31062129905412
-64.31264419166186
-64.31466025999316
-64.31666951431922
-64.31867196505358
-64.32066762274965
-64.32265649809828
-64.32463860192537
-64.32661394518946
-64.32858253897948
-64.3305443945123
-64.3324995231306
-64.33444793630044
-64.33638964560916
-64.33832466276311
-64.34025299958549
-64.34217466801417
-64.34408968009959
-64.34599804800263
-64.34789978399259
-64.34979490044506
-64.35168340983995
-64.35356532475943
-64.355440657886
-64.35730942200053
-64.35917162998025
-64.36102729479695
-64.36287642951503
-64.36471904728963
-64.36655516136481
-64.36838478507173
-64.37020793182681
-64.37202461513003
-64.37383484856308
-64.3756386457877
-64.37743602054393
-64.37922698664839
-64.38101155799271
-64.38278974854177
-64.38456157233217
-64.38632704347053
-64.38808617613196
-64.38983898455848
-64.39158548305741
-64.39332568599995
-64.39505960781956
-64.39678726301051
-64.39850866612642
-64.40022383177876
-64.40193277463543
-64.40363550941936
-64.40533205090706
-64.4070224139273
-64.40870661335963
-64.41038466413315
-64.4120565812251
-64.41372237965957
-64.41538207450618
-64.41703568087881
-64.41868321393433
-64.42032468887132
-64.42196012092886
-64.42358952538532
-64.42521291755713
-64.42683031279758
-64.42844172649565
-64.4300471740749
-64.43164667099225
-64.43324023273689
-64.43482787482917
-64.43640961281946
-64.43798546228712
-64.43955543883934
-64.44111955811019
-64.44267783575948
-64.4442302874718
-64.44577692895542
-64.44731777594139
-64.44885284418243
-64.45038214945205
-64.45190570754353
-64.45342353426898
-64.45493564545842
-64.45644205695879
-64.45794278463313
-64.45943784435957
-64.46092725203053
-64.46241102355175
-64.46388917484136
-64.46536172182908
-64.46682868045549
-64.46829006667109
