-65.0
-64.98702722671817
-64.98177768970305
-64.97834213881278
-64.97559828198355
-64.97319678342426
-64.97098150258869
-64.96886930295396
-64.9668130181014
-64.96478529731834
-64.96277016554093
-64.96075826832711
-64.9587441490701
-64.9567246423032
-64.95469792535705
-64.95266296108971
-64.95061916971873
-64.94856623580615
-64.94650399507726
-64.94443236836126
-64.9423513232919
-64.94026085231214
-64.93816096021276
-64.93605165721233
-64.93393295523026
-64.9318048659778
-64.92966740006568
-64.92752056666559
-64.92536437346047
-64.92319882673482
-64.92102393152304
-64.91883969177235
-64.91664611049869
-64.914443189926
-64.91223093160583
-64.91000933651749
-64.90777840515061
-64.90553813757234
-64.90328853348157
-64.9010295922527
-64.89876131297034
-64.89648369445732
-64.89419673529683
-64.89190043385007
-64.88959478827029
-64.88727979651398
-64.88495545634977
-64.88262176536549
-64.88027872097383
-64.87792632041695
-64.87556456076993
-64.87319343894386
-64.87081295168808
-64.86842309559215
-64.86602386708735
-64.86361526244801
-64.86119727779248
-64.85876990908412
-64.8563331521319
-64.85388700259108
-64.85143145596372
-64.84896650759916
-64.84649215269432
-64.84400838629413
-64.8415152032918
-64.83901259842902
-64.83650056629627
-64.83397910133299
-64.83144819782777
-64.82890784991854
-64.82635805159266
-64.82379879668714
-64.82123007888869
-64.81865189173386
-64.81606422860914
-64.81346708275102
-64.81086044724611
-64.80824431503117
-64.80561867889318
-64.80298353146937
-64.80033886524728
-64.79768467256477
-64.79502094561005
-64.79234767642167
-64.78966485688858
-64.78697247875003
-64.78427053359563
-64.78155901286532
-64.77883790784927
-64.77610720968794
-64.77336690937194
-64.77061699774205
-64.76785746548912
-64.76508830315396
-64.76230950112735
-64.75952104964985
-64.75672293881179
-64.75391515855311
-64.7510976986633
-64.74827054878124
-64.74543369839503
-64.74258713684199
-64.7397308533084
-64.73686483682937
-64.73398907628874
-64.73110356041883
-64.72820827780035
-64.72530321686217
-64.72238836588114
-64.7194637129819
-64.71652924613672
-64.71358495316518
-64.71063082173409
-64.70766683935713
-64.70469299339474
-64.70170927105383
-64.69871565938749
-64.69571214529482
-64.6926987155206
-64.68967535665509
-64.68664205513366
-64.68359879723658
-64.68054556908875
-64.67748235665933
-64.67440914576147
-64.67132592205203
-64.66823267103122
-64.66512937804225
-64.6620160282711
-64.65889260674605
-64.65575909833746
-64.6526154877573
-64.64946175955887
-64.64629789813641
-64.64312388772468
-64.63993971239867
-64.63674535607312
-64.63354080250214
-64.63032603527887
-64.62710103783499
-64.62386579344034
-64.62062028520252
-64.61736449606636
-64.6140984088136
-64.61082200606239
-64.6075352702668
-64.60423818371638
-64.60093072853576
-64.59761288668409
-64.59428463995457
-64.59094596997397
-64.58759685820218
-64.58423728593161
-64.58086723428673
-64.5774866842236
-64.57409561652923
-64.57069401182116
-64.56728185054682
-64.56385911298305
-64.5604257792355
-64.55698182923813
-64.55352724275255
-64.55006199936751
-64.54658607849828
-64.54309945938607
-64.53960212109743
-64.53609404252364
-64.53257520238007
-64.52904557920562
-64.52550515136198
-64.52195389703311
-64.51839179422456
-64.51481882076271
-64.51123495429428
-64.50764017228553
-64.50403445202166
-64.50041777060603
-64.49679010495962
-64.49315143182015
-64.48950172774151
-64.48584096909298
-64.48216913205852
-64.47848619263603
-64.4747921266366
-64.47108690968382
-64.46737051721294
-64.46364292447015
-64.4599041065118
-64.45615403820364
-64.45239269421997
-64.44862004904292
-64.44483607696158
-64.44104075207122
-64.43723404827247
-64.43341593927045
-64.42958639857396
-64.42574539949466
-64.42189291514613
-64.4180289184431
-64.4141533821005
-64.4102662786326
-64.40636758035217
-64.40245725936948
-64.39853528759149
-64.39460163672084
-64.39065627825501
-64.3866991834853
-64.38273032349598
-64.37874966916321
-64.3747571911542
-64.37075285992618
-64.3667366457254
-64.36270851858615
-64.35866844832978
-64.3546164045637
-64.3505523566803
-64.34647627385597
-64.34238812505004
-64.33828787900374
-64.33417550423916
-64.3300509690581
-64.32591424154113
-64.32176528954633
-64.31760408070836
-64.31343058243723
-64.30924476191723
-64.30504658610579
-64.30083602173237
-64.29661303529723
-64.29237759307038
-64.28812966109034
-64.28386920516293
-64.27959619086016
-64.27531058351897
-64.27101234824003
-64.26670144988653
-64.26237785308288
-64.25804152221359
-64.25369242142187
-64.24933051460847
-64.24495576543032
-64.2405681372993
-64.23616759338088
-64.23175409659288
-64.22732760960406
-64.22288809483283
-64.2184355144459
-64.21396983035689
-64.209491004225
-64.20499899745357
-64.20049377118873
-64.19597528631797
-64.19144350346872
-64.18689838300689
-64.18233988503546
-64.17776796939302
-64.17318259565224
-64.16858372311845
-64.16397131082813
-64.15934531754738
-64.15470570177035
-64.15005242171785
-64.14538543533558
-64.1407047002928
-64.13601017398057
-64.13130181351022
-64.12657957571179
-64.12184341713233
-64.11709329403433
-64.11232916239405
-64.10755097789983
-64.10275869595046
-64.09795227165345
-64.09313165982338
-64.08829681498011
-64.08344769134708
-64.07858424284954
-64.07370642311288
-64.06881418546068
-64.06390748291305
-64.0589862681848
-64.05405049368355
-64.04910011150794
-64.04413507344577
-64.03915533097214
-64.03416083524748
-64.02915153711574
-64.02412738710244
-64.01908833541269
-64.0140343319293
-64.00896532621073
-64.00388126748918
-63.99878210466853
-63.99366775688041
-63.988537602058344
-63.983389383056824
-63.97822257857595
-63.973036965946655
-63.96783239256811
-63.96260873105669
-63.957365866553864
-63.95210369146286
-63.94682210266984
-63.94152099178959
-63.93620019730012
-63.9308596112846
-63.92549913440112
-63.92011866931011
-63.91471811926037
-63.909297387525505
-63.903856377089255
-63.89839499045575
-63.89291312953433
-63.88741069556961
-63.8818875890987
-63.87634370992436
-63.87077895709757
-63.865193228905255
-63.85958642286108
-63.85395843569771
-63.84830916335993
-63.842638500998014
-63.83694634296127
-63.831232582791486
-63.82549711321633
-63.81973982614255
-63.81396061264908
-63.80815936298001
-63.802335966537356
-63.7964903118738
-63.7906222866852
-63.784731777803074
-63.77881867118691
-63.77288285191639
-63.76692420418352
-63.7609426112846
-63.75493795561219
-63.74891011864692
-63.74285898094914
-63.7367844221506
-63.73068632094595
-63.724564555084136
-63.71841900135973
-63.71224953560414
-63.70605603267673
-63.69983836645583
-63.693596409829645
-63.68733003468706
-63.681039111908326
-63.67472351135568
-63.66838310186379
-63.66201775123018
-63.65562732620545
-63.649211692483455
-63.64277071469132
-63.636304256379404
-63.629812180011065
-63.62329434695238
-63.616750617461676
-63.61018085067905
-63.603584904615616
-63.596962636142756
-63.59031390098119
-63.583638553689894
-63.57693644765499
-63.57020743507834
-63.56345136696617
-63.55666809311748
-63.54985746211231
-63.54301932129987
-63.53615351678662
-63.52925989342403
-63.522338294796405
-63.51538856320836
-63.508410539672326
-63.50140406389577
-63.49436897426835
-63.48730510784887
-63.4802123003521
-63.473090386135425
-63.46593919818534
-63.45875856810377
-63.45154832609426
-63.44430830094795
-63.437038320029416
-63.42973820926232
-63.42240779311487
-63.41504689458518
-63.407655335186334
-63.40023293493135
-63.392779512317965
-63.385294884313154
-63.37777886633754
-63.3702312722496
-63.36265191432959
-63.35504060326342
-63.34739714812619
-63.3397213563656
-63.332013033785124
-63.324271984526995
-63.31649801105495
-63.30869091413677
-63.30085049282661
-63.29297654444713
-63.2850688645713
-63.27712724700412
-63.26915148376399
-63.261141365063914
-63.25309667929242
-63.245017212994284
-63.23690275085096
-63.228753075660784
-63.22056796831894
-63.212347207797144
-63.20409057112307
-63.19579783335952
-63.18746876758332
-63.179103144863966
-63.170700734241926
-63.162261302706774
-63.15378461517491
-63.14527043446708
-63.1367185212856
-63.128128634191214
-63.11950052957971
-63.11083396165824
-63.10212868242125
-63.09338444162619
-63.08460098676882
-63.07577806305825
-63.06691541339162
-63.05801277832843
-63.04906989606458
-63.040086502406005
-63.03106233074199
-63.02199711201811
-63.01289057470886
-63.00374244478981
-62.994548744651354
-62.98530602110439
-62.976013179108676
-62.96666965406156
-62.95727493780298
-62.94782855032893
-62.93833002676543
-62.92877891039041
-62.919174748468734
-62.909516942171074
-62.899804992791736
-62.89003843673245
-62.88021681454496
-62.87033966542438
-62.86040652544077
-62.85041692661133
-62.84037039632679
-62.83026645697965
-62.82010462571418
-62.80988441424904
-62.79960532874246
-62.78926686968157
-62.77886853178508
-62.76840980391274
-62.75789016897782
-62.747309103860495
-62.73666607932077
-62.72596055991039
-62.715192003883224
-62.70435986310396
-62.69346358295504
-62.682502602241726
-62.671476353095265
-62.66038426087418
-62.649225744063656
-62.63800021417291
-62.626707075630705
-62.61534572567884
-62.60391555426364
-62.59241594392539
-62.580846269685786
-62.56920589893321
-62.557494191305885
-62.54571049857287
-62.53385416451284
-62.52192452479058
-62.50992090683118
-62.497842629691895
-62.48568900393158
-62.47345933147765
-62.46115290549054
-62.44876901022567
-62.43630692089263
-62.4237659035119
-62.41114521476864
-62.398444101863795
-62.385661802362314
-62.37279754403845
-62.35985054471804
-62.3468200121178
-62.333705143681414
-62.32050512641246
-62.307219136704155
-62.29384634016558
-62.28038589144465
-62.26683693404752
-62.25319860015439
-62.23947001043172
-62.22565027384062
-62.21173848744152
-62.19773373619477
-62.18363509275737
-62.1694416172755
-62.155152357172916
-62.14076634693497
-62.12628260788831
-62.11170014797598
-62.097017961528024
-62.08223502902722
-62.067350316870105
-62.05236277712295
-62.037271347272736
-62.02207494997287
-62.006768470060656
-61.991341790965734
-61.97579124564492
-61.96011458829617
-61.94431015770762
-61.92837626384978
-61.91231121943462
-61.896113334529964
-61.879780819153375
-61.8633116523314
-61.846704044954244
-61.82995622427959
-61.813066401625875
-61.79603276474378
-61.77885347432118
-61.761526661724254
-61.744050427359845
-61.726422839402616
-61.70864193273673
-61.690705708018626
-61.672612130803486
-61.65435913070016
-61.63594460053336
-61.61736639550027
-61.59862233231371
-61.57971018832696
-61.560627700637234
-61.54137256516556
-61.521942435711736
-61.50233492298295
-61.48254759359514
-61.462577969046116
-61.44242352465944
-61.422081688498245
-61.401549840247846
-61.380825310066264
-61.35990537740161
-61.33878726977516
-61.317468161529106
-61.295945172537664
-61.27421536688043
-61.252275751476674
-61.23012327467912
-61.20775482482604
-61.18516722874999
-61.162357250241854
-61.13932158846851
-61.116056876342576
-61.09255967884245
-61.06882649128095
-61.044853737520704
-61.02063436445911
-60.99614377538702
-60.9713729133532
-60.94631444455774
-60.92096322799059
-60.89531386328646
-60.86936085835015
-60.84309863370744
-60.81652092652098
-60.78962161191805
-60.762394697092475
-60.73483409944043
-60.706933606505736
-60.67868686144689
-60.6500873534404
-60.621128409818695
-60.59180318907625
-60.56210467431425
-60.53202566686012
-60.50155877989441
-60.470696431978006
-60.43943084041006
-60.40775401436973
-60.37565774780837
-60.34313361206651
-60.310172948194335
-60.276766858956556
-60.242906200503526
-60.208581573690566
-60.173783315027194
-60.1385014872372
-60.10272586940967
-60.066445946720066
-60.0296421299443
-59.992266790054494
-59.95429831919675
-59.91571783248342
-59.8765101772607
-59.83665938636389
-59.7961490044407
-59.754961494341494
-59.71307823310576
-59.670480943638765
-59.627150886729986
-59.58306871496263
-59.53821441529017
-59.49256726562215
-59.44610579460705
-59.398807742114386
-59.35065001925994
-59.301608667230006
-59.2516588143802
-59.200774631217655
-59.14892928295389
-59.096094879357935
-59.04223046137194
-58.98723920232102
-58.9310698385404
-58.87367513560874
-58.815013760154656
-58.75504183716979
-58.69371350724075
-58.63097829101947
-58.56678493204623
-58.50108058393037
-58.4338099898932
-58.36491520340572
-58.2943353759572
-58.222006547924686
-58.14786143102282
-58.07182917789026
-57.993719856774916
-57.91340941808092
-57.83078173430809
-57.74573247545854
-57.65814943376277
-57.56791336752201
-57.4748917560318
-57.37894823617375
-57.27993829980499
-57.17770784772849
-57.072078928922295
-56.962680566043346
-56.84925413031371
-56.731542012003885
-56.60928827238028
-56.482213515483416
-56.35000954800689
-56.21234004135207
-56.068794179351016
-55.91869626747536
-55.761492228977104
-55.596615914599866
-55.423467260668176
-55.24137745476867
-55.049457486958865
-54.84647771993346
-54.63128305049536
-54.402658861166216
-54.15924362548294
-53.89892386807457
-53.61947846033792
-53.31849051293979
-52.992906668024915
-52.63875094752179
-52.25151755300246
-51.82530403481237
-51.35289972711946
-50.82485180160432
-50.22915144934449
-49.54938886027683
-48.763798189578075
-47.84224931374314
-46.741979107045715
-45.401374831202716
-43.73024499733445
-41.59685638748646
-38.81644966382205
-35.15530769350502
-30.400536086870193
-24.526848804776865
-17.837336836764344
-10.853057493753681
-4.0487464486227065
2.2272365616780245
7.7831824764127076
12.589827334692295
16.703553231746085
20.206395201794674
23.180194444082623
25.69820956468211
27.823178247134024
29.60769408102531
31.09531951895254
32.32188237759392
33.31666439288983
34.10349847196443
34.70169732333952
35.12686004483465
35.39156928231901
35.50598591449281
35.47836518960707
35.31550199055105
35.02312301901632
34.606222383262256
34.069350742182536
33.41686913955998
32.653140876045356
31.7827053305575
30.810397128894184
29.741431145830127
28.581452204118612
27.336551157420352
26.013250485418315
24.61845549066792
23.159377787311122
21.643489671624753
20.078378990341488
18.47169543484049
16.830986374718492
15.16366853445729
13.476869069173699
11.777352323907884
10.071494775069752
8.365166970418743
6.663657777887262
4.971759330353974
3.2936917336758817
1.632978638798828
-0.007355638419476396
-1.6247875662738593
-3.2175511573661524
-4.784181118388787
-6.323728444112003
-7.8358535434005745
-9.320296010569706
-10.777577978321641
-12.208044031358389
-13.61282640849134
-14.992918978166525
-16.349551485502836
-17.684556024749924
-18.99921517647612
-20.295305521546027
-21.574953033155406
-22.83980768812141
-24.091477551663104
-25.331980967472806
-26.563286541933646
-27.786683013591112
-29.00342277341556
-30.214513499019084
-31.42119079527712
-32.623913094372995
-33.822677799616486
-35.01713070995206
-36.206645967647894
-37.39048916528113
-38.56755647986116
-39.736304332582925
-40.89489238690554
-42.041231198799615
-43.173029455195746
-44.287851410853655
-45.382958551265894
-46.45551684263193
-47.50273048302859
-48.52196429721968
-49.51085639586267
-50.46741149153506
-51.39006091851504
-52.27770136662669
-53.12969805022975
-53.94585407377817
-54.726357937348546
-55.4717265036005
-56.182764027508355
-56.86043461125792
-57.505842650609644
-58.12024762947139
-58.704951993853065
-59.26125761947033
-59.790535967596746
-60.29407462225986
-60.77319645794315
-61.22914210502729
-61.663147827097404
-62.0763582748336
-62.46990992275405
-62.84484465478077
-63.20218077205463
-63.54287825386444
-63.867828422887484
-64.17789463282791
-64.47388387900207
-64.75654616434379
-65.02660304149596
-65.28473442462608
-65.53156534364149
-65.76769387234111
-65.99368611820303
-66.21007466884086
-66.4173514721416
-66.61598427911609
-66.80641661267823
-66.9890662756043
-67.16432650844631
-67.33256157246926
-67.4941179493289
-67.6493244074381
-67.79849116120022
-67.94191074319755
-68.07985906739312
-68.21259413253556
-68.34035881431663
-68.4633851308432
-68.58189267165082
-68.69608905628982
-68.80617061410597
-68.91232306322436
-69.01472215454689
-69.11353388924768
-69.20891308544671
-69.30100884471015
-69.38996285518854
-69.47590955574987
-69.55897651106062
-69.63928480048513
-69.71694939036674
-69.79207948503814
-69.86477885647004
-69.93514615345283
-70.00327519145353
-70.06925478221066
-70.13316845796601
-70.19509695017618
-70.25511734117482
-70.31330311730713
-70.36972433639168
-70.42444780515193
-70.47753725045835
-70.5290534817594
-70.57905454446146
-70.62759586454071
-70.67473038481207
-70.7205086933179
-70.76497914430124
-70.80818797221379
-70.85017939918828
-70.89099573638106
-70.93067747956675
-70.96926339934247
-71.00679062627631
-71.04329387972871
-71.07880705392554
-71.11336280888904
-71.1469924977737
-71.17972620261264
-71.21159278878532
-71.242619960384
-71.27283431365821
-71.30226138804237
-71.33092571470976
-71.35885086270753
-71.3860594827661
-71.41257334889015
-71.4384133978425
-71.4635997666315
-71.48815182810937
-71.51208822478398
-71.53542690094231
-71.55818513317799
-71.5803795594104
-71.60202620647804
-71.6231405163836
-71.64373737126411
-71.66383111715497
-71.68343558661267
-71.70256412025735
-71.72122958729243
-71.73944440505566
-71.75722055765253
-71.77456961371975
-71.79150274336455
-71.80803073432205
-71.8241640073711
-71.83991263104662
-71.855286335684
-71.87029452682955
-71.88494629804897
-71.89925044316368
-71.91321546794377
-71.92684960128437
-71.9401608058909
-71.95315678849708
-71.96584500963883
-71.97823244605507
-71.99032598583491
-72.00213238723194
-72.01365821337534
-72.0249098245814
-72.03589339719757
-72.0466149138507
-72.05708017705075
-72.06729481587911
-72.07726429094299
-72.08699390021373
-72.09648878478511
-72.10575393443304
-72.11479419296504
-72.1236142633632
-72.13221871272647
-72.14061197701922
-72.14879836563331
-72.15678206577117
-72.16456714665703
-72.17215756358372
-72.17955716180178
-72.1867696802576
-72.19379875518712
-72.20064792357108
-72.20732062645787
-72.21382021215933
-72.22014993932517
-72.2263129799009
-72.23231242197429
-72.23815127251491
-72.2438324600113
-72.24935883700996
-72.2547331825602
-72.25995820456886
-72.26503654206833
-72.26997076740177
-72.27476338832854
-72.27941685005324
-72.28393353718158
-72.28831577560571
-72.292565834322
-72.29668592718414
-72.30067821459369
-72.30454480513096
-72.30828775712843
-72.31190908018883
-72.31541073665028
-72.31879464300036
-72.3220626712412
-72.32521665020744
-72.32825836683884
-72.33118956740937
-72.33401195871431
-72.33672720921717
-72.33933695015762
-72.34184277662226
-72.34424624857941
-72.3465488918793
-72.34875219922097
-72.35085763108722
-72.35286661664853
-72.3547805546374
-72.356600814194
-72.35832873568424
-72.35996563149129
-72.36151278678147
-72.36297146024548
-72.3643428848158
-72.36562826836125
-72.36682879435932
-72.36794562254735
-72.3689798895529
-72.3699327095046
-72.37080517462357
-72.3715983557966
-72.37231330313148
-72.37295104649499
-72.37351259603456
-72.37399894268376
-72.37441105865229
-72.37474989790121
-72.37501639660368
-72.37521147359172
-72.37533603078964
-72.37539095363444
-72.37537711148364
-72.37529535801106
-72.37514653159083
-72.37493145567011
-72.37465093913083
-72.37430577664098
-72.37389674899546
-72.37342462344729
-72.3728901540291
-72.37229408186535
-72.3716371354758
-72.37092003107013
-72.37014347283429
-72.36930815320869
-72.36841475315869
-72.36746394243731
-72.36645637984076
-72.36539271345679
-72.36427358090617
-72.36309960957753
-72.36187141685575
-72.36058961034404
-72.35925478808007
-72.35786753874616
-72.35642844187386
-72.35493806804296
-72.35339697907516
-72.35180572822271
-72.35016486035188
-72.34847491212166
-72.34673641215772
-72.34494988122188
-72.34311583237704
-72.34123477114791
-72.33930719567758
-72.33733359687997
-72.33531445858848
-72.33325025770077
-72.33114146431983
-72.32898854189156
-72.32679194733888
-72.32455213119226
-72.32226953771736
-72.31994460503913
-72.31757776526302
-72.31516944459322
-72.31272006344783
-72.31023003657137
-72.30769977314452
-72.30512967689108
-72.3025201461825
-72.2998715741398
-72.29718434873308
-72.2944588528786
-72.2916954645337
-72.28889455678929
-72.28605649796026
-72.2831816516738
-72.28027037695558
-72.27732302831402
-72.27433995582241
-72.2713215051995
-72.26826801788778
-72.26517983113038
-72.26205727804604
-72.2589006877023
-72.25571038518719
-72.25248669167927
-72.24922992451604
-72.24594039726095
-72.24261841976876
-72.2392642982496
-72.2358783353315
-72.23246083012175
-72.22901207826668
-72.22553237201025
-72.22202200025146
-72.21848124860037
-72.21491039943304
-72.21130973194524
-72.20767952220497
-72.20402004320407
-72.20033156490844
-72.19661435430747
-72.19286867546235
-72.1890947895533
-72.1852929549259
-72.1814634271365
-72.17760645899659
-72.17372230061633
-72.16981119944725
-72.1658734003239
-72.16190914550491
-72.15791867471297
-72.15390222517424
-72.14986003165677
-72.14579232650834
-72.1416993396934
-72.13758129882937
-72.13343842922224
-72.12927095390137
-72.12507909365374
-72.12086306705746
-72.11662309051465
-72.11235937828371
-72.10807214251092
-72.10376159326152
-72.09942793855012
-72.09507138437056
-72.09069213472523
-72.08629039165382
-72.08186635526155
-72.07742022374686
-72.07295219342856
-72.06846245877254
-72.06395121241795
-72.0594186452029
-72.05486494618971
-72.05029030268967
-72.04569490028742
-72.04107892286476
-72.03644255262418
-72.03178597011191
-72.02710935424051
-72.02241288231109
-72.01769673003523
-72.01296107155633
-72.00820607947077
-72.00343192484857
-71.99863877725377
-71.99382680287133
-71.98899616440033
-71.98414702955222
-71.97927955968244
-71.97439391650515
-71.9694902611672
-71.9645687535202
-71.95962955205215
-71.9546728138975
-71.94969869485801
-71.9447073494634
-71.93969893096727
-71.93467346169028
-71.92963093659988
-71.92457147039077
-71.91949519827318
-71.91440225978869
-71.90929279545546
-71.90416694575138
-71.89902485067577
-71.89386664951904
-71.88869248073063
-71.88350248184057
-71.87829678941289
-71.87307553901849
-71.86783886522042
-71.86258690156724
-71.85731978059175
-71.85203763381327
-71.84674059174242
-71.84142878388766
-71.83610233876296
-71.83076138389629
-71.8254060458388
-71.82003645017434
-71.81465272152917
-71.80925498358191
-71.80384335907367
-71.79841796981799
-71.79297893671101
-71.78752637974146
-71.78206041800065
-71.7765811696923
-71.77108875214243
-71.76558328180899
-71.76006487429147
-71.75453364434041
-71.74898970586666
-71.74343317195071
-71.73786415485176
-71.73228276601671
-71.72668911608902
-71.72108331491746
-71.71546547156478
-71.70983569431611
-71.70419409068744
-71.69854076743383
-71.6928758305576
-71.68719938531632
-71.68151153623079
-71.67581238709279
-71.67010204097282
-71.66438060022769
-71.65864816650799
-71.65290484076549
-71.64715072326041
-71.64138591356864
-71.63561051058873
-71.62982461254899
-71.62402831701426
-71.6182217208928
-71.61240492044294
-71.60657801127965
-71.60074108838117
-71.59489424609531
-71.58903757814588
-71.5831711776389
-71.57729513706883
-71.57140954832455
-71.56551450269549
-71.55961009087747
-71.55369640297859
-71.54777352852497
-71.54184155646648
-71.53590057518232
-71.5299506724866
-71.52399193563379
-71.5180244513241
-71.51204830570884
-71.50606358439569
-71.50007037245385
-71.49406875441919
-71.48805881429928
-71.48204063557843
-71.47601430122255
-71.46997989368408
-71.46393749490677
-71.4578871863304
-71.45182904889545
-71.44576316304776
-71.4396896087431
-71.4336084654516
-71.4275198121623
-71.42142372738743
-71.41532028916684
-71.40920957507223
-71.40309166221137
-71.39696662723233
-71.39083454632758
-71.38469549523802
-71.37854954925704
-71.37239678323449
-71.36623727158063
-71.36007108826992
-71.35389830684495
-71.34771900042018
-71.34153324168562
-71.33534110291063
-71.32914265594745
-71.3229379722349
-71.31672712280186
-71.31051017827085
-71.30428720886145
-71.29805828439375
-71.29182347429173
-71.28558284758667
-71.27933647292033
-71.27308441854838
-71.26682675234349
-71.26056354179863
-71.25429485403014
-71.24802075578091
-71.24174131342345
-71.23545659296289
-71.22916666004006
-71.22287157993445
-71.21657141756707
-71.21026623750346
-71.20395610395653
-71.19764108078938
-71.19132123151813
-71.18499661931466
-71.17866730700939
-71.172333357094
-71.16599483172406
-71.15965179272175
-71.1533043015784
-71.14695241945714
-71.14059620719544
-71.13423572530768
-71.12787103398756
-71.12150219311069
-71.11512926223693
-71.10875230061293
-71.10237136717441
-71.0959865205486
-71.08959781905656
-71.08320532071546
-71.07680908324095
-71.07040916404934
-71.06400562025988
-71.05759850869698
-71.0511878858924
-71.0447738080874
-71.03835633123488
-71.0319355110015
-71.02551140276985
-71.01908406164037
-71.01265354243357
-71.00621989969194
-70.99978318768203
-70.99334345988287
-70.98690075548257
-70.98045513488465
-70.97400665349942
-70.96755536211282
-70.961101308571
-70.95464454501526
-70.94818512396967
-70.94172309788365
-70.93525837730468
-70.92879057558638
-70.92231965363527
-70.91584563280965
-70.90936854888315
-70.90288844283566
-70.89640535817956
-70.88991933983348
-70.88343043352735
-70.8769386854517
-70.87044414203869
-70.86394684982038
-70.85744685533446
-70.85094420506019
-70.84443894537387
-70.83793112251759
-70.83142078257684
-70.82490797146441
-70.81839273490873
-70.81187511844539
-70.80535516741107
-70.79883292693921
-70.79230844195702
-70.78578175718339
-70.7792529171277
-70.77272196608915
-70.76618894815654
-70.75965390720842
-70.75311688691349
-70.74657793073126
-70.74003708191277
-70.73349438350154
-70.72694987833454
-70.72040360904327
-70.71385561805491
-70.70730594759341
-70.70075463968074
-70.69420173613808
-70.68764727858705
-70.68109130845092
-70.67453386695584
-70.66797499513213
-70.66141473381545
-70.65485312364804
-70.64829020507995
-70.64172601837028
-70.63516060358833
-70.62859400061485
-70.62202624914323
-70.61545738868064
-70.60888745854925
-70.60231649788733
-70.59574454565048
-70.58917164061272
-70.58259782136766
-70.57602312632957
-70.56944759373457
-70.56287126164163
-70.55629416793379
-70.54971635031912
-70.5431378463319
-70.53655869333362
-70.52997892851404
-70.52339858889228
-70.51681771131783
-70.51023633247155
-70.50365448886673
-70.49707221685011
-70.49048955260285
-70.4839065321415
-70.47732319131907
-70.47073956582591
-70.46415569119073
-70.45757160278154
-70.45098733580664
-70.44440292531552
-70.43781840619977
-70.43123381319408
-70.42464918087711
-70.41806454367239
-70.41147993584926
-70.40489539152374
-70.39831094465943
-70.39172662906836
-70.38514247841192
-70.37855852620166
-70.37197480580019
-70.365391350422
-70.35880819313435
-70.35222536685805
-70.3456429043683
-70.33906083829558
-70.33247920112638
-70.325898025204
-70.31931734272946
-70.3127371857622
-70.30615758622088
-70.29957857588418
-70.2930001863916
-70.28642244924416
-70.27984539580522
-70.27326905730125
-70.26669346482251
-70.26011864932383
-70.25354464162538
-70.24697147241338
-70.24039917224079
-70.23382777152807
-70.2272573005639
-70.22068778950587
-70.2141192683812
-70.20755176708737
-70.20098531539291
-70.19441994293805
-70.18785567923538
-70.18129255367053
-70.17473059550287
-70.1681698338661
-70.16161029776904
-70.15505201609615
-70.14849501760825
-70.14193933094317
-70.13538498461635
-70.12883200702146
-70.12228042643112
-70.11573027099743
-70.10918156875263
-70.10263434760971
-70.096088635363
-70.08954445968884
-70.08300184814607
-70.07646082817672
-70.06992142710658
-70.06338367214575
-70.05684759038924
-70.05031320881757
-70.04378055429734
-70.03724965358175
-70.03072053331123
-70.02419322001393
-70.01766774010635
-70.01114411989384
-70.00462238557117
-69.99810256322303
-69.99158467195194
-69.98506872401964
-69.97855475390783
-69.97204279035141
-69.9655328607074
-69.95902498039726
-69.95251917185385
-69.94601546048636
-69.93951376587854
-69.93301338450526
-69.92651419452613
-69.92001617452814
-69.91351932682048
-69.90702366229588
-69.90052919611837
-69.8940359459338
-69.88754393093177
-69.88105317129451
-69.87456368785311
-69.86807550186492
-69.86158863486524
-69.85510310856597
-69.84861894478486
-69.84213616539526
-69.83565479228974
-69.82917484735331
-69.82269635244366
-69.81621932937625
-69.80974379991312
-69.80326978575435
-69.79679730853164
-69.7903263898034
-69.78385705105102
-69.77738931367611
-69.77092319899843
-69.76445872825431
-69.75799592259561
-69.75153480308894
-69.74507539071519
-69.73861770636918
-69.73216177085963
-69.72570760490909
-69.71925522915402
-69.71280466414501
-69.70635593034704
-69.69990904813967
-69.69346403781745
-69.68702091959017
-69.68057971358331
-69.6741404398384
-69.66770311831334
-69.66126776888291
-69.65483441133911
-69.64840306539158
-69.64197375066806
-69.63554648671472
-69.62912129299666
-69.6226981888983
-69.61627719372377
-69.60985832669738
-69.60344160696394
-69.59702705358931
-69.5906146855607
-69.58420452178707
-69.57779658109966
-69.57139088225226
-69.56498744392167
-69.5585862847081
-69.55218742313556
-69.54579087765225
-69.53939666663095
-69.53300480836943
-69.5266153210908
-69.52022822294391
-69.51384353200379
-69.50746126627189
-69.5010814436766
-69.49470408207355
-69.48832919924601
-69.48195681290521
-69.47558694069076
-69.46921960017102
-69.4628548088434
-69.4564925841348
-69.45013294340188
-69.4437759039315
-69.43742148294099
-69.43106969757858
-69.42472056492369
-69.41837410198731
-69.41203032571231
-69.4056892529738
-69.39935090057949
-69.39301528527
-69.38668242371917
-69.38035233253444
-69.37402502825717
-69.36770052736294
-69.36137884626191
-69.35506000129914
-69.34874400875484
-69.34243088484479
-69.33612064572064
-69.32981330747015
-69.32350888611757
-69.31720739762393
-69.31090885788738
-69.30461328274343
-69.2983206879653
-69.29203108926426
-69.2857445022898
-69.27946094263011
-69.27318042581223
-69.26690296730239
-69.26062858250634
-69.2543572867696
-69.24808909537776
-69.24182402355677
-69.23556208647322
-69.22930329923462
-69.22304767688968
-69.21679523442863
-69.21054598678344
-69.20429994882812
-69.19805713537902
-69.19181756119504
-69.18558124097797
-69.17934818937272
-69.1731184209676
-69.16689195029454
-69.16066879182945
-69.1544489599924
-69.14823246914787
-69.14201933360512
-69.13580956761831
-69.12960318538684
-69.12340020105557
-69.1172006287151
-69.11100448240194
-69.1048117760989
-69.0986225237352
-69.09243673918678
-69.08625443627656
-69.08007562877464
-69.07390033039853
-69.06772855481343
-69.06156031563248
-69.05539562641694
-69.04923450067643
-69.04307695186924
-69.03692299340246
-69.03077263863224
-69.02462590086408
-69.01848279335297
-69.01234332930368
-69.00620752187089
-69.00007538415957
-68.99394692922505
-68.98782213796794
-68.98170103760364
-68.97558364591616
-68.96946997841191
-68.96336004964056
-68.95725386140381
-68.95115141964841
-68.9450525973825
-68.93895645879634
-68.93286282533907
-68.92677164937979
-68.9206829143385
-68.91459661495182
-68.90851275163928
-68.9024313281604
-68.89635235038494
-68.89027582556987
-68.88420176190824
-68.87813016823706
-68.87206105384249
-68.86599442832666
-68.85993030151477
-68.85386868338875
-68.84780958403927
-68.8417530136304
-68.83569898237319
-68.82964750050584
-68.82359857827865
-68.81755222594239
-68.8115084537395
-68.80546727189724
-68.79942869062243
-68.79339272009739
-68.78735937047675
-68.78132865188516
-68.77530057441537
-68.7692751481268
-68.76325238304459
-68.75723228915876
-68.75121487642366
-68.74520015475754
-68.73918813404237
-68.73317882412357
-68.72717223481003
-68.72116837587402
-68.71516725705125
-68.70916888804096
-68.703173278506
-68.69718043807293
-68.69119037633222
-68.68520310283836
-68.67921862711007
-68.67323695863044
-68.66725810684713
-68.66128208117256
-68.6553088909841
-68.64933854562427
-68.64337105440092
-68.6374064265874
-68.63144467142288
-68.62548579811236
-68.61952981582705
-68.6135767337044
-68.60762656084847
-68.60167930632996
-68.5957349791865
-68.58979358842285
-68.58385514301104
-68.57791965189058
-68.5719871239687
-68.56605756812043
-68.56013099318893
-68.55420740798556
-68.5482868212901
-68.54236924185099
-68.53645467838544
-68.53054313957963
-68.52463463408894
-68.51872917053807
-68.51282675752122
-68.50692740360238
-68.5010311173153
-68.49513790716388
-68.4892477816222
-68.48336074913477
-68.47747681811666
-68.4715959969537
-68.46571829400263
-68.45984371759127
-68.45397227601872
-68.44810397755548
-68.44223883044364
-68.43637684289708
-68.43051802310156
-68.42466237921491
-68.41880991936725
-68.41296065166105
-68.4071145841714
-68.40127172494606
-68.39543208200567
-68.38959566334395
-68.38376247692779
-68.37793253069738
-68.37210583256648
-68.36628239042244
-68.36046221212645
-68.35464530551363
-68.34883167839322
-68.3430213385487
-68.33721429373793
-68.33141055169334
-68.32561012012202
-68.31981300670591
-68.31401921910194
-68.30822876494213
-68.30244165183376
-68.29665788735953
-68.29087747907766
-68.28510043452208
-68.27932676120247
-68.27355646660452
-68.26778955818999
-68.26202604339686
-68.25626592963945
-68.25050922430862
-68.24475593477177
-68.23900606837313
-68.23325963243374
-68.22751663425171
-68.22177708110226
-68.21604098023788
-68.21030833888845
-68.20457916426136
-68.19885346354167
-68.19313124389217
-68.18741251245355
-68.18169727634454
-68.17598554266198
-68.17027731848093
-68.16457261085488
-68.15887142681578
-68.15317377337418
-68.14747965751937
-68.14178908621946
-68.13610206642156
-68.1304186050518
-68.1247387090155
-68.11906238519732
-68.11338964046128
-68.10772048165093
-68.10205491558945
-68.09639294907977
-68.09073458890467
-68.08507984182683
-68.07942871458906
-68.0737812139143
-68.06813734650576
-68.06249711904705
-68.05686053820224
-68.05122761061598
-68.04559834291362
-68.03997274170128
-68.03435081356598
-68.02873256507571
-68.02311800277958
-68.01750713320783
-68.01189996287202
-68.00629649826509
-68.00069674586142
-67.995100712117
-67.98950836654483
-67.9839197270332
-67.97833480768249
-67.97275361849988
-67.96717616807715
-67.96160246434607
-67.95603250240697
-67.95046569557758
-67.94490122178198
-67.93933890976984
-67.93377870485563
-67.92822058192498
-67.92266452740986
-67.91711053378607
-67.91155859716106
-67.90600871597111
-67.90046089020383
-67.8949151209089
-67.88937140987929
-67.88382975943746
-67.87829017228893
-67.87275265141929
-67.86721720002078
-67.86168382143876
-67.8561525191322
-67.85062329664406
-67.84509615757905
-67.83957110558646
-67.83404814434715
-67.82852727756344
-67.82300850895128
-67.8174918422342
-67.81197728113858
-67.80646482938998
-67.80095449071027
-67.79544626881544
-67.78994016741386
-67.78443619020499
-67.77893434087828
-67.77343462311251
-67.76793704057509
-67.76244159692168
-67.75694829579584
-67.75145714082883
-67.74596813563943
-67.74048128383383
-67.7349965890056
-67.72951405473566
-67.72403368459226
-67.71855548213105
-67.71307945089511
-67.70760559441499
-67.7021339162088
-67.69666441978225
-67.69119710862883
-67.68573198622974
-67.68026905605414
-67.67480832155915
-67.66934978618997
-67.66389345337994
-67.65843932655072
-67.65298740911231
-67.64753770446322
-67.64209021599049
-67.63664494706983
-67.63120190106574
-67.62576108133158
-67.62032249120965
-67.61488613403135
-67.60945201311722
-67.60402013177705
-67.59859049331
-67.59316310100468
-67.58773795813923
-67.58231506798145
-67.57689443378887
-67.57147605880884
-67.56605994627866
-67.56064609942563
-67.55523452146714
-67.54982521561082
-67.54441818505458
-67.53901343298669
-67.53361096258593
-67.5282107770216
-67.52281287945371
-67.51741727303298
-67.51202396090093
-67.50663294619007
-67.50124423202385
-67.49585782151684
-67.49047371777476
-67.48509192389463
-67.4797124429648
-67.47433527806504
-67.46896043226664
-67.46358790863252
-67.45821771021723
-67.4528498400671
-67.44748430122033
-67.44212109670701
-67.43676022954926
-67.43140170276129
-67.42604551934946
-67.42069168231237
-67.41534019464096
-67.40999105931859
-67.40464427932105
-67.39929985761673
-67.39395779716664
-67.38861810092448
-67.38328077183677
-67.37794581284285
-67.37261322687506
-67.36728301685868
-67.3619551857121
-67.35662973634687
-67.35130667166779
-67.34598599457289
-67.34066770795366
-67.33535181469497
-67.33003831767525
-67.32472721976647
-67.3194185238343
-67.31411223273811
-67.30880834933106
-67.30350687646019
-67.29820781696647
-67.29291117368484
-67.28761694944434
-67.28232514706811
-67.27703576937351
-67.27174881917217
-67.26646429927003
-67.26118221246742
-67.25590256155915
-67.25062534933456
-67.24535057857753
-67.24007825206664
-67.23480837257515
-67.2295409428711
-67.22427596571738
-67.21901344387177
-67.21375338008701
-67.20849577711085
-67.20324063768614
-67.19798796455085
-67.19273776043815
-67.18749002807648
-67.1822447701896
-67.17700198949662
-67.17176168871208
-67.16652387054606
-67.16128853770412
-67.15605569288748
-67.15082533879297
-67.14559747811316
-67.1403721135364
-67.13514924774684
-67.12992888342451
-67.12471102324538
-67.11949566988142
-67.11428282600062
-67.10907249426708
-67.10386467734102
-67.09865937787889
-67.09345659853335
-67.0882563419534
-67.08305861078435
-67.07786340766795
-67.07267073524238
-67.06748059614235
-67.06229299299906
-67.05710792844037
-67.05192540509077
-67.04674542557143
-67.04156799250029
-67.03639310849208
-67.03122077615836
-67.02605099810758
-67.02088377694511
-67.01571911527333
-67.0105570156916
-67.0053974807964
-67.00024051318131
-66.99508611543705
-66.98993423866959
-66.98478490608727
-66.97963812882621
-66.97449391359059
-66.96935226549382
-66.96421318901366
-66.95907598474882
-66.95393966356734
-66.94880399850459
-66.94366891497768
-66.93853437567401
-66.93340035752772
-66.92826684488334
-66.92313382652486
-66.91800129407196
-66.91286924102413
-66.90773766216141
-66.90260655315606
-66.8974759103142
-66.89234573039978
-66.88721601051218
-66.88208674799913
-66.87695794039388
-66.87182958536901
-66.86670168070192
-66.86157422424895
-66.85644721392562
-66.85132064769144
-66.8461945235383
-66.8410688394814
-66.83594359355213
-66.83081878379272
-66.8256944082518
-66.82057046498119
-66.81544695203313
-66.81032386745835
-66.80520120930443
-66.80007897561447
-66.79495716442624
-66.7898357737713
-66.78471480167451
-66.77959424615351
-66.77447410521839
-66.7693543768714
-66.76423505910684
-66.75911614991077
-66.75399764726104
-66.74887954912712
-66.7437618534701
-66.73864455824264
-66.73352766138895
-66.7284111608448
-66.72329505453753
-66.71817934038607
-66.71306401630093
-66.70794908018424
-66.7028345299298
-66.69772036342309
-66.69260657854129
-66.68749317315337
-66.68238014512005
-66.6772674922939
-66.67215521251936
-66.66704330363274
-66.66193176346233
-66.6568205898284
-66.65170978054321
-66.64659933341112
-66.64148924622853
-66.63637951678405
-66.63127014285841
-66.62616112222459
-66.62105245264782
-66.6159441318856
-66.61083615768781
-66.60572852779666
-66.60062123994678
-66.59551429186524
-66.59040768127161
-66.585301405878
-66.58019546338903
-66.57508985150194
-66.56998456790664
-66.56487961028566
-66.55977497631426
-66.55467066366043
-66.54956666998497
-66.54446299294148
-66.5393596301764
-66.53425657932908
-66.52915383803177
-66.52405140390971
-66.5189492745811
-66.5138474476572
-66.5087459207423
-66.5036446914338
-66.49854375732228
-66.49344311599141
-66.4883427650181
-66.4832427019725
-66.47814292441801
-66.47304342991134
-66.46794421600254
-66.46284528023502
-66.45774662014558
-66.45264823326448
-66.44755011711543
-66.44245226921562
-66.43735468707582
-66.43225736820033
-66.42716031008702
-66.42206351022742
-66.41696696610673
-66.41187067520382
-66.40677463499125
-66.40167884293538
-66.39658329649635
-66.39148799312808
-66.38639293027835
-66.38129810538881
-66.37620351589501
-66.37110915922648
-66.36601503280664
-66.36092113405297
-66.35582746037693
-66.35073400918405
-66.34564077787395
-66.34054776384035
-66.3354549644711
-66.33036237714826
-66.32526999924805
-66.32017782814094
-66.31508586119165
-66.30999409575917
-66.30490252919681
-66.29981115885225
-66.2947199820675
-66.28962899617899
-66.28453819851755
-66.2794475864085
-66.2743571571716
-66.26926690812114
-66.26417683656592
-66.25908693980935
-66.25399721514938
-66.24890765987858
-66.2438182712842
-66.2387290466481
-66.23363998324689
-66.22855107835186
-66.22346232922906
-66.21837373313933
-66.21328528733828
-66.20819698907636
-66.20310883559887
-66.19802082414597
-66.19293295195277
-66.18784521624924
-66.18275761426035
-66.17767014320604
-66.17258280030123
-66.16749558275589
-66.16240848777504
-66.15732151255875
-66.15223465430223
-66.1471479101958
-66.14206127742492
-66.13697475317024
-66.1318883346076
-66.12680201890808
-66.12171580323798
-66.11662968475886
-66.11154366062765
-66.10645772799651
-66.101371884013
-66.09628612582003
-66.09120045055589
-66.08611485535427
-66.08102933734433
-66.07594389365067
-66.07085852139339
-66.06577321768806
-66.0606879796458
-66.05560280437331
-66.05051768897279
-66.04543263054211
-66.04034762617471
-66.0352626729597
-66.03017776798184
-66.0250929083216
-66.0200080910551
-66.01492331325427
-66.00983857198673
-66.0047538643159
-65.999669187301
-65.99458453326845
-65.98949983335585
-65.98441511579468
-65.97933038758548
-65.97424565070816
-65.96916025379322
-65.96407279531124
-65.95898297475526
-65.9538906856383
-65.9487958444016
-65.94369839128122
-65.93859829203042
-65.9334955207362
-65.92839005581634
-65.92328187837957
-65.91817097129783
-65.91305731862468
-65.90794090521811
-65.90282171649073
-65.89769973824129
-65.89257495653868
-65.88744735764075
-65.88231692793612
-65.87718365390195
-65.87204752207278
-65.86690851901709
-65.86176663131963
-65.85662184556789
-65.85147414834161
-65.84632352620466
-65.84116996569873
-65.83601345333832
-65.83085397560681
-65.82569151895336
-65.8205260697904
-65.81535761449169
-65.81018613939068
-65.80501163077923
-65.79983407490658
-65.79465345797848
-65.78946976615643
-65.78428298555713
-65.77909310225193
-65.77390010226645
-65.76870397158012
-65.76350469612592
-65.75830226179
-65.7530966544115
-65.74788785978215
-65.74267586364621
-65.73746065170012
-65.7322422095923
-65.72702052292298
-65.72179557724398
-65.71656735805851
-65.71133585082097
-65.70610104093679
-65.70086291376214
-65.6956214546039
-65.69037664871932
-65.68512848131594
-65.67987693755133
-65.67462200253293
-65.66936366131785
-65.66410189891268
-65.65883670027334
-65.65356805030483
-65.64829593386105
-65.64302033574464
-65.63774124070675
-65.63245863344684
-65.62717249861257
-65.62188282079944
-65.61658958455077
-65.61129277435735
-65.60599237465738
-65.60068836983612
-65.5953807442258
-65.59006948210539
-65.58475456770036
-65.57943598518251
-65.57411371866976
-65.56878775222592
-65.56345806986049
-65.55812465552847
-65.55278749313013
-65.54744656651079
-65.54210185946063
-65.53675335571445
-65.53140103895147
-65.5260448927951
-65.52068490081274
-65.51532104651554
-65.5099533133582
-65.50458168473872
-65.49920614399824
-65.49382667442069
-65.4884432592327
-65.48305588160329
-65.47766452464371
-65.47226917140712
-65.46686980488842
-65.46146640802404
-65.45605896369162
-65.45064745470987
-65.44523186383827
-65.43981217377689
-65.43438836716605
-65.42896042658623
-65.4235283345577
-65.41809207354034
-65.41265162593336
-65.40720697407512
-65.40175810024282
-65.39630498665227
-65.39084761545764
-65.38538596875127
-65.37992002856328
-65.37444977686145
-65.36897519555095
-65.36349626647399
-65.35801297140968
-65.35252529207368
-65.34703321011801
-65.34153670713074
-65.33603576463575
-65.33053036409248
-65.32502048689564
-65.31950611437493
-65.31398722779484
-65.30846380835429
-65.30293583718644
-65.29740329535836
-65.2918661638708
-65.28632442365787
-65.28077805558681
-65.27522704045768
-65.26967135900311
-65.26411099188797
-65.25854591970915
-65.25297612299522
-65.2474015822062
-65.24182227773319
-65.23623818989822
-65.23064929895378
-65.2250555850827
-65.21945702839773
-65.21385360894133
-65.20824530668534
-65.20263210153065
-65.197013973307
-65.19139090177254
-65.18576286661364
-65.18012984744456
-65.17449182380712
-65.16884877517039
-65.16320068093043
-65.15754752040992
-65.1518892728579
-65.14622591744943
-65.14055743328524
-65.13488379939152
-65.12920499471946
-65.12352099814507
-65.11783178846873
-65.11213734441498
-65.10643764463211
-65.10073266769189
-65.09502239208919
-65.0893067962417
-65.08358585848957
-65.0778595570951
-65.07212787024234
-65.06639077603685
-65.06064825250529
-65.05490027759511
-65.04914682917416
-65.04338788503046
-65.0376234228717
-65.03185342032502
-65.0260778549366
-65.02029670417132
-65.01450994541239
-65.00871755596103
-65.00291951303609
-64.99711579377369
-64.99130631959194
-64.98549103594014
-64.9796693135448
-64.97383892813481
-64.96799939139446
-64.96215051645314
-64.95629218865908
-64.95042432007509
-64.9445468363596
-64.93865961749505
-64.93276258519609
-64.92685567844977
-64.92093884106839
-64.9150120191376
-64.90907516004714
-64.9031282119455
-64.89717112339697
-64.89120384316007
-64.88522632004249
-64.87923850280485
-64.87324034009552
-64.86723178040553
-64.86121277203672
-64.8551832630785
-64.8491432013907
-64.84309253459033
-64.83703121004136
-64.83095917484648
-64.82487637584038
-64.81878275958404
-64.81267827236003
-64.80656286016828
-64.80043646872234
-64.79429904344599
-64.78815052947023
-64.78199087163037
-64.77582001446328
-64.76963790220479
-64.76344447878725
-64.757239687837
-64.75102347267203
-64.7447957762996
-64.73855654141393
-64.73230571039383
-64.72604322530046
-64.71976902787496
-64.71348305953616
-64.70718526137823
-64.7008755741684
-64.69455393834463
-64.68822029401314
-64.68187458094617
-64.67551673857957
-64.66914670601034
-64.66276442199424
-64.6563698249434
-64.64996285292378
-64.64354344365275
-64.6371115344966
-64.63066706246796
-64.62420996422335
-64.61774017606054
-64.611257633916
-64.60476227336231
-64.59825402960553
-64.59173283748254
-64.5851986314584
-64.5786513456236
-64.5720909136914
-64.56551726899507
-64.55893034448512
-64.55233007272656
-64.545716385896
-64.5390892157789
-64.53244849376668
-64.52579415085381
-64.51912611763495
-64.51244432430198
-64.50574870064105
-64.49903917602961
-64.49231567943337
-64.48557813940327
-64.47882648407243
-64.47206064115305
-64.46528053793328
-64.45848610127409
-64.4516772576061
-64.44485393292632
-64.43801605279504
-64.43116354233244
-64.42429632621538
-64.41741432867407
-64.4105174734887
-64.4036056839861
-64.39667888303629
-64.38973699304908
-64.3827799359706
-64.37580763327979
-64.36882000598487
-64.36181697461977
-64.35479845924057
-64.34776437942185
-64.340714654253
-64.33364920233464
-64.32656794177475
-64.31947079018502
-64.31235766467702
-64.30522848185838
-64.2980831578289
-64.2909216081767
-64.28374374797428
-64.27654949177455
-64.26933875360675
-64.26211144697255
-64.25486748484191
-64.24760677964892
-64.2403292432877
-64.23303478710822
-64.22572332191204
-64.21839475794803
-64.21104900490813
-64.20368597192295
-64.19630556755739
-64.18890769980624
-64.18149227608966
-64.17405920324875
-64.16660838754093
-64.15913973463539
-64.1516531496084
-64.14414853693873
-64.13662580050281
-64.12908484357006
-64.121525568798
-64.11394787822748
-64.10635167327771
-64.09873685474133
-64.09110332277942
-64.08345097691647
-64.07577971603527
-64.0680894383718
-64.06038004151
-64.0526514223766
-64.04490347723579
-64.03713610168388
-64.02934919064394
-64.02154263836037
-64.0137163383934
-64.0058701836135
-63.9980040661959
-63.990116917817716
-63.982204691645414
-63.97426652578913
-63.96630202520905
-63.95831090598458
-63.95029292463855
-63.94224785783072
-63.93417549384352
-63.92607558609302
-63.91794785556585
-63.909792091003
-63.90160809271544
-63.89339566393059
-63.885154608665616
-63.87688473077452
-63.868585833386106
-63.86025771855064
-63.851900187013804
-63.84351303806947
-63.83509606946108
-63.82664907731287
-63.818171856079395
-63.80966419850626
-63.801125895597814
-63.79255673658907
-63.78395650892024
-63.77532499821291
-63.76666198824714
-63.757967260939154
-63.74924059631933
-63.74048177251029
-63.73169056570501
-63.722866750144846
-63.71401009809744
-63.70512037983444
-63.696197363609016
-63.68724081563314
-63.67825050005462
-63.669226178933854
-63.660167612220356
-63.651074557728904
-63.64194677111544
-63.632784005852685
-63.62358601320536
-63.61435254220517
-63.60508333962537
-63.59577814995504
-63.586436715373026
-63.5770587757215
-63.56764406847913
-63.558192328734
-63.548703289155995
-63.53917667996896
-63.52961222892236
-63.52000966126264
-63.51036869970412
-63.50068906439951
-63.490970472910035
-63.48121264017511
-63.47141527848161
-63.46157809743269
-63.451700803916225
-63.441783102072705
-63.43182469326276
-63.42182527603421
-63.41178454608862
-63.40170219624739
-63.39157791641739
-63.38141139355606
-63.37120231163604
-63.36095035160929
-63.350655191370684
-63.34031650572108
-63.329933966329854
-63.319507241696925
-63.309035997114165
-63.29851989462631
-63.28795859299126
-63.277351747639834
-63.26669901063489
-63.25600003062987
-63.245254452826764
-63.234461918933405
-63.22362206712013
-63.212734531975876
-63.2017989444635
-63.19081493187456
-63.17978211778334
-63.1687001220002
-63.157568560524254
-63.1463870454953
-63.135155185145074
-63.123872583747705
-63.11253884156948
-63.101153554817806
-63.0897163155894
-63.07822671181773
-63.06668432721958
-63.05508874124089
-63.04343952900164
-63.031736261240034
-63.01997850425568
-63.00816581985201
-62.9962931256134
-62.98435515578044
-62.97235005246153
-62.96027695768891
-62.948135078226926
-62.93592365739689
-62.923641958129195
-62.911289253210846
-62.898864703003895
-62.886367450664096
-62.87379674580316
-62.861151850976704
-62.84843202706847
-62.83563652954643
-62.82276460670498
-62.80981549858176
-62.79678843623529
-62.78368264124031
-62.77049732531557
-62.757231690030714
-62.74388492655985
-62.73045621546155
-62.71694472647339
-62.703349618313666
-62.68967003848582
-62.675905123083005
-62.662053996591
-62.64811577168864
-62.634089549044965
-62.61997441711274
-62.60576945191803
-62.59147371684556
-62.57708626241982
-62.56260612608156
-62.54803233195977
-62.533363890638796
-62.518599798920626
-62.503739039582136
-62.4887805811272
-62.473723377533524
-62.45856636799407
-62.44330847665294
-62.427948612335584
-62.412485668273185
-62.39691852182103
-62.38124603417082
-62.365467050056694
-62.34958039745473
-62.333584887275954
-62.317479313052495
-62.301262450616846
-62.28493305777394
-62.268489873965976
-62.251931619929664
-62.23525699734586
-62.21846468848121
-62.20155335582177
-62.18452164169821
-62.16736816790254
-62.15009153529603
-62.13269032340815
-62.11516309002622
-62.09750837077561
-62.07972467869011
-62.061810503772385
-62.04376431254402
-62.0255845475851
-62.00726318296626
-61.988787911161644
-61.970153907063334
-61.951358128931034
-61.932398178862364
-61.91327161957739
-61.89397600866811
-61.874508890813345
-61.85486744067367
-61.83504896038525
-61.815050866738744
-61.79487056261181
-61.77450541479737
-61.75395274690754
-61.73320983530332
-61.71227390616066
-61.69114213315486
-61.669811635506335
-61.648279476231195
-61.62654266049906
-61.60459813403765
-61.58244278154664
-61.560073425097706
-61.537486822505954
-61.51467966566337
-61.49164857882779
-61.46839011686278
-61.44490076342485
-61.42117692909496
-61.397214949451694
-61.3730110830834
-61.348561509537
-61.32386232720083
-61.298909551118875
-61.27369911073395
-61.24822684755687
-61.22248851275889
-61.19647976468439
-61.170196166280654
-61.14363318244162
-61.1167861772621
-61.089650411198996
-61.062221038135796
-61.03449310234651
-61.00643979903299
-60.97804347965448
-60.94929343155697
-60.92018187884264
-60.89070149290254
-60.86084474632188
-60.83060396888936
-60.79997076762102
-60.7689366297833
-60.73749325160101
-60.70563218817505
-60.673344791696174
-60.6406221893924
-60.60745526864104
-60.573834664353114
-60.539750747405314
-60.50519361353672
-60.470153072351756
-60.43461863619736
-60.39857950876122
-60.36202457328736
-60.3249423803343
-60.287321135018985
-60.24914868369868
-60.21041250004862
-60.17109967049493
-60.1311968789629
-60.09069039089967
-60.049566036528944
-60.007768072202516
-59.965260124340986
-59.92201583090981
-59.87801403726004
-59.83323370201474
-59.78765297578694
-59.74124904289931
-59.693996823859806
-59.645871786785854
-59.59684871538384
-59.546901487162565
-59.496002985371696
-59.444125030763736
-59.39123831695696
-59.33731234580426
-59.282315361125995
-59.22621427971733
-59.16897461882163
-59.110560419426484
-59.05092815608734
-58.9899532171328
-58.927569987285956
-58.8637169970391
-58.798340061596534
-58.73138148696714
-58.66278071080642
-58.59247108109384
-58.520384549956745
-58.446450402699625
-58.3705943002464
-58.29273788524584
-58.21279845073179
-58.13068860231123
-58.04627605728808
-57.95934171434064
-57.86973640949314
-57.777318226138064
-57.68194742556681
-57.58347373244873
-57.4817336609914
-57.37655069632117
-57.267739361463924
-57.15510111711201
-57.0383323969849
-56.917025120853445
-56.79084707988032
-56.65947329318389
-56.52256124715186
-56.37973593085818
-56.230576643217134
-56.07457828568664
-55.9109088353146
-55.73887142736127
-55.557744198578256
-55.36675189437912
-55.1650230499949
-54.95116228699996
-54.72372901678738
-54.48121352106468
-54.221985531034804
-53.943685742092356
-53.643547256393184
-53.31855123260409
-52.96485814004025
-52.577526333966006
-52.15084675090064
-51.67685344421372
-51.146172782259555
-50.545549173934354
-49.8580030612206
-49.06025792675216
-48.119219901780845
-46.98767379688328
-45.59646438597206
-43.84171998508353
-41.56851825326316
-38.554455614082755
-34.518562649645055
-29.225111699113782
-22.713077895359856
-15.44203006154273
-8.046553599290874
-1.0155959461829926
5.327021920350812
10.841821978460048
15.547073812311865
19.527693975096838
22.88157512080762
25.699665099345
28.060618136299166
30.030401215021463
31.6634923123005
33.00447857480518
34.08962748678495
34.94829633559729
35.60416116940077
36.07624575644168
36.379802510600555
36.52705768258368
36.52784673371483
36.39015464632198
36.120584585213045
35.72475511214569
35.207640081551176
34.57386574857877
33.827936407226005
32.974440448859106
32.0181929460062
30.964342419555493
29.81843987865427
28.586465611506142
27.274831371063964
25.89034833734951
24.44015501781554
22.93164747839191
21.372399475287533
19.770029772208403
18.13213505672121
16.466164008311697
14.779303188804985
13.078440298179924
11.37004343357443
9.660063698657833
7.953989916947871
6.256746229032286
4.572612025185235
2.9053259180731885
1.2580881301639124
-0.366580161238244
-1.966659562180162
-3.5405443676690473
-5.087376318854519
-6.606403140455334
-8.097623471019626
-9.561084568702729
-10.997484905099974
-12.407380284683388
-13.79222515328837
-15.152873271480173
-16.491135121627416
-17.808596560763863
-19.10672909344221
-20.38764791048105
-21.653297312345703
-22.905494650298348
-24.14591824282873
-25.376844554077973
-26.600166654627508
-27.817279445436338
-29.02955849326149
-30.23810588934024
-31.444180679087292
-32.64836174308139
-33.850689978406656
-35.05085159282241
-36.2482286005812
-37.44205589559487
-38.6312108724043
-39.814056822508824
-40.98861744566107
-42.152612562342384
-43.303584685620265
-44.438743512512666
-45.55497421145121
-46.64904536131175
-47.71775751620224
-48.758086772333556
-49.76730732093192
-50.74311200600318
-51.68370961927438
-52.58785337616636
-53.454828794408414
-54.28442488929194
-55.07681830167835
-55.83257458644513
-56.552554279218604
-57.23785892153902
-57.88973868564584
-58.50948451317273
-59.09852099693467
-59.658287214689615
-60.190187552075734
-60.6956680201298
-61.17606562931345
-61.632747320505906
-62.06696440405279
-62.479968626756445
-62.87290954487912
-63.246908182791636
-63.603017545491646
-63.942222652536636
-64.26547256261378
-64.57364660282352
-64.86757420246714
-65.14804618608566
-65.41580069710618
-65.67152281047228
-65.9158680855717
-66.14945333678645
-66.3728521337041
-66.58660081778612
-66.791210102639
-66.98716059314891
-67.17598231307718
-67.35852597419034
-67.535265299106
-67.70651443179989
-67.8725180680843
-68.03348693697451
-68.18961208181864
-68.34106621434103
-68.48801571633416
-68.63061953923281
-68.76902935598889
-68.90339017072759
-69.03384085749839
-69.16051462956959
-69.28353863326538
-69.40303300358516
-69.51911561157749
-69.63190013368838
-69.74149596933121
-69.8480083767912
-69.95153863886661
-70.05218422884195
-70.15003898974572
-70.24519327448114
-70.3377340553122
-70.42774406519122
-70.51530277306532
-70.60048770834962
-70.68337369530377
-70.7640328416245
-70.84253462325917
-70.9189459857333
-70.99333144171939
-71.0657531712524
-71.13627112431706
-71.20494309496516
-71.27182480437686
-71.33696998375623
-71.4004304538618
-71.46225620134004
-71.52249545194594
-71.58119474073953
-71.63839835817708
-71.694149136358
-71.74848886490408
-71.80145797682356
-71.8530955426277
-71.90343931175765
-71.95252576034619
-72.0003901402931
-72.04706652548396
-72.09258786201843
-72.1369860047873
-72.1802917592843
-72.22253492153925
-72.26374431639545
-72.30394783422916
-72.34317246616487
-72.3814443378349
-72.4187887417357
-72.45523016823525
-72.49079233528711
-72.52549821690589
-72.55937007045777
-72.59242946281829
-72.62469729544716
-72.65619382842854
-72.68693870352243
-72.71695096627168
-72.74624908720642
-72.77485098218624
-72.8027740319185
-72.83003510077042
-72.85665055491327
-72.88263627947082
-72.90800769500542
-72.93277967257444
-72.95696643026963
-72.98058203686578
-73.00364019197889
-73.02615422993594
-73.04813710482141
-73.06960140897061
-73.09055938320053
-73.11102292683172
-73.13100360844192
-73.150512676423
-73.16956106921732
-73.18815942521287
-73.20631809229596
-73.22426387521934
-73.24209795973152
-73.25985176609882
-73.27752893965138
-73.29512288357957
-73.3126233836932
-73.33001913180794
-73.34729874135512
-73.36445118609275
-73.38146599996661
-73.3983333678277
-73.41504416129423
-73.43158994495155
-73.44796296579736
-73.46415613308734
-73.48016299277273
-73.4959776990717
-73.51159498474915
-73.52701013108913
-73.54221893817632
-73.55721769586917
-73.5720031556963
-73.58657250380988
-73.60092333506584
-73.6150536282582
-73.62896172250774
-73.64264629478714
-73.65610633855331
-73.66934114345096
-73.68235027604705
-73.69513356155417
-73.70769106650019
-73.7201667099429
-73.73261950455756
-73.74506213494463
-73.75748939110304
-73.76988991074137
-73.78225055255152
-73.79468967069967
-73.80724653679215
-73.8199178911795
-73.83268459517656
-73.8455226205975
-73.85840713742367
-73.87131402379484
-73.88422043157622
-73.89710499066521
-73.9099478637771
-73.92273073354734
-73.93543675673045
-73.94805050203404
-73.96055787993916
-73.97294606945374
-73.98520344458761
-73.99731950214698
-74.00928479179574
-74.02109084922634
-74.03273013177392
-74.04419595752127
-74.05548244758577
-74.06658447157254
-74.07749759604123
-74.08821803588313
-74.09874260848616
-74.10906869055844
-74.11919417747808
-74.12911744503847
-74.13883731346249
-74.14835301356416
-74.15766415494228
-74.16677069609574
-74.17567291635646
-74.18437138954093
-74.19286695922666
-74.20116071556515
-74.20925397354709
-74.21714825264057
-74.2248452577267
-74.23234686126142
-74.23965508659556
-74.24677209238908
-74.25370015805831
-74.26044167019859
-74.26699910992706
-74.27337504109371
-74.27957209931117
-74.28559298175593
-74.29144043769683
-74.29711725970833
-74.30262627552808
-74.30797034052131
-74.31315233071528
-74.31817513637006
-74.32310123373708
-74.3279560990317
-74.33274583300178
-74.33746945581449
-74.34212380374402
-74.34670526432222
-74.3512103697242
-74.3556359908286
-74.35997938899133
-74.36423821519557
-74.36841048933259
-74.37249457243801
-74.3764891372747
-74.38039313963289
-74.38420579137494
-74.38792653561113
-74.39155502407593
-74.39509109661942
-74.39853476265803
-74.40188618440372
-74.40514566168932
-74.40836235467671
-74.41155486926979
-74.41472603673503
-74.41787307542464
-74.42099159544485
-74.42407699584385
-74.42712492856256
-74.43013143974662
-74.43309299809339
-74.43600648269243
-74.43886915651576
-74.4416786356244
-74.44443285820566
-74.44713005515995
-74.44976872290539
-74.45234759857871
-74.45486563757736
-74.45732199328245
-74.45971599876127
-74.46204715024145
-74.46431509215907
-74.46651960360053
-74.46866058597799
-74.47073805179832
-74.47275211440406
-74.47470297858098
-74.47659093194181
-74.47841633700766
-74.4801796239193
-74.48188128371959
-74.48352186215551
-74.48510195395488
-74.4866221975381
-74.48808327012974
-74.4894858832388
-74.49083077847926
-74.49211872370614
-74.49335050944364
-74.49452694558505
-74.49564885834505
-74.49671708744705
-74.49773248352962
-74.49869590575689
-74.49960821961952
-74.50047029491309
-74.50128300388236
-74.50204721952004
-74.50276381400988
-74.50343365730446
-74.5040576158284
-74.50463655129879
-74.50517131965466
-74.50566277008825
-74.50611174417094
-74.50651907506737
-74.50688558683161
-74.50721209377954
-74.50749939993214
-74.50774829852456
-74.50795957157621
-74.50813398951739
-74.5082723108683
-74.50837528196661
-74.50844363673966
-74.5084780965181
-74.50847936988771
-74.50844815257616
-74.50838512737228
-74.50829096407472
-74.50816631946803
-74.50801183732352
-74.50782814842282
-74.5076158706022
-74.5073756088157
-74.50710795521552
-74.50681348924756
-74.5064927777613
-74.50614637513192
-74.50577482339386
-74.5053786523843
-74.50495837989554
-74.50455141415249
-74.5041721000145
-74.50382297960876
-74.50350240978663
-74.50320751944626
-74.50293522161155
-74.5026825407774
-74.50244670886227
-74.50222518290533
-74.50201563628774
-74.50181594158592
-74.50162415168946
-74.50143848168112
-74.50125729237378
-74.50107907573472
-74.50090244214317
-74.5007261093108
-74.50054889265768
-74.50036969693586
-74.5001875089103
-74.50000139092941
-74.4998104752426
-74.49961395894493
-74.49941109944939
-74.49920121040469
-74.49898365799156
-74.49875785754222
-74.49852327043816
-74.49827940124922
-74.49802579508366
-74.49776203512417
-74.49748774032925
-74.49720256328274
-74.49690618817704
-74.49659832891784
-74.49627872734025
-74.49594715152715
-74.49560339422237
-74.49524727133198
-74.49487862050763
-74.49449729980704
-74.49410318642653
-74.49369617550182
-74.49327617897285
-74.49284312450936
-74.49239695449384
-74.49193762505881
-74.49146510517573
-74.49097937579275
-74.49048042901894
-74.48996826735264
-74.48944290295161
-74.48890435694308
-74.48835265877162
-74.48778784558289
-74.48720996164157
-74.48661905213599
-74.48605265527344
-74.48552476662678
-74.48503740050057
-74.48458837228615
-74.4841742978006
-74.48379161284936
-74.48343689851315
-74.4831442054937
-74.48292411675848
-74.48277538004555
-74.48269254607976
-74.48266942261353
-74.48269988774034
-74.48277816823155
-74.48289891000272
-74.48305717600913
-74.48324842047941
-74.48346845689163
-74.48371342598256
-74.48397976603374
-74.48426418611317
-74.48456364231623
-74.48487531678988
-74.48519659923168
-74.48552507053881
-74.48585848830112
-74.4861947738652
-74.48653200073421
-74.48686838410381
-74.48720227136738
-74.4875321334525
-74.48785655687412
-74.48817423641042
-74.48848396832366
-74.48878464406184
-74.48907524438805
-74.4893548338933
-74.4896225558557
-74.48987762741481
-74.49011933503446
-74.49034703023143
-74.4905601255502
-74.4907580907665
-74.49094044930462
-74.49110677485471
-74.49125668817838
-74.49138985409098
-74.4915059786111
-74.49160480626766
-74.4916861175562
-74.49174972653651
-74.4917954785639
-74.49182324814744
-74.49183293692835
-74.49182447177252
-74.49179780297126
-74.49175290254459
-74.49168976264203
-74.49160839403562
-74.49150882470067
-74.49139109847951
-74.49125527382392
-74.49110142261239
-74.49092962903791
-74.49073998856292
-74.49053260693768
-74.4903075992787
-74.4900650892041
-74.48980520802277
-74.48952809397451
-74.48923389151813
-74.48892275066532
-74.4885948263574
-74.48825027788266
-74.48788926833221
-74.48751196409202
-74.48711853436907
-74.4867091507499
-74.4862839867895
-74.48584321762891
-74.48538701963989
-74.48491557009496
-74.48442904686158
-74.48392762811875
-74.48341149209497
-74.48288081682618
-74.48233577993236
-74.48177655841197
-74.48120332845286
-74.48061626525883
-74.48001554289074
-74.4794013341214
-74.47877381030328
-74.47813314124829
-74.47747949511887
-74.47681303832962
-74.47613393545883
-74.47544234916926
-74.47473844013753
-74.47402236699168
-74.4732942862561
-74.4725543523037
-74.47180271731433
-74.47103953123964
-74.47026494177331
-74.46947909432674
-74.46868213200953
-74.46787419561457
-74.46705542360728
-74.46622595211876
-74.46538591494262
-74.46453544353493
-74.4636746670175
-74.46280371218376
-74.46192270350735
-74.46103176315303
-74.46013101098981
-74.45922056460607
-74.4583005393264
-74.45737104823021
-74.45643220217177
-74.45548410980159
-74.454526877589
-74.45356060984592
-74.45258540875145
-74.45160137437738
-74.45060860471447
-74.44960719569947
-74.44859724124247
-74.447578833255
-74.44655206167837
-74.44551701451249
-74.44447377784479
-74.44342243587948
-74.44236307096696
-74.44129576363329
-74.4402205926097
-74.4391376348622
-74.43804696562104
-74.43694865841016
-74.43584278507656
-74.43472941581953
-74.43360861921964
-74.4324804622676
-74.43134501039293
-74.43020232749231
-74.42905247595772
-74.42789551670437
-74.42673150919818
-74.4255605114831
-74.42438258020803
-74.42319777065345
-74.42200613675766
-74.42080773114274
-74.41960260514013
-74.41839080881577
-74.41717239099499
-74.41594739928695
-74.41471588010874
-74.4134778787091
-74.41223343919168
-74.41098260453808
-74.40972541663032
-74.40846189870159
-74.40719209759555
-74.40591605448054
-74.40463380476287
-74.40334537895572
-74.40205081218481
-74.40075013944426
-74.39944339496644
-74.39813035514959
-74.39681063472577
-74.3954841982732
-74.39415107100933
-74.39281129132951
-74.39146490113892
-74.39011194311593
-74.3887524596543
-74.38738649237281
-74.38601408187259
-74.38463526761896
-74.38325008789016
-74.3818585797631
-74.3804607791195
-74.37905672066348
-74.37764643794506
-74.37622996338669
-74.3748073283112
-74.37337856296998
-74.37194369657101
-74.3705027573066
-74.36905577238021
-74.36760276803292
-74.36614376956898
-74.36467880138068
-74.36320788697262
-74.36173104898519
-74.36024830921744
-74.35875968864926
-74.35726520746293
-74.35576488506409
-74.35425874010211
-74.35274679048977
-74.35122905342257
-74.3497055453973
-74.34817628223021
-74.34664127907459
-74.34510055043789
-74.34355411019834
-74.34200197162106
-74.34044414737379
-74.33888064954209
-74.33731148964422
-74.33573667864545
-74.33415622697207
-74.33257014452504
-74.33097844069312
-74.3293811243658
-74.32777820394571
-74.32616968736082
-74.32455558207617
-74.32293589510543
-74.32131063302198
-74.31967980196985
-74.3180434076742
-74.3164014554516
-74.31475395022007
-74.31310089650873
-74.3114422984673
-74.30977815987531
-74.30810848415098
-74.30643327436002
-74.30475253322408
-74.30306626312897
-74.30137446613274
-74.29967714397353
-74.29797429807711
-74.29626592956436
-74.2945520392585
-74.2928326276921
-74.29110769511396
-74.2893772414958
-74.28764126653869
-74.28589976967952
-74.2841527500971
-74.2824002067182
-74.28064213822341
-74.2788785430529
-74.27710941941197
-74.27533476527653
-74.27355457839832
-74.2717688563102
-74.26997759633115
-74.26818079557113
-74.26637845093597
-74.26457055913207
-74.26275711667087
-74.26093811987342
-74.25911356487464
-74.25728344762769
-74.255447763908
-74.25360650931738
-74.251759679288
-74.24990726908622
-74.24804927381635
-74.24618568842436
-74.24431650770148
-74.24244172628774
-74.24056133867532
-74.23867533921204
-74.2367837221045
-74.23488648142141
-74.23298361109666
-74.23107510493237
-74.22916095660196
-74.22724115965302
-74.22531570751016
-74.22338459347792
-74.22144781074336
-74.21950535237886
-74.21755721134471
-74.21560338049166
-74.21364385256344
-74.21167862019922
-74.20970767593606
-74.20773101221118
-74.20581987922043
-74.20400316737059
-74.20228727808842
-74.20067020327942
-74.19914715728319
-74.1977125871295
-74.19636087416808
-74.19508657793432
-74.19388451655671
-74.19274978613727
-74.19167775639453
-74.19066405711496
-74.18970456151918
-74.18879536924287
-74.18793279012964
-74.1871133293211
-74.18633367377919
-74.18559068020497
-74.18488136423994
-74.18420289080716
-74.18355256544564
-74.18292782650099
-74.18232623804936
-74.18174548344817
-74.18118335942268
-74.18063777061163
-74.18010672450804
-74.17958832674175
-74.17908077665977
-74.17858235973517
-74.17809142815483
-74.17760644898004
-74.17712596028976
-74.1766485734451
-74.17617296090111
-74.17569786736777
-74.1752221084302
-74.17474456345799
-74.17426325494598
-74.17377700006477
-74.1732848217182
-74.17278582826933
-74.17227918867147
-74.17176412427462
-74.17123990444078
-74.17070584341946
-74.17016129780197
-74.16960566430416
-74.16903837776157
-74.16845890927577
-74.1678667644765
-74.16726148187838
-74.16664263131892
-74.1660098124686
-74.16536265340721
-74.16470080926163
-74.16402396090164
-74.1633318136907
-74.16262409628945
-74.16190055950933
-74.16116097521466
-74.16047871521195
-74.1598827300772
-74.15937858717213
-74.15896322367563
-74.15863081601594
-74.15837485960128
-74.15818888503581
-74.15813940431852
-74.15824863169968
-74.15851573033343
-74.15893160893766
-74.15948478960743
-74.16016347390728
-74.16095624200712
-74.16185227619671
-74.16284141603215
-74.16391415182616
-74.16506159528909
-74.16627544242628
-74.16754793497864
-74.16887182311473
-74.17024033049711
-74.17164712209534
-74.17308627475353
-74.1745522503495
-74.17603987131099
-74.17754429823633
-74.17906100937512
-74.18058578174552
-74.18211467369021
-74.18364400869942
-74.1851703603538
-74.18669053826194
-74.18820157488662
-74.18970071316971
-74.19118539488021
-74.19265324962056
-74.19410208443665
-74.19552987398419
-74.19693475121116
-74.19831499852103
-74.1996690393859
-74.20099543038249
-74.20229285362659
-74.20356010958427
-74.20479611024018
-74.2059998726046
-74.20717051254293
-74.20830723891203
-74.2094093479889
-74.21047621817829
-74.21150730498654
-74.21250213624927
-74.2134603076018
-74.21438147818108
-74.21526536654873
-74.2161117468254
-74.21692044502652
-74.21769133559062
-74.21842433809124
-74.21911941412397
-74.21977656436061
-74.2203958257627
-74.22097726894671
-74.22152099569418
-74.22202713659945
-74.22249584884872
-74.22292731412405
-74.22332173662609
-74.22367934120996
-74.22400037162859
-74.22428508887825
-74.22453376964104
-74.22474670481976
-74.22492419816018
-74.22506656495644
-74.22517413083527
-74.22524723061507
-74.22528620723571
-74.22529141075572
-74.22526319741293
-74.22520192874555
-74.22510797077031
-74.22498169321453
-74.22482346879941
-74.22463367257158
-74.22441268128036
-74.22416087279822
-74.22387862558203
-74.22356631817281
-74.22322432873182
-74.22285303461099
-74.22245281195572
-74.22202403533812
-74.22168913004774
-74.22149415763725
-74.22144595970389
-74.22153740129384
-74.22175721945308
-74.22209342254696
-74.22253440845697
-74.22306930532554
-74.22368804501444
-74.22438134311558
-74.22514064719148
-74.22595807643891
-74.22682636193089
-74.2277387910347
-74.2286891572201
-74.22967171539776
-74.23068114244647
-74.23171250239523
-74.23276121567648
-74.2338230318884
-74.23489400555727
-74.23597047445449
-74.23704904008865
-74.23812655005159
-74.23920008195122
-74.24026692870908
-74.24132458503867
-74.24237073495301
-74.24340324017557
-74.24442012935073
-74.24541958796726
-74.2463999489226
-74.2473596836673
-74.24829739387845
-74.24921180361838
-74.2501017519412
-74.25096618591468
-74.25180412075639
-74.25261471054395
-74.25339719433549
-74.25415089145089
-74.25487519857879
-74.25556957458973
-74.25623354669884
-74.2568667156013
-74.25746762461117
-74.25803569723425
-74.2585706705902
-74.25907238223931
-74.25959307441754
-74.26015125561237
-74.26074862190589
-74.26138116864094
-74.26204341461597
-74.26272980266559
-74.26343512447338
-74.26415462391964
-74.26488399629118
-74.26561935529291
-74.2663571922479
-74.26709433595086
-74.26782791603145
-74.2685553305793
-74.2692742179593
-74.26998243242893
-74.27067802307256
-74.27135921556696
-74.27202439633399
-74.27267209869306
-74.27330099068475
-74.27390986429143
-74.27449762582924
-74.27506328732608
-74.27560595873494
-74.27612484085974
-74.27661921889339
-74.27708845648662
-74.2775319902806
-74.27794932484834
-74.27834002799959
-74.27870372641121
-74.27904010155136
-74.27934888587075
-74.27962985923799
-74.27988284559929
-74.28010770984557
-74.28030435487176
-74.28047271881513
-74.2806127724607
-74.28072451680305
-74.28080798075479
-74.28086321899298
-74.28089030993503
-74.28088935383688
-74.28086047100626
-74.28080380012454
-74.28071949667111
-74.28060773144456
-74.28046868917524
-74.28030256722407
-74.28010957436314
-74.27988992963301
-74.2796438612731
-74.27937160572048
-74.27907340667386
-74.27874951421857
-74.2784001840096
-74.27802567650902
-74.27762625627504
-74.27720219129958
-74.27675375239154
-74.27628121260346
-74.27578484669863
-74.2752649306566
-74.27472174121486
-74.27415555544434
-74.273566650357
-74.27295530254338
-74.27232178783848
-74.2716663810142
-74.27098935549672
-74.27029098310734
-74.26957153382526
-74.26883127557109
-74.26807047400962
-74.26728939237078
-74.26648829128759
-74.26566742864993
-74.26482705947332
-74.2639674357815
-74.26308880650207
-74.26219141737428
-74.26127551086812
-74.26034132611389
-74.25938909884187
-74.25841906133084
-74.2574314423654
-74.256426467201
-74.25540435753646
-74.25436533149329
-74.25330960360125
-74.25223738478991
-74.25114888238546
-74.25004430011263
-74.24892383810115
-74.2477876928964
-74.24663605747409
-74.24546912125834
-74.24428707014313
-74.24309008651666
-74.2418783492885
-74.24065203391909
-74.23941131245158
-74.23815635354558
-74.23688732251277
-74.23560438135418
-74.23430768879876
-74.23299740034336
-74.23167366829374
-74.23033664180662
-74.22898646693248
-74.22762328665922
-74.22624724095623
-74.2248584668191
-74.22345709831464
-74.22204326662623
-74.2206171000994
-74.2191787242875
-74.21772826199742
-74.21626583333538
-74.21479155575257
-74.21330554409069
-74.21180791062733
-74.21029876512111
-74.20877821485651
-74.20724636468849
-74.20570331708662
-74.20414917217894
-74.20258402779544
-74.2010079795109
-74.19942112068755
-74.19782354251699
-74.19621533406179
-74.19459658229651
-74.19296737214815
-74.19132778653608
-74.18967790641146
-74.188017810796
-74.18634757682024
-74.18466727976116
-74.18297699307931
-74.18127678845522
-74.17956673582535
-74.17784690341733
-74.1761173577847
-74.17437816384103
-74.17262938489333
-74.17087108267509
-74.16910331737857
-74.16732614768654
-74.16553963080341
-74.1637438224859
-74.16193877707296
-74.16012454751531
-74.15830118540427
-74.1564687410001
-74.15462726325975
-74.1527767998642
-74.15091739724504
-74.14904910061072
-74.14717195397218
-74.14528600016796
-74.14339128088886
-74.14148783670211
-74.13957570707491
-74.13765493039767
-74.13572554245428
-74.13378753369717
-74.1318409596238
-74.12988586069831
-74.12792227316272
-74.12595023113747
-74.12396976723609
-74.1219808988057
-74.1199831625733
-74.11797542647479
-74.11595753019239
-74.11392948216039
-74.11189132850967
-74.10984312658213
-74.10778493746612
-74.10571682309312
-74.10363884486662
-74.10155106296021
-74.09945353595366
-74.0973463206524
-74.09522947200927
-74.09310304310404
-74.09096708515567
-74.08882164756
-74.08666677793289
-74.08450252215336
-74.08232892440779
-74.08014602723532
-74.07795387157353
-74.07575249680387
-74.07354194079645
-74.07132223995379
-74.06909342927084
-74.06685554237527
-74.06460861155914
-74.06235266781368
-74.06008774086558
-74.05781385921303
-74.05553105016111
-74.05323933985629
-74.05093875331985
-74.0486293144804
-74.04631104620535
-74.04398397033148
-74.04164810769448
-74.03930347815769
-74.03695010063988
-74.0345879931422
-74.0322171727742
-74.0298376557811
-74.02744945764127
-74.02505259301155
-74.02264707574508
-74.02023291891601
-74.01781013484317
-74.01537873511246
-74.01293873059792
-74.0104901314821
-74.00803294727578
-74.00556718683754
-74.00309285839124
-74.00060996954313
-73.99811852730109
