-65.0
-64.70882606767013
-64.41895634613886
-64.13038238545346
-63.84309686548676
-63.55709246596254
-63.272361843528955
-62.98889785713593
-62.706693469078054
-62.42574093352315
-62.146032682389745
-61.8675612667982
-61.59031875353598
-61.31429666634281
-61.03948669475933
-60.765880641787284
-60.49346883140443
-60.222241531071845
-59.95218918992106
-59.68330192467354
-59.415567707800776
-59.14897483391429
-58.88351181654731
-58.619165607424996
-58.35592108454936
-58.09376353622429
-57.832678533849965
-57.57264809939888
-57.31365249764179
-57.0556725367098
-56.798689404514214
-56.54267776751213
-56.28761109215343
-56.03346358470229
-55.78020997294859
-55.52781432657857
-55.27624016703942
-55.025452041860795
-54.77541522285487
-54.526078945316655
-54.277392252637135
-54.029305620818754
-53.781770527235814
-53.53471584721836
-53.28806959729027
-53.04176177534604
-52.79572372672366
-52.54985652922606
-52.304057646196895
-52.05822719303045
-51.81226698406684
-51.566039484760395
-51.31939757164977
-51.07219742223021
-50.8242970574582
-50.57550275214333
-50.32560169084172
-50.074384534116355
-49.82164315906204
-49.567095772798645
-49.310431101172725
-49.05133986915305
-48.78951124313473
-48.524512844920096
-48.255881634118026
-47.98315057083763
-47.705830981812355
-47.423225468305226
-47.13462618276405
-46.83930395104342
-46.53634715050335
-46.224670077003196
-45.90313981920217
-45.57044316786383
-45.224891478518
-44.86468886713768
-44.48769660407809
-44.09122059639118
-43.67232028780144
-43.227133296398506
-42.75117233357059
-42.23884384079246
-41.683213337080865
-41.075502510231615
-40.40477197216316
-39.656370309751324
-38.811452720712914
-37.845003693358905
-36.72308739872565
-35.39907246473992
-33.80866793552701
-31.863518045693013
-29.444761873850794
-26.405321917624494
-22.604176155597827
-18.01787225860985
-12.948923538743166
-8.135969595844962
-4.385260953155365
-1.9880375840280347
-0.6831528036229237
-0.04530184582597996
0.2506518502448388
0.3889257788864239
0.4587476155625926
0.49988450311051014
0.5293998603661245
0.5545611988518139
0.5785099958408793
0.6026479543552381
0.6276285877220116
0.6537721317089296
0.6812427669683628
0.7101266007790176
0.7404671760372062
0.772282177291471
0.8055714698775521
0.8403209681550353
0.8765044152918919
0.9140840900472623
0.9530109661678021
0.9932246153527694
1.0346530267828138
1.077208469219531
1.1207924131589486
1.1652958987578488
1.2105992055661374
1.256572054151829
1.30307420075296
1.349956351290481
1.3970613498566333
1.444225607448496
1.4912807384135247
1.5380553695668602
1.5843785564142783
1.63008034285757
1.6749935179293116
1.718955765907988
1.7618117293757733
1.803414948112128
1.8436296352243347
1.8823322537886549
1.919412861645947
1.954776198191892
1.9883424944521528
2.0200479959192723
2.049842842213711
2.077693262108787
2.1035827450422544
2.127510955034383
2.1494926069593476
2.169556269557587
2.187743086975708
2.2041054277471357
2.2187054802757604
2.231613819221497
2.242907969173894
2.252670991659128
2.260990119595105
2.2679554603403997
2.273658784896765
2.2781924169482233
2.28164823150417
2.284116769150753
2.2856864684437506
2.2864430158929574
2.286468810350968
2.285842536454746
2.284638840077341
2.282928097510155
2.280776269278799
2.2782448290530324
2.275390757992506
2.2722665950215704
2.2689205338947547
2.2653965584489173
2.2617346080916083
2.2579707663062565
2.2541374657274007
2.250263704123337
2.2463752663949155
2.242494948439099
2.238642779420387
2.2348362396328327
2.231090471714443
2.227418483491558
2.223831341183197
2.220338352086066
2.2169472361931786
2.213664286476903
2.210494517795555
2.2074418045665123
2.2045090074933067
2.20169808974444
2.1990102230625275
2.1964458843383645
2.1940049432196966
2.1916867413426586
2.1894901637782374
2.187413703279664
2.1854555179017536
2.183613482542064
2.1818852349281213
2.1802682165462053
2.178759708976715
2.1773568660696876
2.1760567423625607
2.1748563181112077
2.173752521275206
2.172742246769397
2.1718223732664432
2.1709897778093
2.170241348468421
2.1695739952561675
2.1689846594902225
2.168470321778799
2.1680280087830472
2.1676547988961863
2.1673478269644315
2.1671042881617097
2.166921441118286
2.166796610392739
2.166727188367064
2.166710636636038
2.1667444869541654
2.166826341796564
2.166953874583873
2.1671248296156898
2.1673370217520294
2.1675883358778214
2.167876726181497
2.1682002152751396
2.168556893180517
2.168944916202479
2.1693625057087016
2.169807946832512
2.170279587113541
2.170775835089181
2.1712951588482463
2.1718360845568485
2.172397194965232
2.1729771279032386
2.1735745747710666
2.174188279031129
2.1748170347060474
2.1754596848871217
2.1761151202570153
2.176782277629855
2.177460138511472
2.178147727682077
2.1788441118032993
2.1795483980511863
2.1802597327764635
2.1809773001931054
2.1817003210960317
2.1824280516085497
2.183159781959987
2.1838948352937995
2.184632566506312
2.185372361116125
2.1861136341641165
2.1868558291438904
2.187598416962427
2.1883408949306404
2.1890827857834774
2.189823636729158
2.1905630185270986
2.191300524594042
2.192035770137872
2.1927683913185816
2.193498044435835
2.194224405142552
2.1949471676839303
2.195666044161318
2.196380763820334
2.197091072362642
2.1977967312807687
2.198497517215378
2.199193221334394
2.199883648733384
2.2005686178566157
2.2012479599382053
2.2019215184627825
2.202589148645111
2.203250716928105
2.2039061004986973
2.2045551868210196
2.2051978731863735
2.205834066279474
2.206463681760459
2.2070866438621763
2.2077028850022624
2.2083123454095466
2.2089149727643136
2.209510721851986
2.2100995542297834
2.2106814379059387
2.2112563470310493
2.211824261601171
2.2123851671722536
2.2129390545855476
2.2134859197035968
2.214025763156475
2.214558590097902
2.2150844099709133
2.215603236282743
2.2161150863886085
2.2166199812840857
2.2171179454057706
2.2176090064399445
2.2180931951389513
2.2185705451450226
2.2190410928212794
2.2195048770896597
2.219961939275517
2.220412322958658
2.220856073830582
2.221293239557696
2.221723869650292
2.2221480153370736
2.222565729445031
2.222977066284463
2.223382081538961
2.2237808321601675
2.224173376267133
2.2245597730501023
2.2249400826785566
2.2253143662133614
2.2256826855228575
2.2260451032027486
2.2264016824996435
2.2267524872381097
2.227097581751105
2.227437030813662
2.227770899579689
2.2280992535217825
2.22842215837392
2.228739680076929
2.2290518847266214
2.229358838524488
2.2296606077308545
2.2299572586203977
2.230248857439933
2.2305354703683777
2.23081716347881
2.23109400270253
2.231366053795049
2.2316333823039307
2.2318960535384
2.2321541325406535
2.2324076840588067
2.232656772521396
2.2329014620133867
2.233141816253615
2.233377898573608
2.2336097718977177
2.233837498724527
2.2340611411094575
2.23428076064854
2.2344964184632934
2.23470817518666
2.2349160909499624
2.2351202253708253
2.235320637542031
2.2355173860212556
2.235710528821661
2.2359001234032907
2.2360862266652415
2.2362688949385774
2.2364481839799417
2.2366241489658494
2.2367968444876167
2.2369663245469047
2.2371326425518454
2.237295851313724
2.2374560030441906
2.237613149352975
2.237767341246083
2.237918629124445
2.2380670627830024
2.2382126914102014
2.238355563587882
2.2384957272915353
2.238633229890914
2.238768118150976
2.2389004382331446
2.239030235696867
2.239157555501457
2.2392824420082027
2.239404938982731
2.2395250895976044
2.2396429364351484
2.239758521490485
2.2398718861747695
2.2399830713186097
2.240092117175665
2.240199063426405
2.240303949182026
2.2404068129885077
2.240507692830805
2.240606626137164
2.240703649783555
2.240798800098211
2.240892112866265
2.240983623334479
2.24107336621606
2.241161375695545
2.2412476854337666
2.2413323285728723
2.2414153377414077
2.2414967450594467
2.241576582143773
2.2416548801130958
2.2417316695933063
2.2418069807227607
2.2418808431575936
2.241953286077046
2.242024338188821
2.2420940277344417
2.242162382494625
2.2422294297946617
2.2422951965097955
2.242359709070605
2.242422993468378
2.242485075260483
2.2425459795757274
2.242605731119708
2.2426643541801408
2.2427218726321794
2.242778309943711
2.242833689180633
2.2428880330121035
2.2429413637157696
2.2429937031829668
2.24304507292389
2.243095494072736
2.2431449873928115
2.2431935732816117
2.2432412717758603
2.243288102556517
2.2433340849537484
2.243379237951861
2.243423580194195
2.243467129987977
2.2435099053091374
2.243551923807081
2.2435932028094205
2.243633759326663
2.243673610056859
2.2437127713902045
2.2437512594135987
2.243789089915157
2.243826278388685
2.2438628400380973
2.2438987897818006
2.2439341422570256
2.243968911824113
2.2440031125707574
2.244036758316201
2.2440698626153823
2.24410243876304
2.2441344997977657
2.2441660585060172
2.2441971274260806
2.2442277188519846
2.244257844837374
2.2442875171993317
2.244316747522157
2.2443455471610982
2.2443739272460372
2.2444018986851306
2.244429472168404
2.244456658171301
2.244483466958188
2.2445099085858113
2.2445359929067146
2.2445617295726064
2.244587128037687
2.24461219756193
2.2446369472143206
2.2446613858760522
2.244685522243674
2.2447093648322065
2.2447329219782026
2.244756201842777
2.2447792124145867
2.2448019615127737
2.2448244567898663
2.2448467057346386
2.244868715674931
2.2448904937804306
2.244912047065411
2.244933382391433
2.24495450647001
2.244975425865228
2.244996146996336
2.2450166761402914
2.245037019434273
2.2450571828781536
2.2450771723369405
2.2450969935431746
2.245116652099298
2.245136153479985
2.2451555030344372
2.245174705988645
2.2451937674476152
2.2452126923975646
2.24523148570808
2.245250152134245
2.2452686963187354
2.2452871227938807
2.245305435983696
2.2453236402058794
2.2453417396737825
2.245359738498347
2.2453776406900126
2.2453954501605913
2.2454131707251217
2.245430806103681
2.245448359923179
2.245465835719121
2.2454832369373356
2.2455005669356884
2.2455178289857547
2.2455350262744735
2.2455521619057732
2.2455692389021698
2.2455862602063403
2.245603228682671
2.2456201471187778
2.2456370182270056
2.245653844645901
2.245670628941661
2.245687373609558
2.245704081075343
2.24572075369662
2.2457373937642062
2.2457540035034618
2.245770585075603
2.2457871405789893
2.2458036720503927
2.2458201814662404
2.2458366707438446
2.2458531417426033
2.2458695962651856
2.2458860360586965
2.2459024628158204
2.2459188781759445
2.245935283726267
2.245951681002882
2.2459680714918484
2.2459844566302376
2.246000837807168
2.2460172163648155
2.246033593599412
2.246049970762224
2.2460663490605115
2.246082729658477
2.246099113678192
2.246115502200508
2.246131896265955
2.24614829687562
2.246164704992013
2.2461811215399163
2.2461975474072178
2.2462139834457315
2.2462304304720035
2.2462468892680993
2.246263360582383
2.2462798451302795
2.2462963435950223
2.24631285662839
2.2463293848514265
2.2463459288551495
2.2463624892012497
2.246379066422771
2.2463956610247813
2.2464122734850327
2.2464289042546075
2.246445553758551
2.246462222396496
2.2464789105432734
2.246495618549511
2.246512346742226
2.2465290954253985
2.2465458648805403
2.2465626553672515
2.246579467123766
2.246596300367487
2.2466131552955133
2.2466300320851538
2.2466469308944337
2.2466638518625905
2.2466807951105614
2.24669776074146
2.2467147488410446
2.2467317594781773
2.2467487927052745
2.2467658485587485
2.2467829270594395
2.246800028213042
2.246817152010522
2.246834298428521
2.246851467429758
2.2468686589634257
2.246885872965569
2.2469031093594665
2.246920368055997
2.246937648954003
2.2469549519406455
2.2469722768917517
2.2469896236721554
2.24700699213603
2.247024382127217
2.2470417934795477
2.247059226017153
2.2470766795547745
2.2470941538980655
2.2471116488438843
2.247129164180583
2.2471466996882934
2.2471642551391993
2.2471818302978135
2.2471994249212384
2.247217038759429
2.247234671555447
2.247252323045708
2.2472699929602267
2.2472876810228577
2.247305386951525
2.2473231104584532
2.247340851250391
2.247358609028829
2.247376383490214
2.2473941743261583
2.2474119812236455
2.247429803865229
2.247447641929229
2.2474654950899247
2.2474833630177375
2.24750124537942
2.2475191418382314
2.2475370520541107
2.247554975683853
2.2475729123812704
2.247590861797359
2.2476088235804577
2.247626797376403
2.2476447828286816
2.2476627795785795
2.247680787265326
2.2476988055262352
2.2477168339968463
2.2477348723110553
2.247752920101251
2.2477709769984395
2.247789042632372
2.247807116631666
2.247825198623926
2.2478432882358574
2.2478613850933837
2.2478794888217544
2.2478975990456527
2.2479157153893046
2.2479338374765754
2.247951964931074
2.2479700973762506
2.2479882344354873
2.248006375732194
2.2480245208898966
2.248042669532326
2.2480608212835027
2.2480789757678177
2.2480971326101153
2.2481152914357723
2.2481334518707703
2.2481516135417734
2.2481697760762
2.248187939102291
2.248206102249179
2.2482242651469533
2.248242427426726
2.248260588720692
2.248278748662191
2.248296906885765
2.2483150630272166
2.2483332167236623
2.248351367613587
2.2483695153368948
2.2483876595349597
2.2484057998506755
2.2484239359284994
2.2484420674145005
2.2484601939564026
2.2484783152036254
2.248496430807328
2.2485145404204454
2.2485326436977298
2.248550740295785
2.2485688298731037
2.2485869120901
2.2486049866091435
2.248623053094591
2.2486411112128173
2.2486591606322426
2.248677201023363
2.2486952320587763
2.2487132534132077
2.248731264763535
2.2487492657888124
2.2487672561702934
2.2487852355914515
2.2488032037380017
2.2488211602979207
2.2488391049614647
2.248857037421186
2.248874957371953
2.2488928645109643
2.248910758537764
2.2489286391542556
2.2489465060647156
2.248964358975808
2.2489821975965945
2.2490000216385435
2.249017830815545
2.249035624843917
2.249053403442415
2.24907116633224
2.249088913237047
2.2491066438829503
2.2491243579985314
2.249142055314843
2.2491597355654136
2.2491773984862538
2.2491950438158583
2.249212671295209
2.2492302806677786
2.2492478716795308
2.249265444078924
2.2492829976169104
2.2493005320469366
2.2493180471249454
2.249335542609373
2.249353018261148
2.2493704738436913
2.249387909122914
2.2494053238672134
2.2494227178474726
2.249440090837054
2.2494574426117997
2.249474772950024
2.249492081632512
2.249509368442511
2.249526633165729
2.2495438755903283
2.2495610955069183
2.2495782927085504
2.249595466990712
2.249612618151319
2.249629745990709
2.249646850311634
2.249663930919252
2.2496809876211206
2.2496980202271875
2.249715028549783
2.249732012403611
2.2497489716057384
2.2497659059755892
2.249782815334933
2.2497996995078755
2.2498165583208496
2.2498333916026048
2.249850199184196
2.2498669808989753
2.249883736582579
2.249900466072919
2.249917169210172
2.2499338458367646
2.249950495797367
2.2499671189388786
2.2499837151104174
2.2500002841633084
2.250016825951072
2.25003334032941
2.250049827156197
2.250066286291466
2.250082717597396
2.250099120938301
2.250115496180615
2.2501318431928827
2.250148161845744
2.250164452011924
2.250180713566216
2.2501969463854725
2.250213150348591
2.2502293253364996
2.250245471232146
2.2502615879204817
2.2502776752884524
2.25029373322498
2.250309761620953
2.2503257603692126
2.250341729364537
2.250357668503629
2.250373577685104
2.2503894568094744
2.2504053057791378
2.2504211244983607
2.2504369128732673
2.2504526708118253
2.250468398223832
2.2504840950208993
2.250499761116443
2.2505153964256652
2.250531000865544
2.250546574354819
2.2505621168139758
2.2505776281652325
2.250593108332529
2.2506085572415104
2.250623974819513
2.250639360995553
2.250654715700311
2.2506700388661187
2.250685330426945
2.2507005903183837
2.250715818477638
2.2507310148435073
2.2507461793563754
2.250761311958194
2.2507764125924723
2.250791481204262
2.250806517740143
2.250821522148211
2.250836494378065
2.2508514343807917
2.250866342108954
2.2508812175165764
2.250896060559134
2.2509108711935375
2.250925649378119
2.2509403950726212
2.250955108238183
2.2509697888373283
2.25098443683395
2.2509990521933005
2.2510136348819754
2.2510281848679035
2.2510427021203316
2.2510571866098155
2.251071638308202
2.2510860571886218
2.2511004432254738
2.251114796394412
2.2511291166723364
2.251143404037377
2.251157658468884
2.251171879947414
2.2511860684547185
2.2512002239737328
2.251214346488562
2.251228435984469
2.2512424924478656
2.2512565158662965
2.2512705062284306
2.2512844635240485
2.251298387744029
2.25131227888034
2.251326136926026
2.251339961875195
2.2513537537230106
2.2513675124656776
2.2513812381004312
2.2513949306255276
2.251408590040231
2.251422216344803
2.2514358095404923
2.2514493696295217
2.251462896615081
2.251476390501312
2.251489851293301
2.251503278997066
2.251516673619547
2.251530035168595
2.2515433636529636
2.2515566590822953
2.2515699214671137
2.251583150818812
2.251596347149644
2.251609510472712
2.251622640801958
2.2516357381521557
2.251648802538897
2.2516618339785843
2.2516748324884204
2.2516877980863983
2.2517007307912924
2.2517136306226484
2.2517264976007745
2.2517393317467307
2.2517521330823205
2.2517649016300822
2.251777637413278
2.2517903404558863
2.251803010782592
2.251815648418778
2.251828253390516
2.2518408257245572
2.251853365448324
2.251865872589902
2.2518783471780304
2.2518907892420925
2.25190319881211
2.2519155759187326
2.25192792059323
2.2519402328674825
2.2519525127739755
2.251964760345789
2.2519769756165906
2.251989158620627
2.2520013093927154
2.2520134279682376
2.25202551438313
2.2520375686738783
2.252049590877506
2.2520615810315716
2.2520735391741566
2.252085465343862
2.2520973595797966
2.252109221921574
2.252121052409301
2.252132851083574
2.2521446179854703
2.2521563531565403
2.2521680566388027
2.2521797284747342
2.2521913687072654
2.252202977379773
2.252214554536073
2.2522261002204136
2.252237614477469
2.2522490973523324
2.2522605488905105
2.252271969137915
2.2522833581408586
2.252294715946046
2.2523060426005705
2.2523173381519057
2.252328602647899
2.252339836136767
2.252351038667088
2.252362210287799
2.2523733510481843
2.252384460997875
2.25239554018684
2.2524065886653806
2.2524176064841264
2.252428593694028
2.2524395503463506
2.252450476492671
2.252461372184871
2.2524722374751316
2.252483072415926
2.252493877060018
2.2525046514604528
2.252515395670555
2.2525261097439215
2.252536793734416
2.252547447696166
2.252558071683556
2.2525686657512223
2.25257922995405
2.252589764347165
2.252600268985933
2.252610743925951
2.252621189223045
2.2526316049332658
2.2526419911128803
2.252652347818372
2.252662675106434
2.2526729730339627
2.2526832416580578
2.2526934810360144
2.2527036912253195
2.252713872283647
2.252724024268856
2.252734147238984
2.2527442412522434
2.2527543063670175
2.252764342641857
2.252774350135475
2.2527843289067424
2.252794279014687
2.2528042005184865
2.2528140934774643
2.2528239579510885
2.252833793998967
2.252843601680842
2.252853381056589
2.252863132186211
2.2528728551298354
2.2528825499477114
2.2528922167002055
2.2529018554477984
2.2529114662510814
2.252921049170752
2.2529306042676125
2.2529401316025655
2.25294963123661
2.25295910323084
2.2529685476464394
2.252977964544679
2.2529873539869145
2.2529967160345836
2.2530060507492005
2.2530153581923553
2.2530246384257095
2.253033891510994
2.253043117510006
2.253052316484605
2.2530614884967113
2.253070633608303
2.253079751881412
2.253088843378122
2.253097908160567
2.2531069462909263
2.2531159578314233
2.253124942844322
2.253133901391925
2.2531428335365726
2.253151739340636
2.2531606188665183
2.2531694721766504
2.25317829933349
2.253187100399517
2.253195875437233
2.2532046245091593
2.2532133476778315
2.253222045005802
2.253230716555631
2.2532393623898925
2.253247982571165
2.2532565771620336
2.2532651462250857
2.253273689822909
2.253282208018091
2.2532907008732166
2.2532991684508623
2.2533076108136
2.2533160280239906
2.2533244201445846
2.2533327872379183
2.253341129366513
2.2533494465928734
2.253357738979484
2.25336600658881
2.2533742494832922
2.253382467725347
2.2533906613773658
2.253398830501711
2.2534069751607166
2.2534150954166825
2.2534231913318776
2.253431262968536
2.253439310388854
2.253447333654991
2.2534553328290667
2.2534633079731585
2.253471259149302
2.2534791864194887
2.2534870898456645
2.253494969489726
2.2535028254135243
2.253510657678858
2.253518466347475
2.25352625148107
2.2535340131412838
2.253541751389702
2.2535494662878506
2.2535571578972005
2.253564826279161
2.2535724714950813
2.2535800936062484
2.253587692673885
2.2535952687591503
2.2536028219231365
2.2536103522268705
2.2536178597313095
2.2536253444973426
2.2536328065857876
2.2536402460573908
2.2536476629728255
2.253655057392692
2.253662429377516
2.2536697789877462
2.2536771062837553
2.253684411325838
2.2536916941742104
2.2536989548890083
2.2537061935302862
2.253713410158017
2.2537206048320924
2.253727777612318
2.253734928558418
2.253742057730028
2.253749165186699
2.253756250987895
2.2537633151929914
2.253770357861275
2.253777379051943
2.2537843788241023
2.253791357236769
2.253798314348866
2.2538052502192243
2.253812164906582
2.2538190584695816
2.2538259309667716
2.2538327824566045
2.253839612997437
2.2538464226475288
2.2538532114650405
2.2538599795080367
2.2538667268344814
2.253873453502239
2.2538801595690745
2.253886845092652
2.253893510130533
2.253900154740179
2.253906778978948
2.2539133829040945
2.253919966572769
2.2539265300420195
2.2539330733687875
2.2539395966099103
2.253946099822119
2.253952583062039
2.2539590463861887
2.253965489850979
2.2539719135127125
2.2539783174275865
2.253984701651686
2.25399106624099
2.253997411251367
2.254003736738576
2.2540100427582646
2.254016329365971
2.254022596617122
2.254028844567034
2.2540350732709102
2.2540412827838425
2.25404747316081
2.2540536444566794
2.254059796726205
2.2540659300240256
2.2540720444046682
2.254078139922545
2.254084216631954
2.2540902745870786
2.2540963138419867
2.2541023344506326
2.254108336466854
2.2541143199443723
2.254120284936795
2.2541262314976107
2.2541321596801938
2.2541380695378015
2.2541439611235736
2.254149834490534
2.2541556896915877
2.2541615267795234
2.2541673458070117
2.2541731468266057
2.2541789298907395
2.2541846950517304
2.2541904423617765
2.254196171872957
2.254201883637234
2.2542075777064503
2.2542132541323276
2.2542189129664707
2.2542245542603654
2.254230178065377
2.2542357844327516
2.254241373413617
2.2542469450589793
2.2542524994197257
2.2542580365466245
2.2542635564903235
2.2542690593013495
2.2542745450301105
2.254280013726895
2.254285465441869
2.25429090022508
2.2542963181264546
2.254301719195799
2.254307103482799
2.2543124710370206
2.254317821907908
2.2543231561447863
2.254328473796859
2.254333774913211
2.254339059542804
2.25434432773448
2.2543495795369615
2.254354814998849
2.254360034168623
2.2543652370946443
2.2543704238251525
2.2543755944082653
2.254380748891982
2.2543858873241804
2.2543910097526183
2.2543961162249317
2.254401206788638
2.254406281491134
2.2544113403796944
2.2544163835014763
2.254421410903514
2.254426422632724
2.2544314187359014
2.254436399259721
2.2544413642507375
2.2544463137553867
2.254451247819984
2.2544561664907263
2.2544610698136887
2.254465957834828
2.2544708305999803
2.254475688154865
2.2544805305450786
2.254485357816101
2.2544901700132924
2.254494967181893
2.254499749367025
2.2545045166136912
2.254509268966776
2.254514006471046
2.2545187291711475
2.25452343711161
2.254528130336844
2.254532808891142
2.254537472818679
2.2545421221635107
2.2545467569695767
2.254551377280698
2.254555983140578
2.254560574592804
2.2545651516808456
2.254569714448054
2.254574262937665
2.2545787971927966
2.2545833172564507
2.254587823171513
2.2545923149807527
2.2545967927268227
2.254601256452259
2.254605706199484
2.2546101420108013
2.2546145639284023
2.2546189719943603
2.254623366250635
2.254627746739071
2.254632113501397
2.2546364665792282
2.254640806014064
2.254645131847291
2.2546494441201794
2.254653742873888
2.25465802814946
2.2546622999878263
2.2546665584298022
2.2546708035160914
2.2546750352872853
2.25467925378386
2.2546834590461815
2.254687651114501
2.254691830028959
2.2546959958295836
2.2547001485562896
2.254704288248882
2.2547084149470527
2.254712528690383
2.2547166295183425
2.254720717470291
2.2547247925854763
2.254728854903037
2.2547329044619997
2.254736941301282
2.2547409654596913
2.2547449769759247
2.2547489758885706
2.2547529622361084
2.254756936056907
2.2547608973892275
2.254764846271222
2.254768782740934
2.2547727068362993
2.254776618595145
2.2547805180551905
2.254784405254048
2.254788280229222
2.25479214301811
2.2547959936580018
2.2547998321860816
2.254803658639426
2.2548074730550067
2.2548112754696876
2.254815065920228
2.254818844443281
2.2548226110753946
2.2548263658530114
2.2548301088124694
2.254833839990001
2.254837559421736
2.2548412671436973
2.2548449631918053
2.254848647601876
2.2548523204096225
2.2548559816506537
2.254859631360476
2.2548632695744932
2.254866896328005
2.2548705116562093
2.254874115594203
2.2548777081769793
2.2548812894394303
2.2548848594163458
2.254888418142416
2.2548919656522286
2.2548955019802706
2.254899027160929
2.25490254122849
2.25490604421714
2.2549095361609646
2.2549130170939504
2.254916487049986
2.2549199460628575
2.2549233941662545
2.2549268313937674
2.2549302577788874
2.2549336733550085
2.2549370781554248
2.2549404722133346
2.254943855561838
2.254947228233938
2.2549505902625393
2.254953941680451
2.254957282520385
2.2549606128149566
2.2549639325966857
2.2549672418979965
2.254970540751216
2.254973829188576
2.2549771072422153
2.254980374944175
2.2549836323264034
2.2549868794207533
2.2549901162589827
2.254993342872757
2.2549965592936467
2.2549997655531295
2.2550029616825897
2.2550061477133174
2.255009323676511
2.2550124896032764
2.2550156455246264
2.2550187914714823
2.2550219274746723
2.2550250535649345
2.255028169772914
2.2550312761291664
2.2550343726641553
2.255037459408254
2.2550405363917445
2.255043603644819
2.2550466611975803
2.25504970908004
2.255052747322122
2.255055775953659
2.255058795004396
2.2550618045039887
2.2550648044820036
2.2550677949679194
2.255070775991127
2.2550737475809286
2.2550767097665387
2.255079662577085
2.2550826060416087
2.2550855401890613
2.2550884650483103
2.255091380648135
2.2550942870172297
2.2550971841842014
2.2551000721775716
2.2551029510257767
2.2551058207571675
2.2551086814000096
2.255111532982484
2.2551143755326852
2.2551172090786262
2.2551200336482333
2.255122849269351
2.255125655969738
2.25512845377707
2.255131242718941
2.2551340228228596
2.255136794116252
2.255139556626463
2.255142310380755
2.2551450554063064
2.2551477917302147
2.2551505193794976
2.2551532383810873
2.255155948761838
2.255158650548521
2.255161343767828
2.2551640284463703
2.2551667046106774
2.2551693722871993
2.255172031502306
2.255174682282289
2.2551773246533577
2.255179958641645
2.255182584273203
2.255185201574006
2.2551878105699488
2.255190411286849
2.255193003750444
2.2551955879863956
2.255198164020286
2.255200731877621
2.2552032915838294
2.2552058431642616
2.2552083866441923
2.2552109220488195
2.2552134494032643
2.255215968732571
2.255218480061709
2.255220983415573
2.2552234788189782
2.255225966296669
2.2552284458733123
2.2552309175735004
2.2552333814217507
2.2552358374425063
2.2552382856601363
2.2552407260989358
2.255243158783126
2.255245583736853
2.2552480009841918
2.255250410549143
2.2552528124556344
2.255255206727521
2.255257593388585
2.255259972462536
2.2552623439730124
2.2552647079435797
2.255267064397732
2.255269413358892
2.255271754850411
2.2552740888955687
2.255276415517574
2.2552787347395657
2.255281046584612
2.2552833510757098
2.255285648235787
2.2552879380877005
2.255290220654238
2.2552924959581193
2.255294764021992
2.2552970248684363
2.2552992785199635
2.2553015249990156
2.2553037643279668
2.2553059965291227
2.25530822162472
2.2553104396369292
2.255312650587851
2.2553148544995207
2.255317051393904
2.255319241292902
2.2553214242183475
2.255323600192006
2.2553257692355775
2.255327931370696
2.255330086618928
2.2553322350017755
2.2553343765406733
2.255336511256992
2.255338639172036
2.255340760307045
2.2553428746831923
2.2553449823215894
2.2553470832432803
2.255349177469246
2.255351265020402
2.2553533459176025
2.255355420181635
2.255357487833225
2.255359548893034
2.25536160338166
2.255363651319638
2.25536569272744
2.2553677276254764
2.255369756034094
2.2553717779735765
2.2553737934641465
2.255375802525965
2.255377805179131
2.2553798014436817
2.2553817913395924
2.255383774886777
2.2553857521050897
2.2553877230143224
2.2553896876342074
2.255391645984415
2.2553935980845576
2.2553955439541857
2.2553974836127892
2.2553994170797997
2.2554013443745884
2.2554032655164664
2.2554051805246877
2.2554070894184455
2.2554089922168736
2.2554108889390485
2.255412779603988
2.2554146642306496
2.2554165428379354
2.2554184154446872
2.2554202820696907
2.2554221427316725
2.2554239974493018
2.255425846241191
2.255427689125896
2.255429526121913
2.2554313572476845
2.2554331825215947
2.2554350019619713
2.2554368155870868
2.2554386234151558
2.2554404254643377
2.255442221752737
2.255444012298401
2.2554457971193234
2.2554475762334403
2.2554493496586336
2.2554511174127314
2.2554528795135056
2.2554546359786727
2.2554563868258968
2.255458132072786
2.255459871736895
2.255461605835725
2.255463334386722
2.255465057407279
2.2554667749147352
2.2554684869263775
2.255470193459438
2.255471894531097
2.2554735901584815
2.2554752803586657
2.255476965148671
2.2554786445454673
2.255480318565971
2.2554819872270473
2.255483650545509
2.255485308538117
2.2554869612215813
2.25548860861256
2.25549025072766
2.255491887583436
2.255493519196394
2.2554951455829864
2.255496766759618
2.25549838274264
2.2554999935483546
2.255501599193014
2.25550319969282
2.255504795063925
2.255506385322431
2.25550797048439
2.2555095505658045
2.255511125582629
2.2555126955507676
2.255514260486076
2.255515820404361
2.2555173753213795
2.2555189252528414
2.255520470214407
2.2555220102216893
2.2555235452902522
2.2555250754356115
2.2555266006732366
2.2555281210185476
2.255529636486918
2.255531147093673
2.255532652854092
2.255534153783405
2.255535649896797
2.255537141209406
2.2555386277363216
2.255540109492588
2.255541586493204
2.2555430587531196
2.255544526287241
2.255545989110427
2.2555474472374915
2.255548900683201
2.255550349462279
2.2555517935894014
2.2555532330791994
2.255554667946259
2.2555560982051213
2.2555575238702823
2.255558944956194
2.255560361477263
2.2555617734478504
2.2555631808822754
2.255564583794811
2.2555659821996867
2.255567376111088
2.2555687655431576
2.2555701505099925
2.2555715310256477
2.255572907104135
2.2555742787594206
2.25557564600543
2.2555770088560445
2.255578367325103
2.2555797214264013
2.255581071173693
2.2555824165806877
2.2555837576610545
2.25558509442842
2.2555864268963672
2.2555877550784387
2.2555890789881348
2.255590398638913
2.255591714044191
2.2555930252173435
2.255594332171704
2.2555956349205655
2.25559693347718
2.2555982278547573
2.255599518066467
2.255600804125439
2.2556020860447608
2.25560336383748
2.2556046375166052
2.255605907095103
2.2556071725859
2.2556084340018843
2.255609691355902
2.255610944660762
2.25561219392923
2.255613439174036
2.2556146804078683
2.255615917643377
2.255617150893172
2.255618380169826
2.25561960548587
2.2556208268537987
2.255622044286066
2.2556232577950897
2.255624467393247
2.2556256730928776
2.2556268749062833
2.255628072845728
2.2556292669234366
2.2556304571515966
2.2556316435423582
2.255632826107833
2.255634004860096
2.255635179811185
2.255636350973099
2.2556375183578004
2.2556386819772167
2.255639841843236
2.2556409979677094
2.2556421503624526
2.2556432990392445
2.2556444440098273
2.2556455852859063
2.2556467228791517
2.255647856801196
2.255648987063637
2.2556501136780356
2.2556512366559165
2.2556523560087705
2.2556534717480514
2.255654583885178
2.2556556924315334
2.2556567973984656
2.255657898797287
2.255658996639275
2.2556600909356725
2.2556611816976875
2.255662268936493
2.2556633526632277
2.2556644328889948
2.255665509624864
2.2556665828818696
2.2556676526710135
2.2556687190032623
2.255669781889548
2.25567084134077
2.2556718973677925
2.2556729499814474
2.255673999192532
2.255675045011811
2.2556760874500137
2.255677126517839
2.2556781622259505
2.25567919458498
2.2556802236055242
2.2556812492981493
2.2556822716733875
2.255683290741738
2.2556843065136687
2.255685318999614
2.255686328209976
2.2556873341551253
2.255688336845399
2.2556893362911024
2.25569033250251
2.2556913254898627
2.255692315263371
2.2556933018332126
2.2556942852095343
2.2556952654024514
2.2556962424220477
2.2556972162783753
2.2556981869814554
2.255699154541278
2.2557001189678014
2.2557010802709536
2.2557020384606323
2.2557029935467034
2.255703945539004
2.2557048944473377
2.25570584028148
2.255706783051174
2.2557077227661355
2.255708659436047
2.2557095930705624
2.255710523679306
2.255711451271871
2.2557123758578213
2.2557132974466914
2.2557142160479864
2.2557151316711805
2.2557160443257196
2.2557169540210205
2.255717860766469
2.255718764571423
2.255719665445212
2.2557205633971344
2.255721458436462
2.255722350572436
2.255723239814269
2.255724126171146
2.2557250096522226
2.255725890266626
2.2557267680234565
2.2557276429317836
2.2557285150006496
2.255729384239068
2.255730250656027
2.2557311142604832
2.255731975061368
2.2557328024186876
2.2557335312485822
2.255734084688103
2.255734398878568
2.2557344365549206
2.2557341889897513
2.255733670922192
2.2557329129968022
2.2557319238910067
2.2557306808121957
2.255729148202501
2.2557273001007747
2.2557251324888776
2.255722664809848
2.2557199349892354
2.255716992262712
2.2557138904564598
2.2557106828433295
2.2557074187581843
2.255704141716781
2.2557008886499745
2.25569768988289
2.2556945695625688
2.2556915463197273
2.2556886340210998
2.2556858425229356
2.2556831783746105
2.255680645446966
2.2556782454763113
2.255675978524753
2.2556738433628807
2.255671837783386
2.255669958854999
2.255668203125937
2.2556665667853264
2.2556650457900895
2.2556636359637343
2.2556623330724994
2.255661132883376
2.255660031207727
2.255658993412012
2.255657950680036
2.255656822612728
2.255655541914279
2.2556540679148527
2.2556523884922064
2.255650515010531
2.255648474784932
2.2556463038582377
2.255644041304442
2.2556417252984646
2.255639390728471
2.2556370679782147
2.255634782514402
2.2556325549816516
2.2556304015863495
2.255628334619827
2.255626363024913
2.255624492948395
2.2556227282481185
2.2556210709404145
2.2556195215840047
2.2556180796025855
2.2556167435514727
2.2556155113350655
2.255614380382172
2.255613347785917
2.255612410414319
2.255611564996865
2.255610808191624
2.255610136636728
2.25560954698937
2.2556090359549095
2.255608600308185
2.255608236908719
2.2556079427111744
2.2556077147721334
2.255607550254055
2.255607446427085
2.255607400669239
2.255607410465385
2.2556074734053335
2.2556075871812933
2.255607749584881
2.25560795850384
2.2556082119185694
2.255608507898561
2.2556088445988034
2.2556092202562006
2.2556096331860416
2.25561008177855
2.2556105644955258
2.2556110798670947
2.2556115960124927
2.2556120468833587
2.2556123548104936
2.2556124551369394
2.2556123097081975
2.2556119087833335
2.255611265978
2.25561041073999
2.2556093811386035
2.255608218179401
2.255606961883001
2.255605648904183
2.2556043113191544
2.255602976216485
2.2556016657947473
2.255600397748508
2.255599185793373
2.255598040234282
2.2555969685197077
2.2555959757505297
2.255595065129301
2.2555942383460503
2.255593495902823
2.255592837382315
2.255592261667351
2.2555917671182195
2.2555913517145827
2.255591013168027
2.255590749010568
2.2555905566636523
2.2555904334914674
2.255590376841709
2.2555903840763945
2.255590452594813
2.2555905798503066
2.2555907633622323
2.25559100072418
2.2555912896093075
2.255591627773457
2.2555920130565945
2.2555924433829753
2.255592916760369
2.255593431278592
2.2555939851075424
2.255594576494886
2.2555952037635163
2.255595865308866
2.2555965595961456
2.255597285157555
2.2555980405895064
2.2555988245498857
2.2555996357553743
2.255600472978842
2.2556013350468245
2.255602220837086
2.255603129276279
2.2556040593376903
2.25560501003909
2.2556059804406647
2.2556069696430456
2.2556079767854267
2.2556090010437653
2.2556100416290694
2.255611097785762
2.2556121383158643
2.2556130978229625
2.2556138992581314
2.2556144785529635
2.255614798111169
2.255614848721977
2.2556146445056573
2.255614215391325
2.255613599908148
2.2556128090479746
2.255611818601792
2.255610589320026
2.255609090319058
2.255607312150552
2.255605268804231
2.255602993036472
2.25560052937428
2.2555979274784157
2.255595237018603
2.255592504267491
2.2555897701749097
2.2555870695462477
2.2555844309625908
2.2555818771510547
2.2555794255937456
2.255577089233152
2.2555748771849466
2.2555727954069806
2.255570847298626
2.255569034220766
2.2555673559364426
2.2555658109775365
2.2555643969454637
2.255563110754741
2.2555619488281606
2.2555609072516436
2.25555998189593
2.25555916851129
2.255558462800471
2.2555578604742292
2.2555573572930196
2.255556949097752
2.2555566318319644
2.255556401557303
2.2555562544638077
2.255556186876202
2.2555561952571295
2.255556276208076
2.255556426468563
2.2555566429140623
2.2555569225529846
2.255557262523016
2.255557660087009
2.255558112628596
2.255558617647634
2.2555591727555875
2.2555597756709083
2.255560424214468
2.255561116305078
2.255561849955127
2.2555625928582383
2.255563278646845
2.2555638293920075
2.2555641801776996
2.2555642925529207
2.255564156430775
2.255563785037702
2.2555632074037466
2.2555624611681893
2.255561586908369
2.255560624229032
2.2555596093884054
2.2555585740894557
2.255557545072536
2.2555565442131718
2.255555588907175
2.255554662210671
2.2555537096778764
2.255552662404897
2.255551462094929
2.255550074945623
2.2555484939276327
2.255546734058633
2.2555448251665497
2.25554280492085
2.255540713345287
2.255538589055333
2.2555364366521093
2.2555342218895267
2.255531893812859
2.255529409443651
2.255526747627346
2.2555239114746493
2.255520923903226
2.2555178207089015
2.255514643905641
2.2555114365256554
2.255508239112276
2.2555050876840887
2.2555020128046186
2.255499039401191
2.255496187044385
2.25549347047755
2.25549090025407
2.255488483392555
2.255486223997658
2.2554840935249674
2.2554820275624654
2.255479918393928
2.2554776361296622
2.255475064813434
2.2554721290046778
2.255468802298861
2.255465101854547
2.2554610762918297
2.255456792646154
2.2554523253798227
2.2554477484317452
2.255443130171651
2.255438530673738
2.255434000645185
2.255429581431179
2.2554253056541618
2.255421198176354
2.255417277181399
2.2554135250434015
2.2554098856450135
2.2554062876455174
2.2554026696562772
2.2553989942258252
2.255395250234374
2.255391448295049
2.255387613639984
2.2553837792586275
2.2553799804965986
2.25537625135809
2.255372622296182
2.2553691191281553
2.255365762720077
2.2553625691513566
2.2553595501472232
2.255356713634868
2.255354064331391
2.2553516043092148
2.2553493335100465
2.2553472501948177
2.255345351327052
2.255343632892807
2.255342090163267
2.2553407179072402
2.2553395105609724
2.255338432200377
2.25533741296908
2.2553363715020476
2.2553352393556376
2.255333974369981
2.2553325625587184
2.2553310131058337
2.2553293509284265
2.2553276095561854
2.2553258255228665
2.2553240345027112
2.25532226896831
2.2553205570007413
2.2553189218911824
2.255317382240509
2.255315952341385
2.2553146426957564
2.255313460573521
2.255312410556144
2.255311495034723
2.25531071464867
2.255310068661453
2.255309555275708
2.2553091718931704
2.2553089153261516
2.2553087819675675
2.2553087679261723
2.2553088691330214
2.25530908142442
2.255309400605836
2.255309822500547
2.255310342986117
2.255310958021258
2.2553116334951504
2.25531230155864
2.2553128829778117
2.2553133115144766
2.2553135472523236
2.2553135784588316
2.2553134165599853
2.255313088685303
2.2553126305332434
2.255312080751831
2.2553114770670053
2.2553108539348043
2.25531024134781
2.255309664434692
2.2553091435590265
2.2553086947016285
2.2553083299790395
2.255308058203778
2.255307885429944
2.2553078154535537
2.255307820084426
2.2553078358439
2.2553077866285727
2.25530760834806
2.2553072624615216
2.255306738009945
2.2553060467279296
2.2553052156984243
2.255304280305551
2.2553032786845426
2.2553022479047904
2.255301221664939
2.255300229132805
2.2552992644164833
2.2552982830088
2.255297224523909
2.255296037590513
2.2552946635923714
2.2552930354092116
2.2552910952308456
2.255288811902089
2.255286187474584
2.2552832537576535
2.255280063683222
2.255276681723169
2.2552731757441973
2.2552696111385373
2.2552660471737247
2.2552625351260858
2.255259117684922
2.255255829175277
2.255252696252042
2.2552497388215436
2.2552469710314504
2.255244402232694
2.2552420378606963
2.255239880211826
2.255237929108804
2.2552361824591145
2.25523463671595
2.255233287253529
2.255232128669132
2.255231155023592
2.255230360030864
2.2552297372059686
2.2552292799792357
2.2552289817834907
2.2552288361196875
2.255228836605478
2.255228977010363
2.2552292512803627
2.2552296535545406
2.2552301781752555
2.255230819693615
2.255231572871279
2.255232432679548
2.2552333942964204
2.2552344531021933
2.2552356046740214
2.255236844779772
2.2552381693714203
2.255239574578184
2.2552410566995396
2.255242612198228
2.2552442376933337
2.255245929953489
2.255247685890252
2.2552495025516843
2.255251377116146
2.2552533068863205
2.255255289283474
2.255257321841958
2.2552593720464755
2.2552613736450087
2.255263248977855
2.255264933337523
2.2552663882830792
2.2552676034980337
2.2552685917657715
2.2552693815173495
2.255270009700086
2.255270516161022
2.2552709397775534
2.255271316111401
2.2552716762164873
2.255272046239697
2.2552724475208277
2.2552728969760243
2.2552734076174046
2.255273989114496
2.2552746483410666
2.255275389876748
2.255276216449491
2.255277129315209
2.255278128576853
2.255279213448301
2.2552803824697554
2.2552816336816073
2.2552829345849843
2.2552842185663446
2.2552854073334956
2.255286435365797
2.255287263295586
2.255287879811836
2.255288296665602
2.2552885412375683
2.255288619250945
2.2552885054868623
2.255288162271896
2.2552875615145473
2.2552866968389784
2.2552855850461095
2.2552842611868935
2.2552827714905916
2.2552811667512014
2.2552794972723764
2.2552778095466213
2.2552761444138283
2.255274536315296
2.2552730132780847
2.2552715973379596
2.255270305190387
2.2552691489288557
2.255268136783063
2.2552672738072013
2.255266562493726
2.2552660033039826
2.255265595116528
2.2552653355992227
2.2552652215136106
2.2552652489608667
2.2552654135783725
2.255265710695251
2.2552661354542076
2.2552666829060057
2.2552673480819103
2.2552681260485268
2.2552690119486702
2.255270001031224
2.2552710886723712
2.255272270390112
2.255273541853583
2.2552748988883975
2.2552763374789455
2.255277853768411
2.2552794440570887
2.2552811047994523
2.2552828326003347
2.255284624210487
2.255286476521728
2.2552883865618463
2.25529035148937
2.255292368588304
2.2552944352628947
2.255296549032475
2.2552987075264306
2.2553009084793
2.2553031497260374
2.255305429197446
2.2553077449157812
2.2553100949905365
2.255312477614403
2.255314891059404
2.255317333673203
2.25531980387558
2.2553223001550635
2.255324821065726
2.255327365224125
2.2553299313063886
2.2553325180454444
2.2553351242283712
2.255337748693888
2.2553403903299554
2.255343048071496
2.2553457208982235
2.255348407832577
2.2553511079377553
2.255353820315844
2.255356544106035
2.255359278482931
2.2553620226549342
2.2553647758627084
2.2553675373777193
2.255370306500842
2.255373082561039
2.2553758649140985
2.2553786529414377
2.255381446048958
2.2553842436659606
2.25538704524411
2.255389850256451
2.2553926581964707
2.255395468577204
2.2553982809303856
2.2554010948056398
2.255403909769709
2.2554067254057215
2.25540954131249
2.2554123571038476
2.2554151724080125
2.2554179868669846
2.2554208001359686
2.255423611882828
2.2554264217875586
2.2554292295417953
2.2554320348483325
2.2554348374206756
2.255437636982609
2.2554404332677827
2.255443226019323
2.2554460149894577
2.2554487999391593
2.2554515806378066
2.255454356862857
2.255457128399541
2.255459895040565
2.2554626565858285
2.2554654128421574
2.2554681636230454
2.2554709087484093
2.255473648044356
2.255476381342956
2.2554791084820334
2.2554818293049586
2.255484543660455
2.2554872514024114
2.2554899523897043
2.2554926464860263
2.255495333559725
2.255498013483644
2.255500686134977
2.2555033513951206
2.2555060091495407
2.255508659287639
2.2555113017026307
2.255513936291419
2.2555165629544853
2.2555191815957727
2.255521792122585
2.2555243944454824
2.255526988478183
2.25552957413747
2.255532151343103
2.255534720017728
2.255537280086798
2.2555398314784894
2.255542374123628
2.255544907955613
2.255547432910348
2.25554994892617
2.2555524559437847
2.2555549539062034
2.2555574427586795
2.2555599224486533
2.2555623929256905
2.2555648541414306
2.2555673060495325
2.2555697486056228
2.2555721817672474
2.2555746054938233
2.255577019746592
2.255579424488576
2.255581819684532
2.2555842053009143
2.25558658130583
2.2555889476690014
2.255591304361728
2.255593651356849
2.2555959886287087
2.2555983161531197
2.2556006339073313
2.2556029418699954
2.255605240021135
2.255607528342114
2.2556098068156065
2.2556120754255673
2.255614334157204
2.2556165829969506
2.2556188219324373
2.2556210509524677
2.2556232700469905
2.2556254792070765
2.255627678424894
2.255629867693685
2.2556320470077407
2.2556342163623815
2.2556363757539333
2.2556385251797058
2.255640664637973
2.255642794127952
2.2556449136497823
2.255647023204506
2.255649122794051
2.255651212421209
2.2556532920896197
2.2556553618037514
2.2556574215688845
2.2556594713910934
2.25566151127723
2.255663541234907
2.2556655612724823
2.2556675713990426
2.2556695716243884
2.255671561959017
2.2556735424141108
2.2556755130015196
2.255677473733748
2.2556794246239407
2.2556813656858674
2.255683296933912
2.2556852183830576
2.2556871300488726
2.2556890319475005
2.255690924095643
2.255692806510553
2.2556946792100168
2.255696542212348
2.2556983955363696
2.255700239201408
2.2557020732272774
2.2557038976342714
2.2557057124431505
2.2557075176751327
2.255709313351881
2.255711099495494
2.2557128761284964
2.255714643273828
2.2557164009548343
2.2557181491952556
2.2557198880192186
2.2557216174512265
2.2557233375161503
2.2557250482392197
2.255726749646012
2.2557284417624466
2.2557301246147734
2.255731798229567
2.255733462633715
2.255735117854413
2.2557367639191543
2.2557384008557233
2.2557400286921854
2.2557416474568828
2.2557432571784233
2.255744857885676
2.25574644960776
2.255748032374042
2.255749606214125
2.255751171157842
2.2557527272352527
2.2557542744766312
2.255755812912464
2.2557573425734407
2.255758863490448
2.2557603756945643
2.2557618792170517
2.2557633740893523
2.2557648603430795
2.2557663380100137
2.2557678071220955
2.2557692677114205
2.255770719810234
2.255772163450925
2.25577359866602
2.2557750254881777
2.255776443950185
2.255777854084951
2.2557792559255008
2.255780649504973
2.2557820348566113
2.2557834120137623
2.25578478100987
2.2557861418784704
2.255787494653188
2.2557888393677294
2.255790176055881
2.255791504751503
2.2557928254885256
2.2557941383009448
2.2557954432228184
2.255796740288261
2.2557980295314404
2.2557993109865744
2.2558005846879254
2.2558018506697985
2.255803108966535
2.2558043596125117
2.2558056026421345
2.2558068380898373
2.255808065990076
2.255809286377328
2.2558104992860852
2.255811704750854
2.2558129028061504
2.2558140934864963
2.255815276826417
2.255816452860439
2.2558176216230863
2.255818783148875
2.2558199374723156
2.2558210846279043
2.255822224650125
2.255823357573443
2.255824483432305
2.255825602261134
2.255826714094329
2.2558278189662606
2.2558289169112697
2.2558300079636635
2.255831092157715
2.25583216952766
2.255833240107694
2.2558343039319704
2.255835361034598
2.25583641144964
2.2558374552111107
2.2558384923529724
2.255839522909137
2.2558405469134595
2.2558415643997387
2.255842575401716
2.2558435799530705
2.2558445780874194
2.2558455698383164
2.2558465552392475
2.255847534323633
2.2558485071248224
2.2558494736760943
2.2558504340106555
2.255851388161637
2.255852336162095
2.255853278045008
2.255854213843276
2.255855143589718
2.255856067317072
2.2558569850579926
2.25585789684505
2.2558588027107294
2.255859702687428
2.255860596807455
2.255861485103031
2.255862367606284
2.2558632443492526
2.25586411536388
2.255864980682018
2.2558658403354217
2.25586669435575
2.2558675427745647
2.255868385623331
2.2558692229334127
2.2558700547360746
2.2558708810624815
2.2558717019436947
2.255872517410674
2.2558733274942755
2.2558741322252502
2.2558749316342457
2.255875725751802
2.255876514608353
2.2558772982342266
2.2558780766596414
2.255878849914707
2.2558796180294256
2.255880381033687
2.2558811389572733
2.2558818918298527
2.255882639680984
2.2558833825401123
2.2558841204365714
2.2558848533995803
2.255885581458246
2.2558863046415607
2.2558870229784014
2.2558877364975305
2.255888445227596
2.255889149197128
2.2558898484345424
2.2558905429681384
2.2558912328260967
2.255891918036483
2.255892598627244
2.2558932746262097
2.2558939460610907
2.2558946129594815
2.255895275348856
2.2558959332565696
2.255896586709861
2.255897235735847
2.255897880361526
2.2558985206137776
2.2558991565193613
2.2558997881049168
2.2559004153969635
2.2559010384219014
2.2559016572060107
2.25590227177545
2.255902882156259
2.255903488374357
2.255904090455542
2.2559046884254923
2.255905282309765
2.255905872133798
2.255906457922907
2.2559070397022896
2.255907617497021
2.255908191332056
2.25590876123223
2.2559093272222577
2.2559098893267335
2.2559104475701317
2.2559110019768056
2.255911552570989
2.255912099376798
2.255912642418224
2.255913181719143
2.2559137173033097
2.255914249194359
2.255914777415807
2.2559153019910503
2.255915822943367
2.255916340295916
2.2559168540717365
2.255917364293751
2.2559178709847627
2.255918374167456
2.255918873864399
2.2559193700980398
2.2559198628907113
2.2559203522646274
2.2559208382418863
2.2559213208444673
2.2559218000942343
2.255922276012936
2.2559227486222033
2.2559232179435513
2.25592368399838
2.255924146807974
2.255924606393503
2.2559250627760212
2.255925515976469
2.2559259660156723
2.2559264129143433
2.2559268566930792
2.2559272973723665
2.2559277349725755
2.2559281695139664
2.2559286010166857
2.2559290295007686
2.2559294549861377
2.255929877492604
2.2559302970398685
2.255930713647521
2.2559311273350398
2.255931538121794
2.255931946027044
2.2559323510699394
2.2559327532695206
2.25593315264472
2.2559335492143617
2.255933942997161
2.255934334011726
2.2559347222765593
2.255935107810054
2.2559354906304976
2.2559358707560717
2.2559362482048524
2.2559366229948106
2.2559369951438106
2.2559373646696144
2.2559377315898783
2.255938095922155
2.255938457683894
2.2559388168924417
2.2559391735650416
2.255939527718836
2.2559398793708634
2.2559402285380625
2.255940575237271
2.2559409194852247
2.2559412612985605
2.2559416006938147
2.255941937687424
2.255942272295727
2.2559426045349626
2.2559429344212725
2.2559432619706996
2.2559435871991904
2.255943910122594
2.255944230756663
2.255944549117054
2.2559448652193277
2.2559451790789495
2.2559454907112904
2.2559458001316264
2.2559461073551392
2.255946412396918
2.2559467152719583
2.255947015995162
2.25594731458134
2.255927813278901
2.2558917587771754
2.255844064417806
2.2557887732305
2.255728909836599
2.2556666735766893
2.2556036431798265
2.2555409404637063
2.2554793528926336
2.255419423600773
2.255361517221925
2.2553058680539895
2.255252615376093
2.255201829411038
2.255153530455366
2.2551077030013618
2.2550643061752327
2.2550232814566273
2.254984558385962
2.254948058778665
2.2549136998292116
2.2548813963882317
2.254851062622953
2.254822613217415
2.2547959642291384
2.2547710336894506
2.2547477420127477
2.254726012263625
2.2547057703186137
2.2546869449501044
2.254669467853192
2.254653273631017
2.2546382997503103
2.2546244864759175
2.254611776790894
2.2546001163070795
2.254589453169823
2.2545797379595833
2.2545709235923925
2.254562965220662
2.2545558201353777
2.2545494476704353
2.2545438091096375
2.2545388675966906
2.254534588048429
2.2545309370713698
2.2545278828816633
2.2545253952284225
2.254523445320396
2.2545220057559128
2.2545210504560123
2.2545205546006604
2.2545204945679393
2.2545208478761025
2.2545215931283757
2.2545227099603915
2.2545241789901445
2.2545259817703482
2.2545281007430957
2.254530519196708
2.254533190594353
2.254536034748022
2.2545389604363373
2.2545418901357013
2.25454477356228
2.254547589577161
2.254550341084094
2.2545530474425557
2.2545557371930856
2.254558442314604
2.254561194255217
2.254564021512621
2.2545669483905404
2.2545699945649615
2.25457317516157
2.2545765011247396
2.2545799797277692
2.254583615127874
2.254587408908097
2.254591360574596
2.2545954679948315
2.2545997277726824
2.254604135562621
2.254608686328284
2.254613374552164
2.2546181944034536
2.2546231398707506
2.2546282048657
2.2546333833029015
2.2546386691606193
2.254644056526111
2.2546495396287334
2.2546551128633965
2.254660770806467
2.2546665082258017
2.2546723200862564
2.2546782015517386
2.254684147984653
2.254690154943402
2.2546962181784598
2.2547023336274306
2.2547084974094003
2.2547147058188286
2.2547209553191574
2.2547272425362896
2.2547335642520334
2.254739917397595
2.254746299047183
2.2547527064117516
2.254759136832933
2.2547655877771584
2.2547720568299927
2.254778541690686
2.254785040166943
2.2547915501699096
2.254798069709381
2.2548045968892163
2.254811129902959
2.2548176670296636
2.254824206629904
2.254830747141978
2.254837287078283
2.2548438250218656
2.2548503596231324
2.2548568895967187
2.2548634137185064
2.2548699308227813
2.2548764397995305
2.254882939591865
2.2548894291935686
2.254895907646762
2.2549023740396805
2.2549088275045555
2.2549152672156008
2.2549216923870934
2.254928102271545
2.2549344961579627
2.254940873370193
2.2549472332653413
2.2549535752322716
2.254959898690174
2.2549661725045405
2.2549723312084153
2.2549782976229364
2.25498400758238
2.2549894234837384
2.2549945362163477
2.2549993600950238
2.2550039253125527
2.2550082707037093
2.2550124380381167
2.255016468082702
2.255020398209999
2.2550242611792797
2.2550280847248407
2.2550318916534433
2.2550357002316628
2.255039524713195
2.2550433759098736
2.255047261748722
2.2550511877836357
2.2550551576472846
2.2550591734393337
2.2550632360531453
2.255067314909525
2.2550713444141826
2.2550752467308675
2.2550789566124814
2.255082435038217
2.255085671222727
2.2550886776214782
2.2550914824462094
2.255094122481348
2.255096637418674
2.255099065951921
2.255101443408978
2.2551038005502004
2.255106163168581
2.2551085521949865
2.255110984090229
2.255113471374807
2.255116023200687
2.2551186459079156
2.255121343535024
2.2551241182690647
2.255126940349336
2.2551297446419967
2.2551324534671786
2.2551350014591516
2.255137349234866
2.2551394549835435
2.2551412657792524
2.255142732692015
2.2551438282681904
2.2551445543739015
2.2551449402132255
2.2551450349138102
2.2551448988107192
2.255144595845903
2.2551441879978023
2.2551437317611667
2.255143276303867
2.2551428324389677
2.2551423690562684
2.2551418362425464
2.255141190689168
2.2551404100447012
2.2279007592930684
2.1790197737953614
2.1154574197901965
2.0421833408556767
1.962641250872157
1.879254854695613
1.7937507819109182
1.7073660077509674
1.6209867098092556
1.5352451897248534
1.450588643462732
1.3673285038231442
1.285676409604896
1.2057710104183526
1.127697495320069
1.051501716330217
0.9772008979598338
0.9047918819130014
0.834256958639207
0.7655681787540872
0.6986904838502398
0.6335837813422548
0.5702049954602214
0.5085097026021173
0.4484528008646369
0.3899894136797542
0.3330752198988798
0.27766676613541974
0.2237215280414932
0.17119820581810777
0.12005682407598744
0.0702587734085406
0.02176636207007312
-0.025456873634530496
-0.07144612168997817
-0.11623521961785999
-0.15985648297455712
-0.20234089945711375
-0.24371823264878847
-0.2840171015376566
-0.32326505852766374
-0.3614886663642801
-0.39871353518688535
-0.43496467829246144
-0.47026628035546975
-0.5046415348052524
-0.538112760089154
-0.5707016485416683
-0.6024291441959356
-0.6333154482025596
-0.6633802906507902
-0.6926427155309174
-0.7211210921007067
-0.7488331653842281
-0.7757961021575833
-0.8020265853092293
-0.8275410396053948
-0.8523553067327907
-0.876484697409832
-0.899944214657696
-0.9227483855261099
-0.9449112616308813
-0.9664464654307418
-0.9873672279375042
-1.0076864169780821
-1.0274165816896057
-1.0465699691350152
-1.0651584894659378
-1.083193750650509
-1.1006870750805744
-1.1176495462427773
-1.134092005553564
-1.1500250295756096
-1.1654589629496583
-1.1804039338376946
-1.1948698449065545
-1.2088663609289945
-1.2224029053471777
-1.2354886665164273
-1.2481326096194916
-1.2603434902633037
-1.2721298673040347
-1.2835001138631374
-1.294462426374401
-1.3050248319148186
-1.3151951941985012
-1.3249812185978465
-1.3343904606837422
-1.3434303358544977
-1.352108113710674
-1.384017943882863
-1.4341262631037515
-1.49641741750411
-1.5666706490211373
-1.6419932342448798
-1.7203615725200128
-1.8003388203819772
-1.8808977963090823
-1.961302595045438
-2.041026947977712
-2.1196979908430658
-2.1970546836807827
-2.2729184380370806
-2.3471725805930697
-2.419744006660543
-2.490591356908111
-2.5596965867394386
-2.627058634735122
-2.6926889450687983
-2.756608799361554
-2.8188464109702003
-2.87943387295908
-2.9384052081283816
-2.9957955154021185
-3.0516408508603523
-3.105978347452232
-3.1588440964097657
-3.2102738576550283
-3.2603030386947327
-3.308965784966983
-3.356295375488723
-3.4023240489533384
-3.4685091217911252
-3.550090019417913
-3.6415625323504375
-3.739127134030893
-3.840212895318807
-3.9430420228102645
-4.067057297194483
-4.206538085373785
-4.3553926433129035
-4.509426714987357
-4.665814115799216
-4.822615864287213
-4.978491482366314
-5.13252145153325
-5.284078223978247
-5.432741787937858
-5.57824539501789
-5.720427123445884
-5.859198915032852
-5.994532801291352
-6.1264412892090645
-6.254967347077068
-6.380169940229276
-6.502119526983115
-6.620891496861213
-6.736566104006878
-6.849228113064624
-6.958964585012257
-7.065858587820372
-7.169992554533568
-7.271446141871091
-7.37029674664903
-7.466620823959589
-7.560492513674724
-7.651981103722426
-7.741151798006955
-7.828067101529946
-7.912788669262096
-7.995373789366335
-8.075876195697068
-8.154349422189608
-8.23084478820153
-8.305411935051064
-8.378099204030494
-8.44895340022804
-8.518018183448158
-8.585334462554192
-8.65094334270082
-8.714884318377676
-8.777194366883224
-8.83790878956848
-8.897061827343984
-8.95468884728743
-9.010824829749037
-9.06550303774781
-9.11875613114924
-9.170613257074896
-9.221101853613776
-9.27024819026241
-9.318077561623191
-9.364614426679166
-9.426257350046168
-9.499235641449838
-9.579436198811257
-9.664091717179423
-9.75134684729178
-9.839917904449853
-9.928898006095235
-10.017635408138677
-10.10566141531406
-10.192640991265648
-10.278331297323051
-10.362558378936768
-10.445199660870449
-10.526172404089506
-10.605427521684947
-10.682937546960119
-10.758689721249102
-10.832682383341789
-10.904922709670329
-10.975424232682766
-11.044205071574954
-11.126422541313133
-11.218549650469416
-11.316794331263395
-11.418626675911003
-11.522357949437824
-11.62681983644514
-11.731184615227496
-11.834858598919615
-11.937414586128975
-12.038544762615562
-12.138033179737285
-12.235735362846697
-12.331549024525456
-12.425413701124533
-12.517293991657095
-12.607172316447794
-12.695044181574069
-12.780915420663659
-12.864800642234483
-12.946723947165353
-13.026714650517473
-13.104805438789423
-13.181032532708274
-13.255429363867192
-13.328029012237469
-13.398864835143495
-13.467970589946612
-13.535382892398763
-13.601139965337001
-13.665277788050911
-13.727832097119876
-13.78883748050456
-13.84832524234188
-13.906324649686532
-13.962864196738142
-14.017971626871667
-14.071675613251534
-14.124006770379383
-14.174992408530844
-14.22465827574672
-14.273028841583756
-14.320127543797234
-14.365977204790632
-14.410599838105906
-14.454016675895202
-14.496248244709982
-14.537314045839434
-14.577234968230048
-14.616031004510223
-14.653724172797316
-14.690334535850939
-14.725880698533254
-14.760380179271767
-14.793849640823504
-14.826305037967582
-14.857761736571451
-14.88823460986041
-14.917738108937643
-14.94628632583851
-14.973893033272104
-15.000571703670785
-15.026335571800681
-15.051199858039292
-15.075177711779958
-15.098281603291658
-15.12052360234387
-15.141915531428879
-15.162468973850576
-15.18219524659866
-15.201105395932943
-15.219210210081966
-15.236520237143862
-15.253045802243511
-15.268797022100172
-15.283783816891864
-15.29801599541385
-15.311503225868105
-15.32425501828261
-15.336280703559048
-15.347589421471561
-15.358190140528421
-15.381206411566058
-15.41385039250004
-15.453055934125624
-15.496753320778387
-15.543529828114005
-15.592372964683914
-15.642532100292987
-15.693438429549673
-15.744657491935683
-15.795854232222036
-15.846766360998984
-15.89718767446827
-15.946956012350084
-15.995944124022554
-16.044051897099703
-16.09120460234579
-16.137343062308254
-16.18242208729652
-16.226408378954794
-16.269278395839386
-16.311017431568686
-16.35161783745236
-16.39107623341935
-16.429393189419343
-16.466572676941983
-16.502621411009464
-16.537548363665923
-16.57136426375296
-16.604081133808865
-16.635712080192768
-16.66627099937214
-16.69577231046003
-16.72423052314984
-16.75165941819048
-16.778073382203907
-16.803487260458574
-16.827916113358032
-16.851377084093638
-16.873887470335955
-16.895463365745407
-16.916120123175496
-16.935872421907565
-16.954734366406417
-16.972719675541228
-16.989841722157816
-17.00611353043444
-17.021548400261498
-17.036159808571227
-17.049960044208134
-17.062960869589297
-17.07517368179667
-17.08660958617889
-17.097279394298802
-17.10719363344251
-17.116362568276028
-17.12479622072739
-17.132504384380887
-17.151900791503042
-17.180447550912312
-17.215322904535178
-17.254619222001583
-17.29702432398682
-17.3415883678918
-17.387598083926818
-17.446637825390876
-17.515687445165934
-17.591563617227422
-17.672071255445008
-17.75566981147774
-17.84122802640208
-17.92788920291336
-18.0149906929252
-18.102016050797772
-18.188575271912207
-18.27435678969435
-18.359113956037618
-18.44265274197227
-18.524822435509705
-18.60550484101294
-18.68460608622799
-18.76205800151387
-18.837814357213162
-18.911846893241613
-18.984139640881768
-19.0546869919291
-19.123496916257405
-19.190580314192868
-19.25595089048843
-19.319634138766872
-19.381656885377712
-19.442046770897594
-19.500832134469384
-19.55804190216878
-19.613705585871074
-19.66785341037176
-19.720515912880312
-19.77172184390679
-19.82150003808117
-19.86987987497496
-19.916890798663555
-19.96256144926403
-20.006919095272725
-20.049991692659926
-20.091809824639032
-20.13240060271548
-20.17178978924866
-20.21000217395515
-20.2470616831486
-20.282991430368163
-20.31781375798163
-20.351552398090465
-20.384232859385587
-20.41587737079076
-20.44650608846398
-20.4761378991374
-20.5047907784678
-20.532481945625307
-20.55922803360039
-20.585045052887114
-20.609948324444908
-20.633952395057843
-20.657071270961882
-20.679318535103334
-20.700707384426806
-20.721250717009205
-20.740961088877928
-20.759850678798742
-20.77793128122286
-20.795214314062353
-20.811710831733674
-20.82743154459528
-20.84238685590855
-20.85658687291959
-20.870041441773797
-20.882760144574938
-20.894752284744534
-20.90602688774594
-20.916592715589218
-20.92645826865837
-20.93563178261722
-20.94412138665205
-20.951934935463584
-20.959079964822664
-20.965563717848358
-20.971393182879
-20.97657511557801
-20.981116054621022
-20.985022335683347
-20.988300104372364
-20.99095532787837
-20.99299380523709
-20.99442117629336
-20.995242929552283
-20.995464409122913
-20.995090820940316
-20.99412723841995
-20.992578612196954
-20.990449778975332
-20.98774546649084
-20.984470295430956
-20.980628783243148
-20.976225350970736
-20.971264326284853
-20.96574994299355
-20.959686339826717
-20.953077560225267
-20.945927553562036
-20.938240177577164
-20.9300192065383
-20.92126833605809
-20.911991183837767
-20.902191289695697
-20.891872116994595
-20.881037055724473
-20.869689426652105
-20.857832486128213
-20.845469434650663
-20.832603420893076
-20.81923709585013
-20.805372234088193
-20.791011112131994
-20.776156235617098
-20.76081020831403
-20.74497542421854
-20.728653747661344
-20.711847139286
-20.694557760274044
-20.676787927806856
-20.658540061366235
-20.639816643014477
-20.62062019060825
-20.60095332754594
-20.58067088363967
-20.559794133387253
-20.538356818168655
-20.516387899765718
-20.49391052322351
-20.470942788090767
-20.447499063679288
-20.42359098759895
-20.39922815432691
-20.374417808044054
-20.349164718214137
-20.323473428597595
-20.297348325146945
-20.27079356853957
-20.243813073204763
-20.216409700091766
-20.18858556819011
-20.160342833185414
-20.131683812397263
-20.102610942959476
-20.073126732907085
-20.043234211462572
-20.01293629760462
-19.982235582521028
-19.95113651252149
-19.91964340886594
-19.887762481837346
-19.85549845144915
-19.82285222496123
-19.78982457488486
-19.75641653016214
-19.722629350482347
-19.6884644982286
-19.653922144873285
-19.619002454774844
-19.583706152481344
-19.548034522649257
-19.5119893062377
-19.475572608949992
-19.438786833692316
-19.401634657025323
-19.364119006923413
-19.326243034610457
-19.28800768514728
-19.249413979435687
-19.210463988839386
-19.17116013499546
-19.131505246240334
-19.091500971378736
-19.051149062590476
-19.010451990488825
-18.969413172269817
-18.928040173101426
-18.8863392896145
-18.844315466808055
-18.801973241396908
-18.759316981409874
-18.716348995475105
-18.673070357705544
-18.629488876002114
-18.585611288620004
-18.5414425938703
-18.4969860145372
-18.45224556662738
-18.407226744755157
-18.361934357409393
-18.31637309963767
-18.270547741624036
-18.22446318770432
-18.1781245024995
-18.13153529341272
-18.08469683586881
-18.037611852125604
-17.99028434497579
-17.942718756674527
-17.894923410448698
-17.846904034406332
-17.79866639149219
-17.75021650325338
-17.701560750901603
-17.65270579746722
-17.603661273449156
-17.554435193765485
-17.505030768142625
-17.455454919534493
-17.405718161482206
-17.3558278716769
-17.305790051361512
-17.255610267955817
-17.205294266201694
-17.15484806030206
-17.104277948401904
-17.053590478657213
-17.00279243364808
-16.95189078829037
-16.900894583014846
-16.84980938776136
-16.798642116893376
-16.74739946666178
-16.69608682207144
-16.644709203891342
-16.5932718259494
-16.541780178842885
-16.490239899642113
-16.43865668473479
-16.387036343241768
-16.33538511536618
-16.283707639511455
-16.232013803117997
-16.18031166312711
-16.128607725813605
-16.076907581321134
-16.02521667523204
-15.973542278415595
-15.921894773551696
-15.870283228339357
-15.818713159961296
-15.767188775350125
-15.715713797325398
-15.664289671443651
-15.612918534810563
-15.56160321446733
-15.510346739906348
-15.459152311987909
-15.408023102796632
-15.356962185703658
-15.30597263871395
-15.255057769640858
-15.204220939702356
-15.15346685848157
-15.102803385694745
-15.0522379681304
-15.001775463094415
-14.951419738989852
-14.901178101811881
-14.851053458835914
-14.801047048921404
-14.751159336332542
-14.701390389058517
-14.65174010633591
-14.602208906653624
-14.552797443068199
-14.503506344590534
-14.45433589803321
-14.405286702607297
-14.356359785146028
-14.307559236118747
-14.25888796616737
-14.210347114407957
-14.161936863873605
-14.11365683431438
-14.065506334599691
-14.033384150463503
-14.014662366013308
-14.00604016329292
-14.005187643492937
-14.010432454523526
-14.020505262335828
-14.03440228357266
-14.051307886908788
-14.07054708933746
-14.091554205357514
-14.113851564322877
-14.13703387118215
-14.160755186734926
-14.184719727148549
-14.208674629423445
-14.232404404949916
-14.255725573124671
-14.278483236844853
-14.300547371558173
-14.321808416624037
-14.342175174574365
-14.36157291690408
-14.379941432230622
-14.397233081861987
-14.4134111662824
-14.428448528664179
-14.442326331179894
-14.45503295814715
-14.466563032107214
-14.476916550535842
-14.486098114623932
-14.494116221711229
-14.500982636458678
-14.506711841757586
-14.511320560823053
-14.514827340891383
-14.517252190457674
-14.518616263518586
-14.518941585380997
-14.518250815355033
-14.516567042206171
-14.513913608682197
-14.510313961803634
-14.505791525934605
-14.500369595946449
-14.494071248055487
-14.48691926616216
-14.478936081743806
-14.47014372555896
-14.460563789608699
-14.450217397971329
-14.43912520981266
-14.427307412598555
-14.414783700543834
-14.401573254860809
-14.387694732774921
-14.37316626499678
-14.358005459422953
-14.342229409049985
-14.325854702677288
-14.308897437453808
-14.306609360971718
-14.316282157807706
-14.334611929602342
-14.359281244033344
-14.388647680155596
-14.421488589265767
-14.45686059927095
-14.508898801591878
-14.574177092261058
-14.648847416563283
-14.730157585746214
-14.816114869156465
-14.905215378117914
-14.99629195917381
-15.088422706266329
-15.180878730782576
-15.273071359852295
-15.364526766719916
-15.454862658003481
-15.543772099949905
-15.631014437782177
-15.716410704519452
-15.79982544417786
-15.881155142503145
-15.960322113090893
-16.037270832773533
-16.111970730947114
-16.18440967517018
-16.254587189981255
-16.322514016792812
-16.388210313401327
-16.451703961344393
-16.51302881247266
-16.57222185478169
-16.629323877788785
-16.6843776390099
-16.73742803992618
-16.788521612869552
-16.83771055354477
-16.885047421154503
-16.930582716389598
-16.974365055644753
-17.01644152413521
-17.056858723816642
-17.09566191807003
-17.13289373032084
-17.168595482231837
-17.202806955870113
-17.23556617848301
-17.26691099518774
-17.29687775158547
-17.325501283329235
-17.35281512296525
-17.37885162557932
-17.403642010996577
-17.42721639865886
-17.44960381905054
-17.47083222391983
-17.490928505721445
-17.50991852238061
-17.52782712621999
-17.54467820105237
-17.560494702473285
-17.575298698844087
-17.589111411744092
-17.60195325531079
-17.613843877221488
-17.624802225608217
-17.63484657736753
-17.6439945525364
-17.652263131380078
-17.659668676993974
-17.666226961662225
-17.67195319486416
-17.67686205144871
-17.680967699108802
-17.68428382470586
-17.686823659248006
-17.68860000147008
-17.68962524004177
-17.689911374469435
-17.68947003477462
-17.688312500037046
-17.686449715888337
-17.683892311037614
-17.68065061290387
-17.676734662423364
-17.672154228093653
-17.666918819309956
-17.66103769904417
-17.654519895911967
-17.64737421566917
-17.63960925217486
-17.63123339785528
-17.64761529520824
-17.683844852399826
-17.73426585807644
-17.794990272089944
-17.863302317025155
-17.93720147142539
-18.01516624690351
-18.09601223070108
-18.178806377928133
-18.262796648192623
-18.347373087890503
-18.432032871162615
-18.516366316448302
-18.600038370789274
-18.682777257304306
-18.76436397226588
-18.84462335985925
-18.923415969948977
-19.00063099742608
-19.076183273574525
-19.150015137924264
-19.222086471949723
-19.292375763020512
-19.360870748276536
-19.42756709367459
-19.492467549344337
-19.55557943820519
-19.616914389982906
-19.6764885917677
-19.73432188077139
-19.79043937113013
-19.844869154106547
-19.897641353613192
-19.948787476519286
-19.998339869755014
-20.04633133862116
-20.09279944325186
-20.13777827020116
-20.181300635248288
-20.223398191479934
-20.264100415593678
-20.30343622869671
-20.341440234255774
-20.378144876602438
-20.4135805334158
-20.44777597807137
-20.4807586862582
-20.512554963222065
-20.543190086487105
-20.583345636072135
-20.630856938963053
-20.68334882740901
-20.739229328035375
-20.797408840104932
-20.85709960698925
-20.917709143049247
-20.978776601575692
-21.03994152212477
-21.100923611055926
-21.161500716234677
-21.221493844819197
-21.2807592224683
-21.339181588912165
-21.396669239869077
-21.45314941074858
-21.50857051506677
-21.562894183689878
-21.61608804424694
-21.668126418444967
-21.718991179312585
-21.768670738974965
-21.817159005042647
-21.864454458427907
-21.9105593707267
-21.955479143256188
-21.999221735715686
-22.041796963693557
-22.083219592623497
-22.123502961533823
-22.1626609145601
-22.200707928833
-22.23765896586242
-22.27352866775727
-22.308332035128156
-22.342084613631066
-22.37480232094662
-22.406501516284358
-22.43719879244687
-22.466910394512055
-22.49565196349398
-22.52344000123348
-22.550295105088143
-22.576235740187148
-22.60127849093819
-22.625438365693643
-22.64872925472922
-22.671164221489363
-22.692755789984297
-22.713516261937794
-22.733457719663125
-22.752591947700928
-22.77093041049291
-22.78848425544627
-22.805264287892726
-22.821280990603928
-22.83654457843892
-22.851065026181363
-22.864852068266394
-22.877915187095308
-22.890263601232874
-22.90190625781514
-22.91285182972058
-22.923108716685128
-22.932685049192067
-22.94158869414601
-22.949827261608494
-22.95740811209732
-22.964338364119403
-22.97062490172674
-22.976274383348304
-22.981293256920797
-22.98568778627969
-22.989464037770354
-22.992627837668046
-22.99518481129831
-22.997140413057526
-22.998499935625155
-22.99926850751501
-22.999451057352317
-22.999052326849466
-22.998076890293348
-22.99652868301122
-22.994411556346662
-22.991729387482422
-22.988486024736062
-22.98468524704553
-22.98033074189338
-22.97542609363044
-22.969974777584106
-22.963980157566116
-22.957445488257843
-22.950373922292876
-22.942768516551226
-22.93463223659569
-22.925967959972585
-22.916778474716033
-22.90706647500729
-22.896834557101748
-22.886085217085597
-22.874820850651652
-22.863043754481065
-22.850756128704507
-22.837960079999842
-22.824657625007884
-22.81085069385847
-22.796541133685313
-22.781730712055154
-22.76642112027412
-22.750613976560526
-22.734310829088425
-22.71751315891392
-22.700221738967972
-22.682436769332018
-22.664157398790778
-22.645383056734037
-22.626113768692342
-22.606349929174097
-22.586092049130418
-22.565340697334932
-22.544096488303406
-22.522360023974006
-22.50013155461701
-22.477411242555302
-22.454199290473294
-22.430495960658163
-22.40630156063886
-22.38161642448965
-22.356440897464392
-22.33077532499318
-22.304620045452086
-22.277975372985654
-22.250841559289167
-22.223218799432644
-22.19510725207437
-22.166504566230554
-22.137407503007864
-22.107813780418695
-22.077726389480162
-22.04714785753024
-22.01607956908202
-21.98452214016055
-21.952477497884395
-21.91994757501968
-21.886931736474846
-21.853428371138282
-21.819435569062936
-21.784951436841517
-21.749974228784613
-21.714502395037794
-21.678534594820615
-21.64206973914836
-21.605104030658822
-21.567632465003946
-21.529651316606646
-21.49115805578868
-21.452151019023162
-21.41262917045649
-21.3725919547501
-21.332038646184913
-21.290968280344227
-21.249379872702146
-21.207272673262775
-21.1646462873062
-21.121500767820674
-21.07783689512087
-21.03365288254973
-20.988942706871054
-20.943703506730824
-20.897937270201925
-20.851647408589823
-20.804840611364217
-20.757520383334676
-20.709688134501004
-20.661344396702233
-20.612489524361866
-20.56312405977858
-20.51324894234854
-20.46286324619388
-20.411963590581696
-20.360545366328413
-20.308606855043276
-20.25614924646732
-20.203173987168185
-20.149683435805002
-20.095681657215074
-20.04117357821796
-19.98616474966177
-19.93066232305086
-19.874674990901962
-19.818208168217183
-19.76126151170871
-19.70383603701421
-19.645939913785266
-19.587586438113398
-19.528787392180995
-19.469553664417916
-19.409898407160963
-19.349831368593847
-19.28936067768851
-19.22849475258893
-19.167240345499845
-19.10560193668154
-19.04358721637715
-18.98120670841043
-18.918475525868175
-18.855414042551583
-18.79203740931397
-18.728359111637264
-18.664393632775464
-18.60015896431397
-18.535671647072373
-18.470948132942986
-18.40601171179659
-18.340884092845048
-18.275585723409407
-18.210134007264898
-18.14454565001201
-18.078837844908534
-18.01302846341279
-17.947136145461048
-17.881182040545355
-17.815183757184858
-17.74916216101249
-17.683137571068304
-17.617127603413476
-17.551149405402345
-17.485220263025397
-17.419357657413286
-17.353579401608844
