-65.0
-64.70881402066539
-64.41893172125194
-64.13034418042972
-63.8430436982869
-63.55702255236993
-63.27227297089985
-62.98878741624809
-62.70655846559034
-62.42557779061158
-62.14583726550728
-61.867328898690694
-61.590044067371146
-61.313973438658934
-61.03910786833849
-60.76543833948915
-60.49295391775259
-60.22164357137628
-59.951496478007236
-59.682501357891134
-59.41464414648333
-59.14791116108379
-58.88228897564786
-58.617762089418875
-58.35431229701736
-58.091921886915905
-57.83057348445129
-57.570244991882575
-57.31091203276849
-57.05255089143489
-56.79513830782965
-56.538642278733896
-56.283029321220454
-56.02826685465482
-55.77432292290087
-55.521151104390626
-55.26870455254795
-55.01693766353064
-54.765805686919435
-54.515241679449524
-54.26517923405681
-54.01555364289283
-53.76630133380017
-53.51732644903868
-53.26853393232427
-53.01983097803158
-52.77112619187683
-52.52228263341458
-52.27316308707675
-52.023633098541026
-51.773559694143266
-51.522745580157036
-51.27099086321682
-51.01809845083982
-50.76387205567641
-50.50802022967796
-50.250248207580405
-49.9902624524905
-49.7277624122852
-49.4623037904816
-49.19344377374237
-48.92073479740354
-48.64366290983008
-48.361553689977995
-48.07372120333615
-47.779457748970266
-47.477811292108136
-47.16771799695219
-46.84806538177421
-46.51748683023648
-46.17430369119534
-45.81672604821934
-45.44252924820553
-45.04898984545471
-44.63312475321721
-44.190884502945515
-43.71764032782297
-43.20747806440967
-42.65310182786941
-42.04507446479225
-41.37161151508171
-40.61655945389145
-39.75880601327673
-38.7697594575586
-37.60968774444438
-36.22243575348142
-34.52806049590387
-32.41153828867275
-29.711889232012815
-26.22326612057426
-21.75402496165158
-16.33930069003288
-10.603238626194567
-5.7254673578604836
-2.5234475222541217
-0.8552026090563114
-0.11942865408302039
0.1758643271769474
0.292469985842253
0.3426540009792552
0.36937465061282615
0.3882238731188392
0.4048020407467201
0.42116836579481703
0.4381220197842784
0.455999891885988
0.47495994200258074
0.49508555961765266
0.5164260372004618
0.5390132123084974
0.5628686628190418
0.5880068703874813
0.6144365197936692
0.6421608685946164
0.6711776252558345
0.7014785608524329
0.7330489815514039
0.7658671410982183
0.7999036475472997
0.8351209047013011
0.8714726206191094
0.9089034103273832
0.9473485160251284
0.9867336647531492
1.0269750802124162
1.0679768262380618
1.1096338389727707
1.15183392026471
1.1944578452132717
1.2202060620043376
1.239865252797716
1.2560675212597467
1.2699037983636055
1.2819344387067397
1.2924657827151775
1.2998949166696625
1.3054076797870104
1.3093369854090313
1.3118383430560736
1.313000580930027
1.3128801009013418
1.3115170315724163
1.3089442253064887
1.3051926240490541
1.3002945051792278
1.294285391221578
1.2872050912627695
1.2790981233377556
1.2700137434983385
1.2600056923412208
1.2491317455130155
1.2374531330607044
1.2250338768956126
1.2119400845819825
1.1982392309007708
1.1839994561930012
1.1692888754208595
1.1541749395452379
1.1387238532349726
1.1230000553405437
1.1070657658484782
1.0909806008848817
1.0748012558999644
1.058581255575141
1.0423707675824034
1.026216476226356
1.0101615111832567
0.9942454259819674
0.9785040905048934
0.9629697741893337
0.9476715757035921
0.9326353647171506
0.9178838929899416
0.9034369344231751
0.8893114460640366
0.8755217431378488
0.8620796807476152
0.8489948376844267
0.8362746991510227
0.8239248359588408
0.8119490783118828
0.800349666949231
0.7891273637903583
0.7782817265506246
0.7678112186915272
0.757713322900218
0.7479846547601271
0.7386210721657807
0.7296177777664419
0.7209694134552174
0.712670146688831
0.7047137487456587
0.6970936655022995
0.6898030811532025
0.6828349752421887
0.6761821734259416
0.6698373924403704
0.6637932797571418
0.6580424489832677
0.6525775101305282
0.6473910956260934
0.6424758830443312
0.6378246147933454
0.633430114975169
0.6292853036811069
0.6253832089885347
0.6217169769113635
0.6182798795364126
0.6150653215571747
0.6120668109768345
0.609277994706824
0.6066926911510474
0.6043048808765376
0.6021086991224991
0.6000984309818883
0.5982685084660435
0.5966135085015274
0.5951281512600003
0.5938072985077639
0.5926459518271159
0.5916392506503554
0.5907824700939837
0.5900710186044289
0.5895004354379847
0.5890663880020199
0.588764669085166
0.5885911940028185
0.5885419976819816
0.58861323170679
0.5888011613433185
0.589102162559682
0.5895127190550453
0.5900294193090146
0.5906489536610008
0.5913681114274885
0.5921837780637098
0.5930929323749882
0.5940926437819509
0.5951800696428962
0.596352452635824
0.5976071182019667
0.598941472052094
0.6003529977363883
0.6018392542782617
0.6033978738721641
0.6050265596451272
0.6067230834815454
0.6084852839105063
0.610311064054798
0.6121983896870375
0.6141452873120008
0.6161498422427334
0.618210196756695
0.6203245483285745
0.6224911479266035
0.6247082936431765
0.62697432339044
0.6292876324537319
0.6316466690876534
0.6340499301941324
0.6364959582446731
0.6389833390286382
0.6415106998877789
0.6440767082368092
0.6466800702563645
0.649319529693741
0.6519938667346256
0.6547018969249145
0.657442470130898
0.6602144695313651
0.6630168106381652
0.6658484403434238
0.6687083359925027
0.671595504482205
0.6745089813839333
0.6774478300915402
0.6804111409935875
0.6833980306702613
0.6864076411098137
0.6894391389452866
0.6924917147238493
0.6955645822016334
0.6986569776583001
0.7017681592295734
0.7048974062579474
0.7080440186621846
0.7112073163259427
0.7143866385054476
0.7175813432559001
0.7207908068760127
0.7240144233700742
0.7272516039268849
0.7305017764149336
0.7337643848932109
0.7370388891371051
0.7403247641788312
0.743621499861938
0.7469286004093831
0.7502455840047502
0.7535719823861942
0.7569073404526876
0.7602512158821932
0.7636031787613768
0.7669628112265044
0.7703297071151703
0.7737034716285084
0.7770837210035805
0.7804700821955916
0.783862192569653
0.7872596996017858
0.7906622605888683
0.794069542367261
0.797481221039838
0.8008969817111474
0.8043165182304806
0.8077395329425628
0.811165736445677
0.8145948473569424
0.8180265920845723
0.821460704606863
0.8248969261719435
0.8283350038366484
0.8317746913877448
0.8352157509234012
0.8386579516840212
0.8421010694570416
0.8455448862321083
0.8489891899585763
0.85243377435204
0.8558784387268418
0.8593229878431756
0.8627672317628065
0.8662109857102608
0.8696540699378493
0.8730963095937649
0.8765375345929077
0.8799775794903383
0.8834162833573826
0.8868534896604219
0.8902890461424571
0.8937228047074625
0.8971546213075985
0.9005843558332772
0.9040118720060877
0.9074370372745539
0.9108597227127136
0.9142798029214572
0.9176971559325819
0.9211116631155262
0.9245232090866987
0.9279316816213544
0.9313369715679647
0.9347389727649893
0.9381375819600218
0.9415326987312125
0.9449242254109268
0.9483120670115701
0.9516961311535116
0.9550763279952112
0.9584525701665015
0.9618247727036057
0.9651928529850128
0.9685567306683718
0.9719163276288546
0.9752715678993182
0.9786223776123667
0.9819686849442846
0.9853104200607672
0.988647515064324
0.991979903754378
0.9953075216176945
0.998630305957508
1.0019481958832828
1.0052611317334659
1.008569056362306
1.0118719151985731
1.015169655331157
1.0184622252702016
1.021749574853186
1.0250316552008985
1.028308418693706
1.031579818955618
1.0348458108403555
1.03810635041683
1.041361394952999
1.0446109025348758
1.0478548321834156
1.051093144126301
1.0543257998230648
1.0575527619283613
1.0607739942465444
1.0639894616889325
1.0671991302353356
1.0704029668994286
1.0736009396972093
1.076793017617914
1.0799791705968922
1.0831593694900672
1.0863335860497
1.0895017929012736
1.0926639635213273
1.0958200722161344
1.0989700941011349
1.1021140050810512
1.1052517818306429
1.1083834017760403
1.1115088430766438
1.1146280846075365
1.117741105942574
1.1208478873411283
1.1239484097334285
1.1270426547037933
1.1301306044733137
1.1332122418831305
1.1362875503787209
1.1393565140121185
1.1424191174387042
1.1454753458969826
1.1485251851828435
1.151568621626646
1.1546056420751933
1.157636233877672
1.1606603848741395
1.1636780833854166
1.1666893182036642
1.1696940785832601
1.1726923542317829
1.1756841353010332
1.1786694123780885
1.181648176476394
1.1846204190269307
1.1875861318694765
1.1905453072439935
1.1934979377821482
1.1964440164989996
1.1993835367848389
1.202316492397212
1.2052428774531152
1.2081626860556154
1.211075912372773
1.2139825510587037
1.2168825972405068
1.2197760464693785
1.2226628946836913
1.225543138182244
1.228416773603976
1.2312837979119127
1.234144208380014
1.2369980025820835
1.2398451783821813
1.2426857339261594
1.2455196676340483
1.2483469781930965
1.2511676645513334
1.2539817259115418
1.2567891617255709
1.259589971688926
1.2623841557355957
1.2651717140330878
1.2679526469776348
1.2707269551895661
1.2734946395088187
1.2762557009905813
1.2790101409010586
1.2817579607133487
1.2844991621034276
1.2872337469462336
1.2899617173118516
1.2926830741472877
1.2953978149235372
1.2981059385090403
1.3008074450863496
1.3035023358049256
1.3061906125318987
1.3088722776863129
1.3115473341267134
1.3142157850727136
1.3168776340489101
1.3195328848439651
1.3221815414802442
1.324823608190932
1.3274590894025171
1.3300879897211884
1.3327103139220917
1.3353260669407034
1.3379352538657814
1.3405378799334897
1.343133950522423
1.345723471149292
1.3483064474651436
1.350882885251962
1.3534527904195952
1.3560161690029109
1.3585730271591587
1.3611233711751896
1.3636672074663476
1.3662045425691574
1.368735383133794
1.3712597359186502
1.3737776077868875
1.3762890057042623
1.378793936737615
1.3812924080536322
1.3837844269176856
1.3862700006926505
1.388749136837665
1.391221842906832
1.3936881265478573
1.3961479955006613
1.398601457595944
1.4010485207537489
1.4034891922601507
1.4059234791140116
1.408351388848721
1.4107729293123958
1.4131881085677653
1.415596934844587
1.4179994165117313
1.4203955620586615
1.4227853800823531
1.4251688792777055
1.4275460684303105
1.4299169564108667
1.4322815521707668
1.4346398647385348
1.4369919032168872
1.4393376767802475
1.4416771946726121
1.4440104662056714
1.446337500757127
1.4486583077691615
1.450972896747022
1.4532812772577
1.4555834589286785
1.457879451446742
1.4601692645568283
1.4624529080609276
1.464730391817008
1.4670017257379706
1.4692669197906325
1.4715259839947292
1.4737789284219376
1.4760257631949163
1.4782664984863645
1.4805011445180924
1.4827297115601126
1.4849522099297394
1.4871686499907038
1.4893790421522828
1.4915833968684395
1.493781724636976
1.4959740359986944
1.4981603415365756
1.5003406518749656
1.5025149771882567
1.504683325327246
1.5068457058406142
1.5090021287856663
1.5111526044969013
1.5132971434979363
1.5154357564526908
1.5175684541340488
1.519695247402433
1.521816147190635
1.5239311644928082
1.5260403103563418
1.5281435958757559
1.5302410321880415
1.5323326304744076
1.5344184019857703
1.5364983580304445
1.5385725099532404
1.5406408691218827
1.5427034469211593
1.5447602547515646
1.5468113040298985
1.5488566061904485
1.5508961726861392
1.552930014989425
1.5549581445928762
1.556980573009496
1.5589973117728062
1.5610083724430828
1.5630137667204695
1.5650135064013269
1.5670076033103753
1.5689960692619658
1.5709789160475431
1.5729561554368294
1.574927799184108
1.5768938590353172
1.5788543467342417
1.5808092740273416
1.5827586526672714
1.5847024944153143
1.5866408110429795
1.5885736143329825
1.5905009160797814
1.5924227280898018
1.5943390621814444
1.596249930184947
1.598155343942148
1.600055315306184
1.6019498561411492
1.6038389783217228
1.6057226937327878
1.607601014269034
1.6094739518345647
1.6113415183424937
1.6132037257145517
1.615060585880683
1.6169121107786557
1.6187583123536666
1.6205992025579543
1.6224347933504086
1.62426509669619
1.6260901245663468
1.627909888937438
1.6297244017911565
1.631533675113959
1.6333377208966944
1.6351365511342384
1.6369301778251297
1.6387186129712097
1.6405018685772654
1.6422799566506738
1.6440528892010502
1.645820678239902
1.6475833357802827
1.6493408738364483
1.65109330442352
1.6528406396251332
1.6545828915584033
1.6563200723374893
1.6580521940578696
1.6597792687934576
1.6615013085988388
1.6632183255127833
1.664930331561547
1.6666373387615188
1.6683393591211713
1.6700364046424274
1.6717284873215594
1.6734156191497445
1.6750978121133695
1.6767750781941546
1.678447429369152
1.6801148776106616
1.6817774348860823
1.683435113157729
1.6850879243826205
1.6867358805122545
1.6883789934923705
1.6900172752627087
1.6916507377567647
1.6932793929015455
1.6949032526173247
1.6965223288173996
1.6981366334078507
1.6997461782873005
1.7013509753466793
1.7029510364689882
1.7045463735290673
1.706136998393367
1.707722922919718
1.709304158957108
1.710880718345458
1.712452612915401
1.7140198544880634
1.71558245487485
1.717140425877229
1.7186937792865207
1.720242526883689
1.7217866804391335
1.7233262517124848
1.7248612524524025
1.726391694396376
1.727917589270524
1.7294389487894026
1.7309557846558092
1.7324681085605935
1.7339759321824688
1.7354792671878247
1.7369781252305443
1.7384725179518221
1.7399624569799852
1.741447953930315
1.7429290204048744
1.7444056679923332
1.7458779082734315
1.7473457530472554
1.748809214167641
1.7502683034359041
1.751723032571041
1.7531734132138894
1.7546194569406066
1.7560611752761366
1.7574985797050533
1.7589316816795506
1.760360492625063
1.7617850239440969
1.7632052870187838
1.764621293212535
1.7660330538710913
1.7674405803231603
1.768843883995809
1.770242976348903
1.771637868807183
1.7730285727413098
1.7744150994706696
1.7757974602712545
1.7771756663830953
1.7785497290160353
1.779919659353905
1.7812854685574302
1.7826471677662097
1.7840047681000346
1.7853582806597466
1.786707716527782
1.7880530867685
1.7893944024283712
1.7907316745360664
1.7920649141024845
1.79339413212074
1.7947193395661236
1.7960405473960457
1.7973577665499716
1.7986710079493498
1.7999802824975333
1.8012856010797063
1.802586974562802
1.803884413795427
1.8051779296077783
1.8064675330159712
1.8077532351935193
1.8090350472674623
1.8103129802562876
1.811587045073076
1.812857252544917
1.8141236134320988
1.8153861384431493
1.8166448382456513
1.8178997234737022
1.8191508047329303
1.8203980926038
1.8216415976437548
1.8228813303885805
1.8241173013532506
1.8253495210324389
1.826577999900814
1.8278027484131958
1.829023777004629
1.8302410960904032
1.8314547160660448
1.8326646473072867
1.833870900170036
1.8350734849903296
1.8362724120842961
1.8374676917481096
1.8386593342579491
1.8398473498699572
1.8410317488201975
1.8422125413246146
1.8433897375789947
1.844563347758923
1.845733382019744
1.8468998504965217
1.8480627633039988
1.8492221305365548
1.8503779622681653
1.8515302685903914
1.8526790598815903
1.8538243464762072
1.8549661385921694
1.856104446344427
1.8572392797689612
1.8583706488419058
1.8594985634928876
1.86062303361398
1.8617440690656324
1.862861679680553
1.8639758752662323
1.8650866656065654
1.866194060666012
1.867298070739966
1.868398706016753
1.8694959765148988
1.870589892111006
1.8716804625755805
1.872767697601164
1.873851606822071
1.8749321998276773
1.8760094861711816
1.8770834753753047
1.8781541769359542
1.8792216003245539
1.8802857549895038
1.8813466503570868
1.8824042958320168
1.8834587007977657
1.884509874616756
1.8855578266304687
1.8866025661595032
1.887644102503611
1.8886824449417154
1.8897176027319218
1.8907495851115255
1.8917784012970202
1.8928040604841045
1.8938265718476892
1.8948459445419032
1.8958621877001018
1.896875310434871
1.897885321838034
1.8988922309806548
1.899896046913041
1.9008967786647455
1.901894435244567
1.9028890256405488
1.9038805588199774
1.9048690437293772
1.9058544892945084
1.90683690442036
1.907816297991144
1.908792678870288
1.909766055900428
1.9107364379033993
1.9117038336802292
1.9126682521259513
1.9136297025728592
1.9145881941626537
1.9155437358528324
1.9164963364754894
1.9174460047772652
1.9183927494438349
1.919336579115043
1.920277502394376
1.9212155278549246
1.9221506640431392
1.923082919481181
1.9240123026683849
1.9249388220821584
1.9258624861785272
1.926783303392459
1.927701282138056
1.9286164308086617
1.929528757776927
1.930438271394844
1.931344979993772
1.9322488918844531
1.9331500153570287
1.9340483586810526
1.9349439301055102
1.9358367378588333
1.936726790148919
1.9376140959130292
1.9384986673841222
1.9393805154067565
1.9402596496716005
1.9411360791387986
1.9420098123166372
1.9428808574310767
1.9437492225288235
1.9446149155404762
1.9454779443193793
1.9463383166655055
1.947196040340057
1.9480511230742952
1.948903572574804
1.949753396526561
1.9506006025946843
1.951445198425397
1.952287191646537
1.9531265898678214
1.9539634006809847
1.9547976316598592
1.9556292903604355
1.9564583843209278
1.9572849210618424
1.958108908086063
1.9589303528789397
1.9597492629083892
1.9605656456249954
1.9613795084621113
1.9621908588359587
1.9629997041457221
1.9638060517736402
1.9646099090850844
1.9654112834286341
1.9662101821361415
1.967006612522788
1.967800581887132
1.9685920975111488
1.969381166660263
1.9701677965833726
1.9709519953567092
1.9717337708654412
1.9725131306304629
1.9732900819907067
1.9740646321825368
1.974836788377136
1.9756065577007462
1.9763739472464166
1.9771389640810055
1.9779016152493816
1.978661907776925
1.9794198486709997
1.980175444921797
1.980928703502796
1.981679631371006
1.9824282354670706
1.983174522715306
1.9839185000236979
1.9846601742838816
1.985399552371117
1.9861366411442605
1.9868714474457436
1.9876039781015526
1.98833423992121
1.9890622396977635
1.9897879842077735
1.9905114802113042
1.991232734451915
1.9919517536566536
1.9926685445360464
1.9933831137840934
1.9940954680782577
1.9948056140794583
1.9955135584320616
1.9962193077638706
1.996922868686115
1.997624247793441
1.9983234516639015
1.999020486858943
1.9997153599233959
2.0004080773854622
2.001098647202716
2.001787077324164
2.0024733747334125
2.0031575461101436
2.0038395979822576
2.004519536787358
2.005197368904742
2.005873100673522
2.0065467384031663
2.0072182883796583
2.0078877568690707
2.008555150119589
2.0092204743626274
2.0098837358134105
2.010544940671251
2.0112040951196652
2.011861205326403
2.012516277443439
2.01316931760696
2.0138203319373456
2.0144693265391673
2.0151163075011884
2.0157612808963794
2.016404252781941
2.0170452291993293
2.0176842161742927
2.0183212197169027
2.018956245821593
2.0195893004671945
2.020220389616973
2.020849519218661
2.021476695204493
2.0221019234912325
2.0227252099802024
2.023346560557311
2.023965981093072
2.02458347744263
2.0251990554457766
2.025812720926967
2.0264244796953372
2.0270343375447153
2.027642300253636
2.0282483735853476
2.028852563287825
2.029454875093777
2.0300553147206526
2.0306538878706504
2.031250600230723
2.031845457472584
2.032438465252714
2.0330296292123657
2.033618954977569
2.034206448159137
2.034792114352671
2.0353759591385656
2.035957988082016
2.0365382067330233
2.037116620626401
2.0376932352817807
2.038268056203621
2.038841088881213
2.039412338788692
2.039981811385041
2.0405495121141044
2.0411154464045946
2.0416796196701035
2.042242037309113
2.042802704705007
2.043361627226082
2.0439188102255605
2.044474259041604
2.045027978997326
2.045579975400809
2.046130253545115
2.0466788187083047
2.0472256761534515
2.0477708311286604
2.0483142888670822
2.0488560545869343
2.0493961334915163
2.0499345307692316
2.050471251593606
2.051006301123306
2.051539684502162
2.052071406859188
2.052601473308602
2.0531298889498513
2.0536566588676313
2.054181788131912
2.054705281797958
2.0552271449063557
2.0557473824830343
2.0562659995392942
2.056783001071828
2.0572983920627506
2.057812177479622
2.058324362275473
2.058834951388835
2.0593439497437656
2.0598513622498738
2.0603571938023513
2.0608614492819983
2.0613641335552515
2.061865251474215
2.0623648078766856
2.0628628075861863
2.0633592554119917
2.0638541561491603
2.0643475145785635
2.0648393354669157
2.0653296235668046
2.0658183836167217
2.0663056203410943
2.066791338450315
2.067275542640775
2.0677582375948913
2.068239427981144
2.0687191184541023
2.069197313654461
2.0696740182090703
2.070149236730968
2.0706229738194124
2.0710952340599147
2.0715660220242715
2.0720353422705973
2.0725031993433576
2.072969597773401
2.073434542077995
2.0738980367608546
2.0743600863121796
2.074820695208686
2.0752798679136397
2.075737608876889
2.076193922534901
2.0766488133107917
2.0771022856143615
2.077554343842129
2.0780049923773647
2.078454235590123
2.0789020778372795
2.0793485234625617
2.0797935767965843
2.0802372421568833
2.0806795238479494
2.0811204261612626
2.0815599533753257
2.0819981097556983
2.082434899555032
2.082870327013103
2.083304396356847
2.083737111800393
2.0841684775450973
2.0845984977795777
2.0850271766797484
2.0854545184088527
2.0858805271174976
2.0863052069436883
2.0867285620128624
2.087150596437923
2.0875713143192733
2.0879907197448504
2.0884088167901593
2.088825609518308
2.0892411019800394
2.089655298213767
2.0900682022456074
2.090479818089416
2.090890149746818
2.0912992012072453
2.091706976447968
2.09211347943413
2.09251871411878
2.092922684442909
2.093325394335481
2.093726847713466
2.094127048481876
2.0945260005337984
2.0949237077504272
2.0953201740010976
2.09571540314332
2.096109399022812
2.0965021654735336
2.0968937063177187
2.0972840253659086
2.0976731264169852
2.0980610132582047
2.09844768966523
2.098833159402163
2.0992174262215793
2.09960049386456
2.0999823660607237
2.1003630465282606
2.100742538973965
2.1011208470932665
2.101497974570265
2.101873925077761
2.1022487022772887
2.102622309819149
2.102994751342442
2.1033660304750974
2.103736150833909
2.104105116024565
2.104472929641682
2.104839595268835
2.10520511647859
2.1055694968325374
2.1059327398813212
2.1062948491646734
2.1066558282114434
2.107015680539632
2.1073744096564195
2.107732019058201
2.1080885122306166
2.1084438926485802
2.1087981637763145
2.1091513290673807
2.109503391964709
2.1098543559006298
2.1102042242969064
2.1105530005647646
2.110900688104923
2.1112472903076247
2.111592810552669
2.1119372522094393
2.1122806186369365
2.1126229131838086
2.1129641391883807
2.1133042999786853
2.113643398872494
2.113981439177345
2.1143184241905777
2.114654357199359
2.114989241480713
2.1153230803015552
2.1156558769187184
2.1159876345789836
2.116318356519111
2.116648045965867
2.1169767061360583
2.117304340236556
2.1176309514643292
2.1179565430064735
2.118281118040238
2.118604679733058
2.118927231242582
2.1192487757167013
2.1195693162935796
2.1198888561016807
2.120207398259799
2.120524945877087
2.1208415020530853
2.12115706987775
2.121471652431482
2.121785252785155
2.122097874000146
2.122409519128361
2.122720191212264
2.1230298932849063
2.123338628369954
2.123646399481716
2.123953209625174
2.1242590617960055
2.1245639589806173
2.1248679041561704
2.1251709002906076
2.125472950342683
2.125774057261987
2.1260742239889763
2.1263734534550003
2.1266717485823285
2.1269691122841774
2.127265547464739
2.127561057019206
2.127855643833801
2.128149310785803
2.1284420607435726
2.128733896566582
2.129024821105438
2.129314837201913
2.1296039476889685
2.129892155390782
2.1301794631227757
2.13046587369164
2.1307513898953627
2.1310360145232536
2.1313197503559707
2.131602600165547
2.131884566715417
2.132165652760442
2.1324458610469352
2.13272519431269
2.1330036552870046
2.1332812466907063
2.1335579712361796
2.13383383162739
2.134108830559911
2.134382970720948
2.1346562547893653
2.1349286854357103
2.1352002653222395
2.1354709971029426
2.135740883423569
2.1360099269216524
2.1362781302265352
2.136545495959394
2.136812026733264
2.1370777251530644
2.1373425938156227
2.1376066353096994
2.1378698522160122
2.1381322471072615
2.1383938225481542
2.1386545810954276
2.1389145252978743
2.1391736576963667
2.1394319808238804
2.13968949720552
2.139946209358539
2.1402021197923697
2.140457231008642
2.1407115455012096
2.140965065756174
2.141217794251907
2.1414697334590747
2.141720885840662
2.1419712538519953
2.1422208399407645
2.142469646547049
2.1427176761033397
2.142964931034563
2.1432114137581015
2.1434571266838205
2.143702072214089
2.1439462527438025
2.1441896706604076
2.1444323283439224
2.144674228166961
2.1449153724947565
2.1451557636851817
2.1453954040887737
2.145634296048756
2.1458724419010586
2.1461098439743447
2.1463465045900283
2.146582426062301
2.1468176106981502
2.1470520607973835
2.1472857786526505
2.147518766549464
2.1477510267662234
2.1479825615742336
2.148213373237731
2.148443464013902
2.1486728361529046
2.1489014918978935
2.1491294334850375
2.149356663143543
2.149583183095675
2.1498089955567794
2.1500341027353036
2.1502585068328166
2.1504822100440317
2.150705214556827
2.150927522552267
2.151149136204623
2.151370057681394
2.1515902891433276
2.1518098327444415
2.1520286906320436
2.1522468649467523
2.152464357822518
2.1526811713866434
2.1528973077598037
2.1531127690560674
2.1533275573829154
2.1535416748412644
2.1537551235254835
2.1539679055234164
2.154180022916402
2.154391477779293
2.1546022721804765
2.1548124081818942
2.155021887839063
2.1552307132010924
2.155438886310708
2.1556464092042673
2.155853283911782
2.1560595124569364
2.156265096857108
2.156470039123386
2.156674341260591
2.156878005267295
2.1570810331358388
2.157283426852355
2.1574851883967825
2.157686319742889
2.1578868228582895
2.1580866997044645
2.158285952236779
2.158484582404503
2.158682592150828
2.158879983412888
2.1590767581217754
2.1592729182025643
2.1594684655743244
2.1596634021501417
2.1598577298371384
2.160051450536488
2.1602445661434366
2.16043707854732
2.1606289896315825
2.160820301273795
2.1610110153456725
2.161201133713093
2.1613906582361158
2.1615795907689987
2.1617679331602173
2.1619556872524814
2.1621428548827537
2.162329437882267
2.162515438076543
2.16270085728541
2.162885697323019
2.1630699599978622
2.1632536471127914
2.1634367604650344
2.1636193018462127
2.163801273042359
2.1639826758339344
2.164163511995847
2.164343783297466
2.164523491502642
2.164702638369723
2.164881225651571
2.16505925509558
2.165236728443692
2.1654136474324144
2.165590013792836
2.165765829250647
2.1659410955261515
2.1661158143342867
2.166289987384639
2.1664636163814603
2.166636703023685
2.1668092490049475
2.1669812560135964
2.1671527257327123
2.167323659840124
2.167494060008425
2.16766392790499
2.1678332651919896
2.168002073526408
2.1681703545600595
2.168338109939602
2.168505341306557
2.1686720502973214
2.168838238543186
2.1690039076703513
2.169169059299942
2.169333695048024
2.169497816525619
2.169661425338722
2.169824523088315
2.169987111370384
2.170149191775933
2.1703107658910006
2.170471835296676
2.170632401569113
2.170792466279546
2.1709520309943064
2.1711110972748355
2.171269666677701
2.171427740754613
2.171585321052438
2.171742409113213
2.1718990064741637
2.1720551146677165
2.1722107352215145
2.172365869658433
2.172520519496592
2.172674686249375
2.1728283714254393
2.172981576528734
2.1731343030585144
2.173286552509354
2.173438326371161
2.1735896261291936
2.1737404532640734
2.1738908092517994
2.174040695563763
2.174190113666762
2.174339065023016
2.1744875510901798
2.174635573321357
2.1747831331651146
2.174930232065498
2.1750768714620454
2.1752230527897987
2.175368777479322
2.175514046956711
2.175658862643611
2.1758032259572277
2.175947138310343
2.176090601111328
2.1762336157641564
2.176376183668419
2.1765183062193367
2.1766599848077743
2.1768012208202547
2.176942015638971
2.177082370641801
2.1772222872023215
2.17736176668982
2.177500810469308
2.1776394199015368
2.1777775963430077
2.177915341145988
2.178052655658521
2.1781895412244427
2.178325999183392
2.178462030870826
2.178597637618031
2.178732820752138
2.1788675815961325
2.1790019214688705
2.179135841685089
2.1792693435554207
2.1794024283864046
2.179535097480502
2.179667352136106
2.179799193647556
2.179930623305149
2.180061642395154
2.180192252199824
2.1803224539974067
2.180452249062159
2.18058163866436
2.1807106240703207
2.1808392065423985
2.1809673873390096
2.1810951677146395
2.181222548919857
2.181349532201327
2.1814761188018195
2.181602309960225
2.1817281069115646
2.181853510887004
2.1819785231138638
2.182103144815632
2.1822273772119756
2.1823512215187537
2.182474678948029
2.1825977507080774
2.1827204380034035
2.18284274203475
2.18296466399911
2.183086205089738
2.183207366496164
2.183328149404201
2.183448554995961
2.1835685844498642
2.1836882389406496
2.1838075196393887
2.1839264277134958
2.18404496432674
2.1841631306392557
2.184280927807554
2.1843983569845355
2.1845154193194998
2.184632115958157
2.1847484480426402
2.1848644167115157
2.1849800230997927
2.185095268338938
2.185210153556884
2.1853246798780415
2.185438848423308
2.1855526603100826
2.185666116652273
2.1857792185603104
2.1858919671411567
2.1860043634983177
2.186116408731852
2.186228103938384
2.186339450211112
2.1864504486398224
2.1865611003108962
2.186671406307323
2.18678136770871
2.186890985591292
2.1870002610279444
2.1871091950881905
2.187217788838214
2.1873260433408697
2.1874339596556927
2.187541538838908
2.1876487819434445
2.1877556900189403
2.187862264111757
2.187968505264988
2.1880744145184705
2.1881799929087915
2.1882852414693024
2.1883901612301275
2.188494753218174
2.1885990184571424
2.1887029579675352
2.1888065727666683
2.1889098638686812
2.1890128322845452
2.1891154790220746
2.189217805085937
2.1893198114776617
2.18942149919565
2.1895228692351862
2.1896239225884457
2.189724660244505
2.1898250831893518
2.189925192405895
2.190024988873974
2.1901244735703673
2.1902236474688035
2.19032251153997
2.190421066751523
2.1905193140680965
2.190617254451311
2.1907148888597865
2.190812218249146
2.1909092435720297
2.191005965778103
2.1911023858140646
2.1911985046236566
2.191294323147675
2.191389842323976
2.1914850630874887
2.19157998637022
2.1916746131012688
2.1917689442068298
2.191862980610207
2.19195672323182
2.1920501729892146
2.1921433307970704
2.1922361975672113
2.1923287742086117
2.19242106162741
2.1925130607269114
2.1926047724076034
2.192696197567159
2.1927873371004485
2.1928781918995472
2.192968762853745
2.1930590508495538
2.193149056770717
2.1932387814982195
2.1933282259102924
2.193417390882426
2.1935062772873755
2.1935948859951706
2.1936832178731236
2.1937712737858392
2.193859054595221
2.1939465611604807
2.1940337943381474
2.194120754982075
2.1942074439434505
2.194293862070803
2.194380010210011
2.194465889204312
2.19455149989431
2.194636843117983
2.1947219197106933
2.194806730505193
2.194891276331634
2.194975558017577
2.1950595763879956
2.195143332265289
2.195226826469287
2.1953100598172597
2.1953930331239246
2.195475747201455
2.1955582028594876
2.1956404009051305
2.195722342142971
2.1958040273750843
2.1958854574010407
2.195966633017913
2.196047555020285
2.1961282242002587
2.1962086413474626
2.19628880724906
2.1963687226897544
2.196448388451799
2.196527805315005
2.196606974056748
2.1966858954519752
2.196764570273214
2.196842999290579
2.19692118327178
2.19699912298213
2.197076819184551
2.197154272639582
2.1972314841053873
2.1973084543377643
2.1973851840901495
2.197461674113626
2.1975379251569316
2.197613937966466
2.1976897132862976
2.1977652518581716
2.1978405544215165
2.1979156217134515
2.1979904544687936
2.1980650534200654
2.1981394192975023
2.1982135528290576
2.1982874547404134
2.1983611257549835
2.198434566593924
2.1985077779761384
2.198580760618285
2.198653515234784
2.198726042537825
2.1987983432373723
2.198870418041174
2.198942267654768
2.199013892781488
2.1990852941224728
2.19915647237667
2.199227428240846
2.199298162409589
2.1993686755753203
2.199438968428298
2.1995090416566234
2.1995788959462512
2.1996485319809924
2.199717950442523
2.19978715201039
2.1998561373620182
2.199924907172717
2.1999934621156876
2.2000618028620273
2.2001299300807386
2.2001978444387347
2.2002655466008463
2.2003330372298273
2.2004003169863626
2.200467386529073
2.2005342465145232
2.2006008975972278
2.2006673404296566
2.2007335756622424
2.2007996039433864
2.200865425919465
2.2009310422348363
2.200996453531846
2.2010616604508333
2.2011266636301388
2.201191463706109
2.201256061313104
2.2013204570835008
2.201384651647704
2.2014486456341475
2.2015124396693047
2.201576034377691
2.2016394303818725
2.20170262830247
2.2017656287581677
2.2018284323657165
2.201891039739942
2.201953451493749
2.2020156682381296
2.202077690582167
2.202139519133042
2.20220115449604
2.202262597274556
2.202323848070101
2.2023849074823065
2.202445776108932
2.2025064545458712
2.202566943387156
2.2026272432249634
2.202687354649621
2.202747278249613
2.2028070146115866
2.202866564320356
2.202925927958909
2.2029851061084145
2.2030440993482245
2.203102908255883
2.2031615334071297
2.203219975375907
2.203278234734365
2.2033363120528664
2.203394207899994
2.2034519228425533
2.203509457445582
2.2035668122723506
2.203623987884373
2.2036809848414087
2.2037378037014688
2.2037944450208222
2.203850909354001
2.2039071972538054
2.203963309271309
2.2040192459558647
2.2040750078551103
2.2041305955149726
2.2041860094796744
2.204241250291739
2.2042963184919953
2.2043512146195825
2.204405939211957
2.204460492804898
2.204514875932509
2.2045690891272276
2.204623132919828
2.2046770078394267
2.204730714413489
2.2047842531678317
2.2048376246266304
2.2048908293124234
2.2049438677461177
2.2049967404469935
2.2050494479327085
2.2051019907193052
2.2051543693212143
2.20520658425126
2.205258636020664
2.205310525139053
2.205362252114462
2.205413817453339
2.205465221660551
2.2055164652393886
2.2055675486915693
2.2056184725172456
2.2056692073647493
2.2057196904916623
2.2057698479532917
2.205819618697936
2.205868967654872
2.205917887469738
2.2059663934557547
2.206014516182605
2.2060622645945727
2.2061096169481385
2.206156539193589
2.2062030067633875
2.2062490164949566
2.2062945879876428
2.2063397586706355
2.206384576788313
2.206429094870638
2.2064733647643036
2.206517434386972
2.2065613459443827
2.206605135226073
2.2066488316166573
2.2066924585338854
2.2067360340859765
2.2067795718101753
2.2068230814072307
2.2068665694236755
2.206910039858508
2.206953494686455
2.2069969342992177
2.207040357871099
2.207083763657696
2.207127149237016
2.2071705117020675
2.207213847813214
2.2072571541175634
2.2073004270416363
2.2073436629625656
2.2073868582621583
2.20743000936739
2.2074730830517066
2.2075160129496822
2.2075587216824077
2.2076011448591855
2.207643244101531
2.2076850087570943
2.2077264508604126
2.2077675977462863
2.20780848501855
2.207849151037391
2.2078896331408524
2.2079299653701114
2.2079701773285194
2.208010293815744
2.208050334946785
2.208090316543692
2.2081302506558065
2.2081701461166876
2.2082100090832752
2.2082498435281055
2.2082896516716604
2.2083294343518785
2.2083691913335204
2.2084089215630223
2.2084486233756624
2.2084882946620596
2.20852793300062
2.208567535761887
2.208607100189984
2.208646623465547
2.2086861027538234
2.2087255352409825
2.2087649181610978
2.208804248815808
2.208843524588266
2.2088827429526403
2.2089219014802106
2.208960997842834
2.2090000298144292
2.2090389952709697
2.2090778921893626
2.209116718645525
2.209155472811879
2.209194152954447
2.2092327574296857
2.2092712846811593
2.2093097332361307
2.209348101702135
2.2093863887635674
2.209424593178333
2.2094627137745673
2.2095007494474515
2.2095386991561323
2.209576532234231
2.2096141848870547
2.2096515822680587
2.209688662431561
2.2097253893268167
2.2097617545023898
2.2097977720710094
2.2098334713334156
2.2098688897589778
2.2099040674836514
2.2099390435399986
2.2099738535888527
2.2100085287830002
2.2100430954046963
2.2100775749872157
2.210111984708599
2.2101463379136645
2.210180644672595
2.2102149123217494
2.2102491459575653
2.210283348870658
2.21031752291713
2.2103516688297913
2.2103857864749004
2.2104198750612385
2.210453933308511
2.2104879595816898
2.2105219519972286
2.2105559085063367
2.210589826959691
2.210623705157272
2.2106575408863445
2.2106913319500534
2.210725076188639
2.2107587714948695
2.2107924158249768
2.2108260072061054
2.210859543741086
2.2108930236111592
2.2109264450771513
2.210959806479481
2.2109931062373076
2.211026342847047
2.2110595148804375
2.211092620982295
2.211125659868065
2.211158630321248
2.2111915311907597
2.2112243613882794
2.2112571198856066
2.2112898057120662
2.211322417951965
2.211354955742125
2.2113874182694935
2.2114198047688385
2.2114521145205313
2.211484346848419
2.211516501117785
2.211548576733398
2.2115805731376446
2.2116124898087497
2.2116443262590733
2.21167608203349
2.2117077567078414
2.2117393202005866
2.21177070927054
2.211801849594191
2.2118326797200454
2.2118631640648116
2.2118932946199363
2.211923085918371
2.2119525676599774
2.2119817776933717
2.2120107268478457
2.212039391673993
2.212067734247996
2.2120957249763262
2.212123355216729
2.2121506390983825
2.2121776088796543
2.212204308096665
2.2122307851072676
2.2122570881354995
2.2122832620013346
2.2123093462919927
2.212335374601987
2.2123613744863406
2.212387367842785
2.2124133715179655
2.212439398000772
2.2124654561177794
2.212491551682454
2.212517688074225
2.212543866738963
2.2125700876115952
2.2125963494666365
2.212622650204718
2.2126489870839734
2.212675356904884
2.212701756156492
2.2127281811309554
2.212754628012419
2.2127810929452467
2.2128075720857807
2.212834061641047
2.21286055789719
2.2128870572398593
2.212913556168344
2.212940051304871
2.2129665394001887
2.2129930173363284
2.2130194821272333
2.213045930917794
2.21307236098172
2.2130987697185645
2.213125154650161
2.213151513416666
2.2131778437723466
2.213204143581235
2.213230410812727
2.2132566435371905
2.2132828399216273
2.21330899822543
2.213335116796242
2.2133611644416384
2.2133870769397315
2.2134127790728386
2.2134382085262105
2.2134633288468435
2.2134881311365127
2.2135126290221137
2.2135368512929374
2.213560834896209
2.2135846194480227
2.2136082434730993
2.213631742142914
2.2136551461430742
2.213678481312435
2.2137017687647833
2.2137250252817755
2.2137482342327326
2.2137713426552246
2.2137942838197864
2.213817001605369
2.213839463878859
2.213861664553379
2.2138836188701116
2.213905356296472
2.2139269137366644
2.2139483302173217
2.213969643267519
2.2139908571996405
2.2140119385990653
2.214032838039478
2.2140535141141267
2.214073946796371
2.2140941396703804
2.214114115482566
2.2141339093447545
2.2141535622476107
2.2141731160263936
2.214192609988693
2.2142120789764537
2.214231552499247
2.214251054588725
2.214270604092695
2.214290215204666
2.2143098980917126
2.214329659534771
2.2143495035318876
2.2143694023241944
2.2143892934108
2.2144090724107217
2.21442861375754
2.2144478058385046
2.2144665766886202
2.214484902032136
2.2145027997432973
2.2145203179484145
2.2145375223017925
2.214554485331357
2.2145712787772953
2.214587968768509
2.214604613251368
2.2146212610156137
2.2146379517516905
2.2146547167095108
2.21467157965819
2.2146885579508093
2.214705634144997
2.2147227535425307
2.21473984696565
2.214756855234649
2.2147737426382172
2.214790499100729
2.2148071355842527
2.2148236771029275
2.2148401560346143
2.214856606887655
2.214873062741835
2.2148895531410546
2.2149061030769763
2.2149227327139247
2.214939457572548
2.2149562889664476
2.214973234552628
2.214990298907829
2.2150074840792273
2.215024790082554
2.215042215336346
2.215059757030554
2.215077411433104
2.2150951741406772
2.215113040280994
2.2151310046739523
2.2151490325711607
2.2151670563276937
2.215184997359734
2.215202789902765
2.215220393883248
2.215237796602383
2.215255007752088
2.215272052121755
2.215288962664414
2.215305775067386
2.2153225240367242
2.2153392410653208
2.215355953317919
2.2153726832783898
2.2153894488728034
2.215406263859196
2.215423138342177
2.215440079322212
2.2154570912262592
2.215474176391331
2.2154913354884944
2.215508567884605
2.2155258719445747
2.2155432452798562
2.215560684949944
2.2155781876238563
2.215595749708169
2.2156133674474794
2.2156310370024253
2.215648754509592
2.2156665161269413
2.215684318067736
2.2157021566254005
2.2157199987954947
2.215737778855631
2.2157554202575653
2.2157728593394292
2.2157900581638605
2.215807006175873
2.215823715198151
2.2158402121211607
2.2158565319561223
2.2158727123955115
2.2158887900899966
2.2159047984113096
2.215920766333897
2.215936718080375
2.2159526732439865
2.2159686471786952
2.2159846515148365
2.21600069470997
2.2160167825814647
2.216032918792261
2.2160490758818345
2.2160651921996197
2.2160811940953824
2.2160970198780268
2.2161126328545566
2.2161280231499623
2.216143202832377
2.2161581987067915
2.216173045450322
2.2161877802377936
2.216202439069894
2.2162170545761297
2.21623165492766
2.216246234125699
2.2162607487176844
2.216275140080358
2.216289358642346
2.2163033479002783
2.2163170431918675
2.2163303890557158
2.2163433560395895
2.2163559469386285
2.2163681933095716
2.2163801469933815
2.2163918707780788
2.216403430507353
2.2164148894292572
2.216426304711571
2.2164377256881513
2.216449193330823
2.2164607405048056
2.216472392670284
2.216484168794616
2.216496082322561
2.216508142113026
2.2165203532930073
2.2165327180068664
2.2165452360560542
2.2165579054341276
2.216570722766932
2.2165836836698882
2.216596783034618
2.216610015256467
2.216623374413295
2.2166368544045683
2.2166504490584087
2.216664152213012
2.2166779577776956
2.2166918597778817
2.2167058523874807
2.2167199299514633
2.2167340870008316
2.2167483182617596
2.2167626186602747
2.2167769833235837
2.2167914075788833
2.2168058869503247
2.2168204171546404
2.2168349940958336
2.2168496138592326
2.2168642727051413
2.2168789670622653
2.216893693521042
2.2169084488269792
2.216923229874066
2.21693803369832
2.2169528574714996
2.21696769849501
2.2169825541940176
2.216997422111786
2.2170122999042365
2.217027185334734
2.217042046884087
2.217056820313501
2.21707143053464
2.217085815303558
2.2170999380483796
2.217113789523639
2.2171273828062446
2.2171407459880936
2.2171539152319166
2.2171669293343568
2.217179826005007
2.21719263963094
2.217205400159718
2.2172181327460176
2.2172308578751783
2.2172435917543765
2.217256346829383
2.21726913233656
2.21728195483664
2.217294818701721
2.217307726542903
2.2173206795757565
2.2173336779263826
2.217346720883671
2.2173598071045304
2.2173729347790214
2.2173860723562746
2.217399155212855
2.217412107624318
2.2174248665447096
2.217437394497417
2.2174496812721656
2.2174617389485998
2.2174735946068194
2.2174852539985683
2.2174966926908874
2.2175078742418735
2.217518771680797
2.2175293792295907
2.2175397136057793
2.2175498091395904
2.2175597108545944
2.2175694680383717
2.217579129357502
2.217588739671972
2.2175983382895255
2.21760795827984
2.2176176264904384
2.2176273639800717
2.2176371866656868
2.217647106047591
2.217657129929367
2.2176672630856045
2.2176775078547966
2.2176878646499567
2.21769833238854
2.217708908848088
2.217719590956228
2.21773037502428
2.2177412569333943
2.217752232281373
2.2177632964973317
2.2177744449303165
2.2177856729170293
2.2177969758329024
2.2178083491300065
2.2178197883646136
2.2178312892166745
2.217842847503023
2.2178544591857463
2.217866120376856
2.217877827340152
2.2178895764909816
2.217901364394435
2.2179131877624063
2.217925043449844
2.217936928450443
2.217948839891975
2.217960775031397
2.2179727312498554
2.217984706047669
2.2179966970393457
2.218008701948684
2.2180207186039906
2.218032744933434
2.218044778960552
2.2180568187999192
2.218068862652983
2.2180809088040667
2.218092955616542
2.2181050015291635
2.2181170450525722
2.2181290847659505
2.2181411193138305
2.2181531474030542
2.2181651677998713
2.218177179327172
2.218189180861857
2.218201171332323
2.218213149716076
2.218225115037452
2.21823706636545
2.2182490028116697
2.218260923528342
2.2182728277064623
2.218284714574004
2.2182965833942276
2.218308433464061
2.2183202641125654
2.2183320746994704
2.21834386461378
2.2183556332724477
2.218367380119111
2.2183791046228913
2.2183908062772466
2.2184024845988812
2.2184141391267094
2.218425769420865
2.2184373750617614
2.2184489556491926
2.2184605108014828
2.2184720401546696
2.2184835433617325
2.218495020091852
2.218506470029711
2.21851789287482
2.2185292883408856
2.218540656155196
2.218551996058047
2.2185633078021896
2.218574591152301
2.2185858458844883
2.218597071785807
2.2186082686538073
2.2186194362961005
2.2186305745299446
2.2186416831818505
2.2186527620872045
2.2186638110899106
2.2186748300420476
2.218685818803544
2.2186967772418646
2.2187077052317146
2.218718602654756
2.218729469399336
2.2187403053602304
2.218751110438394
2.218761884540729
2.2187726275798556
2.2187833394739
2.218794020146289
2.2188046695255528
2.2188152875451377
2.218825874143227
2.2188364292625704
2.2188469528503187
2.2188574448578673
2.2188679052407076
2.218878333958282
2.218888730973847
2.218899096254342
2.2189094297702625
2.2189197314955407
2.218930001407428
2.2189402394863857
2.21895044571598
2.218960620082776
2.218970762576244
2.2189808731886647
2.218990951915037
2.2190009987529944
2.2190110137027217
2.219020996766873
2.2190309479504986
2.219040867260967
2.2190507547078995
2.2190606103030963
2.219070434060475
2.2190802259960063
2.2190899861276527
2.2190997144753104
2.219109411060753
2.219119075907577
2.2191287090411493
2.2191383104885563
2.2191478802785545
2.2191574184415264
2.219166925009431
2.2191764000157614
2.219185843495503
2.2191952554850913
2.2192046360223725
2.2192139851465655
2.219223302898223
2.2192325893191973
2.219241844452604
2.2192510683427886
2.219260261035294
2.219269422576828
2.2192785530152315
2.219287652399451
2.2192967207795062
2.219305758206466
2.219314764732415
2.2193237404104322
2.2193326852945625
2.219341599439791
2.219350482902019
2.219359335738041
2.219368158005519
2.2193769497629625
2.219385711069703
2.2193944419858753
2.2194031425723963
2.2194118128909412
2.2194204530039277
2.219429062974493
2.2194376428664766
2.219446192744402
2.2194547126734547
2.2194632027194703
2.2194716629489126
2.219480093428858
2.2194884942269777
2.2194968654115246
2.2195052070513133
2.2195135192157074
2.219521801974603
2.219530055398413
2.2195382795580554
2.2195464745249347
2.2195546403709314
2.219562777168387
2.2195708849900897
2.219578963909263
2.21958701399955
2.2195950353350042
2.2196030279900745
2.2196109920395926
2.219618927558763
2.219626834623151
2.219634713308669
2.2196425636915675
2.2196503858484227
2.219658179856126
2.2196659457918733
2.2196736837331548
2.219681393757744
2.219689075943688
2.219696730369298
2.2197043571131365
2.2197119562540135
2.219719527870971
2.219727072043279
2.2197345888504216
2.219742078372091
2.219749540688179
2.219756975878765
2.219764384024112
2.219771765204656
2.2197791195009966
2.2197864469938917
2.2197937477642475
2.2198010218931117
2.2198082694616645
2.219815490551214
2.219822685243186
2.219829853619117
2.2198369957606494
2.219844111749522
2.2198512016675633
2.2198582655966868
2.219865303618882
2.21987231581621
2.2198793022707948
2.219886263064818
2.219893198280514
2.2199001080001612
2.2199069923060786
2.219913851280618
2.219920685006159
2.219927493565103
2.2199342770398696
2.219941035512887
2.2199477690665903
2.2199544777834146
2.21996116174579
2.2199678210361373
2.2199744557368617
2.219981065930348
2.2199876516989567
2.2199942131250188
2.2200007502908305
2.22000726327865
2.2200137521706904
2.2200202170491194
2.2200266579960513
2.2200330750935433
2.2200394684235936
2.2200458380681343
2.2200521841090293
2.2200585066280705
2.2200648057069716
2.2200710814273674
2.2200773338708077
2.2200835631187545
2.220089769252579
2.220095952353556
2.220102112502864
2.2201082497815774
2.2201143642706667
2.2201204560509944
2.2201265252033098
2.220132571808248
2.220138595946327
2.220144597697943
2.2201505771433685
2.2201565343627494
2.2201624694361017
2.2201683824433096
2.2201742734641217
2.2201801425781484
2.2201859898648606
2.2201918154035853
2.2201976192735047
2.2202034015536523
2.220209162322912
2.220214901660015
2.220220619643537
2.2202263163518965
2.220231991863353
2.2202376462560043
2.220243279607784
2.2202488919964605
2.220254483499634
2.220260054194735
2.220265604159024
2.220271133469585
2.2202766422033293
2.2202821304369893
2.2202875982471197
2.2202930457100942
2.2202984729021047
2.220303879899159
2.2203092667770785
2.2203146336114994
2.220319980477868
2.2203253074514424
2.220330614607288
2.2203359020202775
2.2203411697650908
2.2203464179162107
2.2203516465479254
2.2203568557343245
2.220362045549297
2.2203672160665344
2.220372367359525
2.2203774995015553
2.2203826125657082
2.220387706624862
2.2203927817516904
2.220397838018659
2.220402875498027
2.2204078942618453
2.2204128943819548
2.220417875929988
2.2204228389773646
2.2204277835952944
2.220432709854773
2.2204376178265846
2.220442507581298
2.2204473791892685
2.220452232720636
2.2204570682453246
2.2204618858330414
2.2204666855532773
2.220471467475305
2.2204762316681803
2.2204809782007393
2.220485707141599
2.220490418559158
2.2204951125215935
2.220499789096864
2.220504448352706
2.220509090356636
2.2205137151759478
2.220518322877714
2.2205229135287867
2.220527487195793
2.2205320439451395
2.220536583843009
2.2205411069553618
2.220545613347934
2.22055010308624
2.2205545762355685
2.2205590328609865
2.220563473027336
2.2205678967992353
2.220572304241078
2.220576695417035
2.2205810703910522
2.2205854292268516
2.2205897719879304
2.2205940987375623
2.2205984095387956
2.2206027044544556
2.2206069835471434
2.2206112468792347
2.220615494512882
2.220619726510015
2.220623942932337
2.220628143841329
2.2206323292982493
2.2206364993641303
2.220640654099783
2.220644793565794
2.220648917822528
2.220653026930126
2.220657120948507
2.2206611999373655
2.2206652639561777
2.2206693130641937
2.2206733473204445
2.220677366783739
2.2206813715126645
2.2206853615655877
2.2206893370006546
2.2206932978757905
2.220697244248701
2.2207011761768727
2.2207050937175707
2.220708996927843
2.2207128858645184
2.220716760584207
2.2207206211433013
2.2207244675979756
2.2207283000041875
2.2207321184176774
2.2207359228939696
2.220739713488372
2.220743490255977
2.2207472532516612
2.220751002530088
2.2207547381457045
2.220758460152745
2.22076216860523
2.2207658635569674
2.2207695450615517
2.220773213172366
2.2207768679425812
2.220780509425158
2.2207841376728457
2.2207877527381834
2.2207913546735014
2.2207949435309193
2.22079851936235
2.220802082219496
2.2208056321538545
2.2208091692167136
2.2208126934591563
2.220816204932059
2.220819703686092
2.2208231897717226
2.2208266632392113
2.2208301241386166
2.2208335725197923
2.2208370084323903
2.2208404319258603
2.2208438430494506
2.2208472418522076
2.220850628382978
2.220854002690409
2.220857364822947
2.2208607148288415
2.2208640527561423
2.220867378652703
2.22087069256618
2.2208739945440326
2.220877284633525
2.2208805628817263
2.2208838293355107
2.2208870840415584
2.2208903270463574
2.2208935583962015
2.2208967781371936
2.2208999863152448
2.2209031829760755
2.220906368165216
2.2209095419280054
2.220912704309596
2.2209158553549515
2.220918995108846
2.2209221236158694
2.220925240920422
2.2209283470667214
2.2209314420987973
2.220934526060497
2.2209375989954827
2.220940660947234
2.220943711959047
2.220946752074036
2.2209497813351353
2.2209527997850973
2.220955807466494
2.220958804421719
2.2209617906929866
2.2209647663223335
2.220967731351618
2.220970685822522
2.220973629776552
2.220976563255038
2.220979486299135
2.220982398949825
2.2209853012479144
2.2209881932340383
2.22099107494866
2.2209939464320687
2.220996807724385
2.220999658865558
2.2210024998953677
2.221005330853424
2.22100815177917
2.2210109627118797
2.2210137636906606
2.221016554754453
2.2210193359420334
2.2210221072920104
2.2210054336668175
2.220972539772092
2.220928269263611
2.220876596653294
2.2208204878509514
2.220762094060248
2.2207029553957076
2.2206441631671163
2.2205864810624165
2.220530433950332
2.22047637266662
2.220424521304026
2.2203750118056504
2.2203279093337143
2.2202832309160003
2.220240959176174
2.2202010524563325
2.220163452283374
2.220128088874186
2.220094885189202
2.2200637599092765
2.220034629612667
2.2200074103570495
2.219982018818686
2.219958373101909
2.2199363933032967
2.219916001893523
2.2198971239639973
2.2198796873735427
2.219863622821536
2.219848863867295
2.2198353469105574
2.2198230111441513
2.219811798487184
2.219801653504952
2.2197925233202107
2.219784357519234
2.2197771080552093
2.219770729150827
2.2197651772014293
2.2197604106796827
2.2197563900424617
2.2197530776404193
2.2197504376305472
2.2197484358919164
2.2197470399446995
2.219746218872509
2.219745943248034
2.2197461850619358
2.219746917654918
2.2197481156528958
2.219749754905153
2.219751812425384
2.21975426633551
2.219757095812155
2.219760281035671
2.2197638031416003
2.219767644174466
2.2197717870437863
2.219776215482212
2.219780884158612
2.2197857151082454
2.2197906198874815
2.219795523630198
2.2198003780954036
2.219805163364746
2.2198098827602144
2.219814555403872
2.219819209133524
2.2198238749430645
2.2198285831648867
2.219833361163573
2.2198382321696473
2.219843214893318
2.219848323626722
2.219853568621483
2.2198589565966405
2.2198644912845626
2.219870173960018
2.2198760039229657
2.2198819789219866
2.2198880955152682
2.2198943493717844
2.2199007355182583
2.219907248538719
2.219913882733653
2.2199206322453637
2.2199274911554996
2.219934453559921
2.219941513625314
2.219948665631227
2.219955904000556
2.21996322332095
2.219970618359135
2.219978084069746
2.2199856155999536
2.2199932082908838
2.220000857676633
2.220008559481496
2.220016309615897
2.220024104171405
2.220031939415107
2.2200398117835918
2.2200477178766844
2.2200556544510848
2.220063618413992
2.220071606816795
2.2200796168488734
2.2200876458315566
2.220095691212258
2.2201037505588035
2.220111821553972
2.220119901990241
2.220127989764747
2.2201360828744607
2.2201441794115677
2.2201522775590563
2.2201603755864996
2.2201684718460353
2.220176564768525
2.220184652859896
2.2201927346976524
2.22020080892755
2.220208874260429
2.220216929469194
2.2202249733859425
2.2202330048992236
2.220241022951431
2.22024902653632
2.2202570146966396
2.220264986521883
2.2202729411461393
2.220280877746053
2.2202887955388757
2.2202966937806146
2.2203045717642684
2.220312428818144
2.220320264304258
2.220328077616811
2.220335868180734
2.220343635450307
2.2203513491068794
2.2203589455346777
2.22036634997812
2.2203735005924443
2.220380361498987
2.2203869245067125
2.220393204064457
2.2203992298590105
2.2204050397683446
2.220410674336416
2.220416172986232
2.2204215717405726
2.2204269020796428
2.2204321905762052
2.2204374590172122
2.22044272479919
2.220448001452752
2.2204532992040917
2.220458625518787
2.2204639855986
2.220469382818269
2.220474819099256
2.220480295223136
2.220485781333753
2.2204912136381285
2.220496516707979
2.2205016276299085
2.2205065091428455
2.2205111514343745
2.2205155671610126
2.220519784105622
2.220523838179933
2.2205277679385906
2.220531610822285
2.220535400900724
2.220539167746199
2.2205429360796303
2.2205467258992884
2.2205505528803964
2.2205544289017336
2.2205583626076746
2.22056235995144
2.2205664246905727
2.220570558821878
2.2205747332494217
2.2205788845991017
2.2205829375721153
2.2205868291229103
2.220590521626706
2.22059397503271
2.2205971384425767
2.2205999648998898
2.220602428383464
2.220604531336958
2.22060630262778
2.2206077902620796
2.2206090528884292
2.220610152431149
2.220611148724134
2.220612096147724
2.2206130418938907
2.2206139957804782
2.2206149269676057
2.2206157866260585
2.22061653266781
2.220617143591009
2.193466163747268
2.144788732962327
2.0815464322568586
2.00869947189959
1.929677344642247
1.8468882335425967
1.7620435465408593
1.6763664045241482
1.5907307356570137
1.5057584979921763
1.4218883243656708
1.339424598320757
1.2585734634521615
1.1794692604641648
1.1021938611719029
1.0267904716111729
0.953274569945585
0.8816417955608359
0.8118735766657706
0.7439414259482044
0.6778099423465179
0.6134388726964096
0.5507852218956184
0.48980471155598326
0.4304524682905516
0.37268382481978757
0.3164547006571049
0.2617218845621333
0.20844311277531696
0.1565773348665098
0.10608481406867598
0.05692716671959384
0.009066880059680905
-0.037532300193476774
-0.08290545439962127
-0.12708617075586076
-0.17010658222327704
-0.2119975229967939
-0.2527886252582011
-0.29250839580561133
-0.33118429117653
-0.3688427933461258
-0.40550944473120315
-0.4412092069266093
-0.4759662022351297
-0.5098035679605726
-0.5427435712888152
-0.5748078517512145
-0.6060173236724943
-0.6363921679211209
-0.6659520632899361
-0.6947160393360533
-0.72270245642387
-0.7499290522508039
-0.7764129877557894
-0.8021709759354707
-0.8272194211014579
-0.8515741445976802
-0.8752504402087238
-0.8982632416082874
-0.9206270805585832
-0.9423560110088564
-0.9634636507303425
-0.9839632221918034
-1.0038675829620034
-1.0231892599882055
-1.0419404945946873
-1.0601331852885334
-1.0777789273572551
-1.0948890298584635
-1.1114745292834305
-1.1275462419777067
-1.1431147376218613
-1.1581903531704631
-1.172783204043647
-1.1869031758298105
-1.2005599133746272
-1.2137628184938458
-1.2265210568656653
-1.2388435702010854
-1.250739089857231
-1.262216149562889
-1.2732830962983526
-1.2839480992133083
-1.2942191568550372
-1.3041041030918226
-1.3136106120944127
-1.3227462026669738
-1.3315182421414484
-1.3399339502094327
-1.3715046802954503
-1.4211598827026657
-1.4828762871891163
-1.5524395402381894
-1.626969115863537
-1.7044559991951418
-1.7834780029400943
-1.8630213877540716
-1.9423624967090518
-2.0209856246185143
-2.0985265532599047
-2.174731656718216
-2.2494281301424106
-2.322504030655883
-2.3938905112728013
-2.4635495545003576
-2.5314657191362047
-2.597640003448561
-2.662085316161762
-2.724823616247042
-2.7858840193484222
-2.845299616966941
-2.9031053581766457
-2.959337054285661
-3.0140309023718324
-3.067223917645243
-3.1189530476918543
-3.1692539800547106
-3.218162472738447
-3.2657131848789764
-3.311939421655586
-3.356873660274051
-3.4219021167022956
-3.502226053076963
-3.592332595604148
-3.6884265629951303
-3.787947683625369
-3.889131479174408
-4.011367950387098
-4.148910464644503
-4.295672206918496
-4.4474746878305496
-4.601509727949243
-4.755858884376057
-4.909197955625774
-5.06062420979022
-5.2095231743913955
-5.355487126372955
-5.498258143481687
-5.637683402238365
-5.773682201793006
-5.9062285694510726
-6.035338260774913
-6.161054286346586
-6.28343896295422
-6.4025668744037745
-6.5185161398443725
-6.631367202108625
-6.741203661414022
-6.848112780342071
-6.95218052693967
-7.0534883708384175
-7.15211657564224
-7.248142988287836
-7.341643806538003
-7.432691715719119
-7.521358851489403
-7.607711855409521
-7.691813494972733
-7.773724144166158
-7.8535039916142955
-7.931208817913263
-8.00689072898032
-8.080599248946774
-8.15238395974625
-8.222293315147933
-8.290373402403507
-8.356670641127627
-8.42122827096296
-8.484086666216003
-8.545283953556543
-8.604856409439593
-8.662841668327047
-8.7192751997461
-8.774190430507007
-8.827619478179892
-8.879594761626954
-8.930148787387536
-8.9793132685125
-9.027118248602182
-9.07359290356942
-9.118764881172696
-9.162659632185772
-9.221651225455599
-9.291929968910917
-9.369368877854562
-9.451203378685971
-9.535590042810679
-9.621255776913662
-9.707298988717676
-9.793074646620138
-9.878118069038711
-9.962097245429156
-10.04477317056375
-10.125978544619402
-10.205597036490236
-10.28354815804508
-10.359779088074836
-10.434258225980727
-10.506971668119522
-10.57792161837465
-10.647118016573337
-10.714576150891054
-10.780315161142997
-10.859480525826774
-10.948500919194247
-11.043571764243007
-11.142165764465595
-11.242608354409086
-11.343746160386983
-11.444764946654713
-11.545079526575122
-11.644267708330744
-11.742025139208492
-11.83813558327629
-11.932446641463342
-12.024852977840435
-12.115290323368345
-12.203726005920315
-12.290141621759101
-12.374534308370476
-12.45691697156644
-12.537308033568024
-12.61572954522187
-12.692207237471886
-12.766769721583524
-12.839448431503602
-12.910281139126846
-12.979304109218406
-13.046552845151714
-13.112065399962932
-13.175877400936479
-13.238022557427332
-13.298533824803284
-13.35744358062324
-13.414783696611087
-13.47058582382911
-13.524882068569205
-13.577707148353014
-13.629093048393827
-13.679071534085619
-13.72767151538173
-13.774919194899855
-13.820839636375396
-13.865457105185113
-13.908795336134455
-13.950877534166636
-13.991726294218806
-14.03136358876817
-14.06981399180716
-14.107100461695431
-14.143244089099774
-14.17826478782439
-14.212181584655731
-14.245012809902281
-14.276776217637833
-14.30748907366361
-14.337168391527413
-14.365830772238576
-14.393492352142701
-14.420168827433
-14.445874956141585
-14.470625206260635
-14.494433922605616
-14.51731632971578
-14.53928717894873
-14.56036044154321
-14.580549556430933
-14.599868456684561
-14.618331636681633
-14.635952423205671
-14.652743330013909
-14.668716300792392
-14.683882814316789
-14.698254021715027
-14.71184080914158
-14.724653824756826
-14.73670350068407
-14.748000071889631
-14.758553590665546
-14.768373937349384
-14.777470828433257
-14.785853822942055
-14.793532327648279
-14.800515597553861
-14.819991060432077
-14.849115189433496
-14.884798647345912
-14.924971019259285
-14.968224914176364
-15.013555004258754
-15.06021817385824
-15.107653562576711
-15.155427062467162
-15.203200084863045
-15.250704232075309
-15.29772810429222
-15.34410529687444
-15.389704951674814
-15.43442642190783
-15.478189906255977
-15.520933248049438
-15.5626089638931
-15.603181673195825
-15.642625922776375
-15.680924675674605
-15.718067642276282
-15.754049951385584
-15.788874218880878
-15.822546753896118
-15.855073931096808
-15.886464290594283
-15.916728234365628
-15.945877608419364
-15.973925301346634
-16.00088476709493
-16.026770277928673
-16.051599397843034
-16.075387873886456
-16.098151227316826
-16.119905001452207
-16.140664758239467
-16.16044602493925
-16.179264241048383
-16.197134714193073
-16.214072584191623
-16.230093215529276
-16.245211832590535
-16.259443007270846
-16.272800878861904
-16.285299246295235
-16.296951606012314
-16.307771182395058
-16.317770939055045
-16.326963575049305
-16.335361580529998
-16.34297719943884
-16.349822391853195
-16.35590883264321
-16.361247920824812
-16.365850784488195
-16.369728286260518
-16.385408187799126
-16.410284807226923
-16.441501603538036
-16.47714051892358
-16.515890149604207
-16.55680467769372
-16.599174699765438
-16.65470300038931
-16.720296338281894
-16.79273567764308
-16.86981500476479
-16.949991802335774
-17.032140605807193
-17.115417149012714
-17.199166702184847
-17.282869569899724
-17.366114094279798
-17.44857385461473
-17.529990319607315
-17.610159635981987
-17.68891960361616
-17.7661407482243
-17.841724802067592
-17.9156026275717
-17.98772550562852
-18.058060942010812
-18.126596838504668
-18.193328524618977
-18.25826609874998
-18.3214182231111
-18.3827975460283
-18.4424216250899
-18.500312169411618
-18.556494344584817
-18.610996147410006
-18.663847573006294
-18.715081113679283
-18.76472880615723
-18.812822299312074
-18.859393088143328
-18.904471054227834
-18.94808406652052
-18.990261317417776
-19.03103282304637
-19.070432435825
-19.108491924942616
-19.14524091664013
-19.180707893818603
-19.214920425102612
-19.247905227108646
-19.27968824074548
-19.31029665086933
-19.339759202460748
-19.368101627854116
-19.395347403705422
-19.421518464638275
-19.446635577999757
-19.4707185719243
-19.49378646981611
-19.51585705914898
-19.536947417049266
-19.557074367195696
-19.57625415066293
-19.594502530268922
-19.61183482223512
-19.628265906224932
-19.643810231752852
-19.658481824883285
-19.672294295914245
-19.685260851877068
-19.69739430949074
-19.708707105558563
-19.719211305343297
-19.728918610527177
-19.737840368623505
-19.745987590396368
-19.75337096342232
-19.76000086037033
-19.765887369239756
-19.77104037433578
-19.77546954480096
-19.779184219963096
-19.782193401068287
-19.78450577263882
-19.786129728826992
-19.787073411281803
-19.78734472988888
-19.786951391714076
-19.785900903659368
-19.784200553546324
-19.78185741267035
-19.77887834825121
-19.775270037943724
-19.771038983563347
-19.76619152330629
-19.760733842475098
-19.754671982927658
-19.748011851494393
-19.740759227579396
-19.732919770120283
-19.72449902404348
-19.71550242631987
-19.70593531170127
-19.695802918198975
-19.68510998771168
-19.673861055478035
-19.66206065004506
-19.64971322787366
-19.63682322949598
-19.62339508171455
-19.609433225061174
-19.59494208387455
-19.579926050978667
-19.564389486195264
-19.548336051999765
-19.531768319696745
-19.514689429697185
-19.49710296367333
-19.479012751351455
-19.460422758890445
-19.441337025742204
-19.42175962889356
-19.401694661902674
-19.3811462229307
-19.36011840844778
-19.33861531061416
-19.316641017070488
-19.294199612792006
-19.27129522621399
-19.247932021905527
-19.22411391427077
-19.19984362946536
-19.17512356520936
-19.149956479824986
-19.124345538690317
-19.098161674591523
-19.071423830516437
-19.044162577790317
-19.016404676273247
-18.988172006726757
-18.959485495998685
-18.93036773060421
-18.90083437583577
-18.870897115051857
-18.84056509195787
-18.809845755688798
-18.778745409009286
-18.74726957941545
-18.715423275285563
-18.683210176691365
-18.650632640166133
-18.617693055394998
-18.58439387233083
-18.550734194960967
-18.516714762890324
-18.482337791473668
-18.447606517378933
-18.412524900116463
-18.377097343725527
-18.3413285151102
-18.30522324762174
-18.268786494366417
-18.232023452127233
-18.194939496060055
-18.157541066856744
-18.119832832281556
-18.0818185831349
-18.043501268624322
-18.004880380462655
-17.96595717315659
-17.926739089265812
-17.887231536175303
-17.847439487962085
-17.80736788318008
-17.76702174487053
-17.726406300841298
-17.68553022544779
-17.64440387898263
-17.603034373912326
-17.56142712490726
-17.519587032086896
-17.477516228742605
-17.435215167395302
-17.39268620293913
-17.3499358822007
-17.30696965689187
-17.263792721799692
-17.220410338969952
-17.176827938122905
-17.133051149818957
-17.08908580083195
-17.044936520486647
-17.00060845198351
-16.956107675069944
-16.911443497635947
-16.86661971234337
-16.82164043725191
-16.77651045159755
-16.731235025058936
-16.68581979353042
-16.640270682944884
-16.594594194758578
-16.548800348644743
-16.502896095429357
-16.456890758184993
-16.410794644866094
-16.364615974506066
-16.318358252906975
-16.272025668022412
-16.225622947485267
-16.179155040694912
-16.13262700654478
-16.086043991837276
-16.039411235489418
-15.992734075358731
-15.946018534181961
-15.899274650112522
-15.852508424674257
-15.805725272177105
-15.758930835182944
-15.712129688561339
-15.665326107576044
-15.618524501162085
-15.57172934695358
-15.5249451125558
-15.47817621962798
-15.431427033333273
-15.384701914655711
-15.33800520603117
-15.29134108939568
-15.244717554889968
-15.198141255087805
-15.151615953547884
-15.105144903130247
-15.0587311384459
-15.012377815234197
-14.96609029366866
-14.919878216460404
-14.87374751553655
-14.827701683024149
-14.78174365848
-14.735875792168892
-14.690099810646629
-14.644417012798346
-14.598826891996806
-14.553329467592432
-14.507925547242717
-14.462616191316322
-14.417402479052663
-14.372285473213442
-14.32726656434629
-14.28234729242916
-14.237529154652155
-14.192814185135385
-14.148207704341848
-14.103713735688912
-14.059336895392658
-14.015081063289403
-13.970947792813137
-13.9269402647474
-13.883060595311973
-13.8393086898083
-13.795683523311942
-13.752183598460755
-13.70880721957886
-13.665552664809304
-13.622418487723369
-13.579404491220393
-13.536511044637539
-13.493738153100177
-13.451085479391477
-13.408552552839325
-13.366139208595264
-13.32384784298462
-13.28167844306403
-13.239630414447934
-13.197702904072804
-13.15589471167242
-13.114204360334256
-13.07263021239069
-13.03117056754042
-12.989823734883654
-12.948590485751412
-12.907473681247296
-12.866476203313567
-12.825600883197847
-12.784848120573962
-12.760294004033687
-12.749095676098822
-12.74780088702561
-12.753990672981946
-12.765941622945943
-12.782356205131046
-12.802217993508634
-12.82470900340244
-12.849158594399096
-12.875010331163185
-12.901799264631089
-12.929135934993004
-12.95669233941671
-12.984191886333274
-13.011401684486211
-13.03812738964857
-13.06420756870913
-13.089509198851234
-13.11392239936469
-13.137357369065972
-13.159741925674153
-13.181019415517339
-13.201146918309774
-13.22009297105169
-13.23783591373693
-13.254362525575191
-13.269666833542619
-13.283750154696987
-13.296618343695041
-13.308281248647287
-13.318752462789792
-13.328048577808797
-13.336188490331622
-13.343192950804594
-13.349084200246761
-13.353885648945818
-13.35762158958175
-13.360316943651357
-13.361997039968244
-13.362687423290417
-13.36241369066699
-13.36120135290195
-13.359075718515692
-13.356061797674105
-13.35218422370418
-13.347467189995426
-13.341934400279419
-13.33560903047421
-13.328513700468658
-13.320670454400233
-13.312100748145719
-13.302825442896733
-13.292864803830735
-13.2822385030134
-13.270965626146687
-13.259064682287462
-13.246553615503995
-13.233449993892073
-13.219771330973842
-13.205534757306596
-13.190756373428753
-13.190858227418595
-13.2029515081151
-13.223609361740564
-13.25045028970555
-13.281802709522486
-13.316432329752098
-13.35339431003554
-13.406998205088236
-13.473659210000692
-13.549429635734283
-13.631514101286719
-13.717908793696365
-13.807116630497802
-13.897987348760752
-13.989620448479196
-14.081308558087166
-14.172495134656215
-14.262733718432031
-14.351668574131688
-14.439019180816981
-14.524562024509372
-14.60813361599167
-14.68961111325687
-14.768907692062385
-14.845964182692681
-14.920741895561422
-14.993217705741923
-15.063383813934832
-15.131252828833428
-15.196844339785358
-15.260185094983845
-15.32130835300913
-15.380251871250342
-15.43705733944349
-15.491769057509591
-15.544433907693394
-15.59510018443994
-15.643817081038907
-15.69063407908209
-15.735602544688119
-15.778775612314465
-15.82020375003459
-15.859935081702433
-15.898015305226613
-15.934488591102049
-15.969397855302036
-16.00278475106307
-16.034689927818974
-16.065154449699477
-16.094215230025217
-16.12190797248814
-16.14826731654803
-16.173326780584485
-16.197118811447893
-16.219674770944277
-16.241024912065146
-16.261198384238575
-16.280223708269954
-16.29812849798515
-16.31493884418414
-16.330679640040255
-16.345374749605877
-16.35904710511123
-16.37171877455979
-16.383411014422503
-16.394144313825613
-16.403938433443784
-16.412812440838728
-16.420784743225425
-16.427873118253558
-16.434094743159392
-16.43946622251596
-16.444003614732377
-16.447722457405717
-16.450637791599423
-16.45276418510381
-16.45411575472321
-16.45470618762581
-16.454548761789738
-16.453656365577178
-16.452041516465812
-16.449716378967057
-16.446692781760426
-16.442982234073252
-16.438595941335166
-16.433544820136408
-16.42783951251908
-16.42149039962987
-16.41450761476248
-16.406901055817134
-16.398680397204092
-16.389855101217105
-16.38043442890178
-16.37042745044302
-16.38568767381217
-16.421024057202327
-16.470588873034423
-16.530401069128153
-16.597704185407068
-16.670484146141643
-16.747211997613825
-16.826689646784054
-16.90796920981618
-16.99029874575086
-17.073074408899508
-17.155814119687015
-17.23812131162802
-17.31966303211481
-17.400167698845298
-17.479416945437308
-17.55723647694143
-17.63348871546264
-17.708065190958422
-17.780882153703335
-17.851874846965558
-17.920997400312142
-17.98822370878596
-18.053540156331774
-18.116950052501924
-18.178466919169335
-18.2381103580534
-18.295900075310097
-18.351858198666253
-18.406009916013037
-18.45837998732463
-18.50899701172252
-18.55789296508009
-18.60510147142085
-18.650657121299005
-18.69459504206219
-18.73695121912681
-18.777761542222148
-18.817060727841902
-18.854881760937467
-18.89125725578311
-18.926219619555024
-18.95980088856106
-18.99203263049126
-19.0229458368249
-19.052573523582225
-19.080946607767252
-19.108093015324574
-19.134038743972972
-19.169737572438063
-19.212898555531343
-19.261054191373958
-19.312568465494298
-19.366334534076156
-19.42155742516652
-19.47764037581749
-19.534124346694153
-19.590651162490598
-19.646937904797614
-19.702758508847477
-19.75792827774712
-19.81229968766362
-19.865755371786488
-19.91820226544137
-19.969567659829394
-20.019795056669874
-20.06884183064904
-20.11667805695794
-20.163280198432357
-20.208631877864793
-20.252723083308986
-20.295548918138515
-20.3371086211427
-20.37740507276249
-20.416442796503645
-20.454231445184526
-20.490788183607993
-20.526129569555348
-20.560271600644125
-20.593230162951915
-20.62502128435346
-20.655661234121965
-20.68516567791905
-20.713550425879678
-20.740831821511247
-20.767026641254443
-20.792151830716964
-20.816224363414275
-20.839261051820312
-20.861278309790855
-20.88229239922189
-20.90231950275544
-20.921375703284635
-20.939476914157442
-20.956638762638157
-20.972876531140134
-20.98820510262214
-21.002638947482957
-21.016192427068816
-21.02888051687656
-21.040716623569754
-21.05171345506121
-21.061883217231607
-21.071237695145715
-21.079788298010193
-21.08754608737765
-21.094521804521236
-21.10072588729648
-21.10616847164786
-21.11085945595501
-21.11480852533004
-21.118025033110072
-21.12051799646926
-21.122296119114047
-21.123367819920187
-21.12374125928398
-21.12342436327331
-21.122424839402647
-21.120750191505483
-21.118407720237617
-21.115404518161426
-21.111747459834714
-21.10744320755733
-21.10249822435895
-21.096918785334537
-21.090710984856955
-21.083880743313877
-21.076433814480758
-21.068375787427964
-21.059712089324044
-21.0504479957541
-21.040588641036624
-21.03013902695496
-21.01910403033374
-21.007488409931934
-20.99529681291692
-20.982534365015983
-20.96920662547079
-20.95531677673765
-20.94086791192985
-20.92586245299365
-20.91030303969058
-20.89419276549506
-20.877534973675317
-20.860333135043515
-20.842590778930425
-20.824311453469313
-20.805498489961806
-20.786154971519146
-20.766283939026156
-20.745888473602616
-20.724971707358755
-20.703536814847098
-20.68158699881023
-20.659125481572264
-20.636155654907057
-20.612680835647172
-20.58870421118161
-20.56422891598995
-20.539258061065375
-20.51379443892967
-20.487838316437795
-20.461390920940687
-20.434452909659075
-20.407025049040357
-20.37910881571784
-20.350706309392827
-20.321820037997618
-20.29245282295656
-20.262607520073527
-20.23228673897361
-20.201493158597597
-20.17022966037263
-20.13849933769715
-20.10630547273
-20.073651511881824
-20.040545848127998
-20.006996081635396
-19.973004929962617
-19.938577658345178
-19.903715790202494
-19.868420539684006
-19.83269373327019
-19.796537220761753
-19.75995314653799
-19.722943600842097
-19.685510634958348
-19.64765659748921
-19.609384251954523
-19.570696775894955
-19.531597729661254
-19.492091024841212
-19.452180898537193
-19.411866668430722
-19.371146677474044
-19.330021236748866
-19.288492720418503
-19.2465650370598
-19.20424331590725
-19.161533213938974
-19.11844077661572
-19.074973352555492
-19.0311389928994
-18.986944879484007
-18.942399792994102
-18.897515472253527
-18.852293189698475
-18.80673456598884
-18.76084766997188
-18.71463978088079
-18.668117254465713
-18.621286061465984
-18.574152185367023
-18.526721814592435
-18.479001442297427
-18.430997921671487
-18.382718536060594
-18.334170097003515
-18.28535500550194
-18.236276327446053
-18.186938126847586
-18.137345984941458
-18.08750711233005
-18.037429854969773
-17.987123223589112
-17.936598449174824
-17.885870848091937
-17.83495124443684
-17.783848107416958
-17.732568209505768
-17.681113095921436
-17.629486295227874
-17.577698452024375
-17.525763917108804
-17.473696389030554
-17.42151085999848
-17.369219143310694
-17.31683139342132
-17.264356889851044
-17.211802561139177
-17.159174985370537
-17.10647712777543
-17.05371135851084
-17.000882635901007
-16.94799805157932
-16.895073307005646
-16.842119403180007
-16.78914621127145
-16.736163104989725
-16.68317867841809
-16.630204224255877
-16.57724927242639
-16.52431918775073
-16.471416599063872
-16.418545810861083
-16.365718747744122
-16.312946736320313
-16.260239100310933
-16.207604344260346
-16.1550503186783
-16.10258392685735
-16.050211199864624
-15.997937709071463
-15.945768416275055
-15.893710535635611
-15.84176934994929
-15.78995226767093
-15.73826394775378
-15.686708261342563
-15.63528885176394
-15.584009083300897
-15.53287215220243
-15.481881413311013
-15.431040059539397
-15.380351016352243
-15.329815289937585
-15.279432576626194
-15.229204014424862
-15.179137378898181
