-65.0
-65.02182546141991
-65.04256062268065
-65.06209139823555
-65.08042834436213
-65.09764416092817
-65.11383740434796
-65.12911266479381
-65.14357050297843
-65.15730292272525
-65.17039184753496
-65.18290913660007
-65.19491731980666
-65.20647060829162
-65.21761595223893
-65.22839403717846
-65.23884017447509
-65.24898507492746
-65.25885551038364
-65.26847487500679
-65.27786365977319
-65.28703985342527
-65.29601928175619
-65.30481589544948
-65.3134420150674
-65.32190854031549
-65.33022512945477
-65.33840035368453
-65.34644183045825
-65.35435633899387
-65.36214992067094
-65.36982796654591
-65.37739529384255
-65.38485621296994
-65.39221458637141
-65.39947388030394
-65.40663721047922
-65.41370738235854
-65.42068692677833
-65.42757813148613
-65.4343830690863
-65.44110362182647
-65.44774150359815
-65.45429827947592
-65.46077538307831
-65.46717413199754
-65.47349574151488
-65.47974133679227
-65.48591196370782
-65.4920085984834
-65.49803215623541
-65.50398349856479
-65.50986344028942
-65.51567275541065
-65.52141218239561
-65.52708242884825
-65.53268417563397
-65.53821808051633
-65.54368478135741
-65.54908489892892
-65.55441903937543
-65.55968779636729
-65.56489175297692
-65.57003148330844
-65.57510755390776
-65.58012052497737
-65.58507095141778
-65.58995938371486
-65.59478636869099
-65.59955245013552
-65.60425816932874
-65.60890406547215
-65.61349067603611
-65.61801853703533
-65.6224881832411
-65.62690014833849
-65.63125496503568
-65.63555316513211
-65.63979527955108
-65.64398183834199
-65.64811337065682
-65.65219040470498
-65.65621346769004
-65.66018308573149
-65.66409978377462
-65.66796408549057
-65.67177651316914
-65.67553758760602
-65.67924782798613
-65.68290775176463
-65.6865178745467
-65.69007870996734
-65.69359076957198
-65.69705456269871
-65.70047059636286
-65.70383937514445
-65.707161401079
-65.71043717355198
-65.71366718919732
-65.71685194180024
-65.71999192220439
-65.72308761822362
-65.72613951455843
-65.72914809271705
-65.73211383094126
-65.73503720413684
-65.73791868380883
-65.74075873800115
-65.74355783124092
-65.74631642448708
-65.74903497508336
-65.75171393671548
-65.75435375937228
-65.75695488931099
-65.75951776902609
-65.76204283722201
-65.76453052878924
-65.76698127478383
-65.76939550241023
-65.77177363500708
-65.77411609203607
-65.77642328907359
-65.77869563780506
-65.78093354602177
-65.78313741762024
-65.78530765260379
-65.78744464708635
-65.78954879329824
-65.79162047959396
-65.79366050874326
-65.79567074867042
-65.79765475304787
-65.79961818207028
-65.80156896348345
-65.80351721103726
-65.8054749742644
-65.80745591215126
-65.80947496830059
-65.81154809451044
-65.81369204574277
-65.81592425302185
-65.8182627679289
-65.82072626202752
-65.82333405786964
-65.82610616614758
-65.82906330586441
-65.83222688987868
-65.83561896522131
-65.83926210469674
-65.84317925240255
-65.84739353035977
-65.85192801628705
-65.85680550381187
-65.86204825639103
-65.86767776526534
-65.87371452024492
-65.88017780030297
-65.88708548907454
-65.89445391857042
-65.90229774282476
-65.91062984184977
-65.91946125518963
-65.9288011435397
-65.93865677630541
-65.94903354258636
-65.95993498285193
-65.9713628384927
-65.98331711645561
-65.99579616627369
-66.00879676695962
-66.02231422142845
-66.03634245633118
-66.05087412540819
-66.0659007146977
-66.08141264815576
-66.09739939245361
-66.11384955991488
-66.13075100873516
-66.14809093978909
-66.16585598947633
-66.18403231818847
-66.2026056940928
-66.22156157202784
-66.2408851673911
-66.26056152497178
-66.28057558274217
-66.30091223067292
-66.32155636467816
-66.34249293583088
-66.36370699501498
-66.3851837332009
-66.4069085175467
-66.42886692353657
-66.45104476337548
-66.4734281108614
-66.49600332295762
-66.51875705828495
-66.54167629275035
-66.56474833252305
-66.5879608245623
-66.61130176489415
-66.63475950482572
-66.65832275527724
-66.68198058940305
-66.70572244366346
-66.72953811750041
-66.75341777176094
-66.7773519260018
-66.80133145480134
-66.82534758319544
-66.84939188134643
-66.87345625854549
-66.89753295664137
-66.92161454298098
-66.94569390294033
-66.96976423211768
-66.99381902825445
-67.0178520829435
-67.04185747317902
-67.06582955279677
-67.08976294384907
-67.11365252795379
-67.13749343765308
-67.16128104781286
-67.18501096709146
-67.20867902950141
-67.23228128608636
-67.25581399673128
-67.2792736221222
-67.30265681586914
-67.32596041680355
-67.34918144145992
-67.3723170767492
-67.39536467283015
-67.41832173618327
-67.4411859228905
-67.46395503212295
-67.48662699983775
-67.5091998926839
-67.53167190211668
-67.55404133871909
-67.576306626728
-67.59846629876279
-67.62051899075294
-67.64246343706148
-67.66429846579976
-67.68602299432938
-67.70763602494696
-67.72913664074709
-67.75052400165848
-67.77179734064867
-67.79295596009194
-67.81399922829543
-67.83492657617842
-67.85573749409954
-67.87643152882681
-67.8970082806454
-67.91746740059807
-67.93780858785352
-67.95803158719735
-67.97813618664118
-67.99812221514509
-68.01798954044875
-68.03773806700691
-68.05736773402462
-68.0768785135883
-68.09627040888817
-68.11554345252836
-68.13469770492054
-68.15373325275762
-68.17265020756368
-68.19144870431671
-68.21012890014094
-68.22869097306521
-68.24713512084466
-68.26546155984238
-68.28367052396842
-68.30176226367328
-68.31973704499322
-68.3375951486449
-68.35533686916696
-68.37296251410616
-68.39047240324584
-68.40786686787463
-68.42514625009343
-68.44231090215861
-68.45936118585963
-68.47629747192943
-68.49312013948568
-68.50982957550153
-68.5264261743042
-68.54291033710003
-68.5592824715245
-68.57554299121608
-68.59169231541253
-68.60773086856851
-68.62365907999336
-68.63947738350804
-68.65518621712008
-68.67078602271572
-68.6862772457683
-68.70166033506194
-68.71693574242983
-68.73210392250617
-68.74716533249128
-68.76212043192882
-68.77696968249487
-68.79171354779783
-68.80635249318892
-68.8208869855825
-68.83531749328581
-68.84964448583747
-68.86386843385428
-68.87798980888586
-68.89200908327682
-68.90592673003593
-68.91974322271203
-68.93345903527624
-68.94707464201022
-68.96059051740001
-68.97400713603533
-68.98732497251389
-69.00054450135056
-69.01366619689101
-69.02669053322971
-69.03961798413205
-69.0524490229602
-69.06518412260273
-69.07782375540766
-69.0903683931188
-69.10281850681514
-69.11517456685331
-69.12743704281274
-69.13960640344347
-69.15168311661654
-69.16366764927672
-69.1755604673975
-69.18736203593829
-69.19907281880359
-69.21069327880413
-69.22222387761988
-69.23366507576479
-69.24501733255318
-69.25628110606777
-69.26745685312918
-69.27854502926687
-69.28954608869145
-69.30046048426838
-69.31128866749276
-69.32203108846542
-69.33268819587013
-69.34326043695187
-69.3537482574961
-69.36415210180914
-69.37447241269938
-69.38470963145939
-69.39486419784897
-69.40493655007901
-69.41492712479607
-69.42483635706779
-69.43466468036905
-69.44441252656877
-69.45408032591736
-69.46366850703494
-69.4731774969
-69.48260772083886
-69.49195960251548
-69.501233563922
-69.51043002536976
-69.51954940548075
-69.52859212117967
-69.53755858768639
-69.5464492185089
-69.55526442543668
-69.56400461853447
-69.57267020613658
-69.5812615948414
-69.58977918950644
-69.59822339324374
-69.60659460741553
-69.61489323163032
-69.62311966373935
-69.63127429983328
-69.6393575342393
-69.64736975951844
-69.65531136646325
-69.66318274409576
-69.67098427966565
-69.67871635864877
-69.68637936474589
-69.69397367988168
-69.70149968420398
-69.70895775608328
-69.71634827211241
-69.72367160710655
-69.73092813410332
-69.73811822436322
-69.74524224737017
-69.75230057083232
-69.75929356068302
-69.76622158108201
-69.77308499441675
-69.77988416130397
-69.78661944059135
-69.79329118935946
-69.79989976292376
-69.80644551483678
-69.81292879689055
-69.81934995911902
-69.8257093498008
-69.83200731546194
-69.8382442008788
-69.84442034908125
-69.85053610135576
-69.85659179724878
-69.86258777457023
-69.86852436939701
-69.87440191607675
-69.88022074723159
-69.8859811937621
-69.89168358485135
-69.89732824796896
-69.90291550887538
-69.90844569162626
-69.91391911857677
-69.91933611038621
-69.9246969860226
-69.93000206276731
-69.93525165621993
-69.94044608030306
-69.94558564726728
-69.95067066769614
-69.95570145051131
-69.96067830297767
-69.96560153070858
-69.97047143767115
-69.97528832619165
-69.98005249696088
-69.98476424903971
-69.98942387986457
-69.99403168525312
-69.99858795940982
-70.00309299493172
-70.00754708281417
-70.01195051245665
-70.01630357166863
-70.02060654667545
-70.02485972212429
-70.02906338109011
-70.03321780508173
-70.03732327404789
-70.0413800663833
-70.04538845893482
-70.04934872700764
-70.05326114437143
-70.05712598326664
-70.06094351441071
-70.06471400700435
-70.06843772873796
-70.07211494579782
-70.07574592287256
-70.07933092315952
-70.08287020837116
-70.0863640387415
-70.08981267303251
-70.09321636854067
-70.09657538110335
-70.09988996510539
-70.10316037348557
-70.10638685774313
-70.10956966794434
-70.11270905272899
-70.11580525931699
-70.11885853351492
-70.12186911972265
-70.12483726093978
-70.12776319877243
-70.13064717343964
-70.13348942378009
-70.13629018725865
-70.13904969997299
-70.14176819666015
-70.14444591070323
-70.1470830741379
-70.14967991765904
-70.15223667062737
-70.154753561076
-70.15723081571707
-70.1596686599483
-70.16206731785961
-70.16442701223971
-70.16674796458265
-70.16903039509444
-70.17127452269952
-70.17348056504744
-70.17564873851934
-70.17777925823448
-70.17987233805682
-70.18192819060152
-70.18394702724144
-70.18592905811367
-70.18787449212599
-70.18978353696336
-70.19165639909444
-70.19349328377794
-70.19529439506915
-70.19705993582636
-70.1987901077172
-70.20048511122513
-70.2021451456558
-70.20377040914339
-70.20536109865697
-70.20691741000688
-70.20843953785104
-70.20992767570121
-70.21138201592935
-70.21280274977383
-70.21419006734575
-70.21554415763512
-70.2168652085171
-70.21815340675822
-70.21940893802254
-70.2206319868778
-70.22182273680161
-70.22298137018755
-70.22410806835126
-70.22520301153655
-70.22626637892147
-70.2272983486243
-70.22829909770968
-70.2292688021945
-70.23020763705395
-70.23111577622747
-70.23199339262469
-70.23284065813134
-70.23365774361515
-70.23444481893175
-70.23520205293046
-70.23592961346023
-70.23662766737533
-70.23729638054121
-70.23793591784028
-70.23854644317757
-70.23912811948652
-70.2396811087347
-70.2402055719294
-70.24070166912334
-70.24116955942033
-70.24160940098079
-70.24202135102743
-70.24240556585072
-70.24276220081447
-70.24309141036134
-70.24339334801832
-70.24366816640214
-70.24391601722485
-70.24413705129905
-70.24433141854344
-70.24449926798809
-70.24464074777984
-70.24475600518757
-70.24484518660755
-70.24490843756868
-70.24494590273775
-70.24495772592465
-70.24494405008758
-70.24490501733824
-70.24484076894696
-70.24475144534783
-70.24463718614383
-70.24449813011191
-70.24433441520797
-70.24414617857202
-70.24393355653307
-70.24369668461418
-70.24343569753742
-70.24315072922876
-70.24284191282302
-70.24250938066875
-70.2421532643331
-70.24177369460664
-70.24137080150818
-70.2409447142896
-70.24049556144054
-70.24002347069322
-70.23952856902712
-70.23901098267369
-70.23847083712103
-70.23790825711849
-70.23732336668138
-70.23671628909551
-70.23608714692176
-70.23543606200067
-70.23476315545697
-70.23406854770407
-70.23335235844853
-70.23261470669455
-70.23185571074839
-70.2310754882228
-70.23027415604138
-70.22945183044295
-70.22860862698597
-70.22774466055273
-70.22686004535373
-70.22595489493197
-70.22502932216715
-70.22408343927992
-70.2231173578361
-70.22213118875084
-70.22112504229277
-70.22009902808821
-70.21905325512522
-70.21798783175768
-70.21690286570943
-70.21579846407826
-70.21467473333996
-70.21353177935231
-70.2123697073591
-70.21118862199405
-70.20998862728479
-70.20876982665669
-70.20753232293688
-70.20627621835804
-70.20500161456226
-70.2037086126049
-70.20239731295835
-70.20106781551591
-70.19972021959543
-70.19835462394317
-70.19697112673747
-70.19556982559243
-70.19415081756163
-70.19271419914183
-70.19126006627651
-70.18978851435958
-70.1882996382389
-70.18679353221997
-70.18527029006935
-70.18373000501835
-70.18217276976638
-70.18059867648459
-70.17900781681928
-70.17740028189536
-70.1757761623198
-70.17413554818503
-70.17247852907236
-70.17080519405532
-70.16911563170301
-70.16740993008347
-70.1656881767669
-70.16395045882906
-70.16219686285443
-70.16042747493951
-70.15864238069601
-70.15684166525412
-70.15502541326566
-70.15319370890727
-70.1513466358836
-70.14948427743042
-70.14760671631777
-70.1457140348531
-70.14380631488434
-70.141883637803
-70.13994608454723
-70.13799373560485
-70.13602667101642
-70.13404497037821
-70.13204871284525
-70.13003797713422
-70.12801284152651
-70.12597338387108
-70.12391968158744
-70.12185181166848
-70.11976985068344
-70.11767387478073
-70.11556395969077
-70.11344018072884
-70.1113026127979
-70.10915133039136
-70.10698640759587
-70.1048079180941
-70.10261593516745
-70.1004105316988
-70.0981917801752
-70.09595975269058
-70.09371452094841
-70.09145615626439
-70.08918472956903
-70.08690031141035
-70.08460297195641
-70.08229278099802
-70.07996980795116
-70.07763412185969
-70.07528579139783
-70.07292488487269
-70.0705514702268
-70.06816561504063
-70.06576738653499
-70.06335685157359
-70.06093407666546
-70.05849912796737
-70.05605207128625
-70.05359297208163
-70.051121895468
-70.04863890621719
-70.04614406876074
-70.04363744719222
-70.04111910526963
-70.0385891064176
-70.03604751372984
-70.03349438997128
-70.03092979758047
-70.02835379867174
-70.02576645503753
-70.02316782815053
-70.02055797916601
-70.01793696892393
-70.01530485795116
-70.01266170646367
-70.01000757436869
-70.00734252126684
-70.00466660645426
-70.00197988892478
-69.99928242737197
-69.99657428019128
-69.99385550548209
-69.99112616104978
-69.9883863044078
-69.9856359927797
-69.9828752831012
-69.98010423202209
-69.97732289590836
-69.97453133084414
-69.97172959263368
-69.96891773680326
-69.96609581860324
-69.96326389300992
-69.99060646625688
-70.04057880318324
-70.10777219577567
-70.18817946540898
-70.27873457562984
-70.37702324082377
-70.48109899150174
-70.58936415656045
-70.70049092804304
-70.81336733401405
-70.92705884551563
-71.04077994217802
-71.15387215652306
-71.26578645697987
-71.3760686472837
-71.48434695829268
-71.59032131140002
-71.69375391664424
-71.79446097994091
-71.89230536117597
-71.98719006572722
-72.07905247700525
-72.16785925332165
-72.25360182269738
-72.33629241644064
-72.41596058780405
-72.49265016654826
-72.56641660421762
-72.63732466859427
-72.70544644924627
-72.77085963936507
-72.83364606220921
-72.8938904134285
-72.95167919333059
-73.00709980575917
-73.06023980267501
-73.11118625576849
-73.16002523848276
-73.20684140369919
-73.25171764403512
-73.2947348232388
-73.33597156854778
-73.37550411511589
-73.41340619471934
-73.4497489619384
-73.48460095188575
-73.51802806432804
-73.55009356973157
-73.58085813336768
-73.61037985414357
-73.63871431529154
-73.66591464445742
-73.6920315810869
-73.71711354931936
-73.74120673487148
-73.76435516462774
-73.7866007878611
-73.8079835581834
-73.82854151547902
-73.84831086720723
-73.86732606857237
-73.88561990115836
-73.9032235497079
-73.92016667679721
-73.9364774952183
-73.95218283793159
-73.96730822549499
-73.98187793091176
-73.99591504186986
-74.00944152037025
-74.02247825976245
-74.03504513922258
-74.04716107572195
-74.05884407354593
-74.07011127143026
-74.08097898738895
-74.0914627613119
-74.10157739541417
-74.11133699262011
-74.1207549929671
-74.12984420811324
-74.13861685403315
-74.14708458198453
-74.15525850782701
-74.16314923977235
-74.17076690464323
-74.17812117271532
-74.18522128121477
-74.19207605654037
-74.19869393527742
-74.20508298406676
-74.21125091839063
-74.21720512033322
-74.222952655372
-74.22850028825273
-74.23385449799856
-74.23902149210103
-74.24400721993864
-74.24881738546594
-74.25345745921399
-74.25793268964092
-74.26224811386909
-74.26640856784344
-74.2704186959438
-74.27428296008193
-74.27800564831239
-74.28159088298494
-74.28504262846428
-74.28836469844147
-74.29156076286051
-74.29463435448137
-74.29758887510033
-74.30042760144671
-74.30315369077441
-74.30577018616518
-74.30828002155995
-74.31068602653345
-74.31299093082619
-74.31519736864769
-74.31730788276332
-74.31932492837696
-74.32125087682066
-74.32308801906181
-74.32483856903815
-74.32650466682959
-74.32808838167615
-74.32959171485003
-74.3310166023899
-74.33236491770482
-74.33363847405464
-74.3348390269136
-74.33596827622328
-74.33702786854083
-74.33801939908787
-74.33894441370542
-74.33980441071968
-74.34060084272322
-74.34133511827616
-74.3420086035313
-74.34262262378704
-74.34317846497201
-74.3436773750646
-74.34412056545082
-74.3445092122236
-74.34484445742633
-74.34512741024353
-74.34535914814118
-74.34554071795924
-74.3456731369586
-74.34575739382474
-74.34579444963029
-74.34578523875813
-74.3457306697873
-74.34563162634328
-74.34548896791426
-74.34530353063516
-74.3450761280408
-74.34480755178961
-74.34449857235943
-74.34414993971632
-74.34376238395802
-74.34333661593293
-74.34287332783569
-74.34237319378066
-74.34183687035394
-74.34126499714525
-74.34065819726007
-74.34001707781346
-74.33934223040586
-74.33863423158195
-74.3378936432731
-74.33712101322435
-74.33631687540617
-74.33548175041213
-74.33461614584262
-74.3337205566755
-74.3327954656241
-74.33184134348296
-74.33085864946213
-74.32984783151012
-74.32880932662624
-74.32774356116258
-74.32665095111608
-74.32553190241119
-74.32438681117321
-74.32321606399307
-74.32202003818345
-74.32079910202691
-74.31955361501613
-74.31828392808669
-74.31699038384248
-74.31567331677431
-74.31433305347164
-74.31296991282797
-74.31158420623984
-74.31017623780002
-74.30874630448469
-74.30729469633519
-74.30582169663434
-74.3043275820775
-74.3028126229387
-74.30127708323188
-74.29972122086743
-74.29814528780427
-74.2965495301976
-74.29493418854229
-74.29329949781234
-74.29164568759643
-74.28997298222949
-74.28828160092078
-74.28657175787832
-74.2848436624299
-74.2830975191408
-74.2813335279282
-74.27955188417259
-74.27775277882611
-74.27593639851791
-74.27410292565679
-74.27225253853106
-74.27038541140574
-74.26850171461716
-74.26660161466515
-74.26468527430279
-74.26275285262376
-74.26080450514749
-74.25884038390205
-74.25686063750497
-74.25486541124187
-74.25285484714323
-74.25082908405909
-74.24878825773197
-74.24673250086786
-74.24466194320543
-74.24257671158361
-74.24047693000736
-74.2383627197119
-74.23623419922534
-74.2340914844297
-74.23193468862054
-74.22976392256501
-74.22757929455864
-74.22538091048058
-74.22316887384767
-74.22094328586708
-74.21870424548777
-74.21645184945065
-74.21418619233764
-74.21190736661943
-74.20961546270229
-74.20731056897355
-74.20499277184628
-74.20266215580263
-74.2003188034364
-74.19796279549452
-74.1955942109175
-74.19321312687912
-74.19081961882499
-74.18841376051044
-74.18599562403736
-74.18356527989029
-74.18112279697166
-74.1786682426363
-74.17620168272502
-74.17372318159755
-74.17123280216474
-74.16873060591993
-74.16621665296971
-74.16369100206397
-74.16115371062523
-74.15860483477736
-74.15604442937372
-74.15347254802454
-74.15088924312377
-74.14829456587545
-74.14568856631927
-74.14307129335582
-74.1404427947711
-74.13780311726063
-74.13515230645295
-74.13249040693267
-74.129817462263
-74.12713351500781
-74.12443860675316
-74.12173277812845
-74.11901606882708
-74.11628851762666
-74.11355016240879
-74.11080104017843
-74.10804118708286
-74.10527063843023
-74.1024894287077
-74.09969759159925
-74.09689516000306
-74.09408216604854
-74.09125864111301
-74.08842461583808
-74.08558012014554
-74.08272518325309
-74.07985983368965
-74.07698409931038
-74.07409800731133
-74.07120158424395
-74.06829485602906
-74.06537784797074
-74.06245058476983
-74.05951309053724
-74.05656538880682
-74.05360750254816
-74.05063945417906
-74.04766126557764
-74.04467295809441
-74.0416745525639
-74.03866606931618
-74.0356475281881
-74.03261894853429
-74.029580349238
-74.02653174872164
-74.0234731649572
-74.02040461547635
-74.01732611738048
-74.01423768735039
-74.01113934165592
-74.0080310961653
-74.00491296635435
-74.00178496731553
-73.99864711376671
-73.9954994200599
-73.99234190018971
-73.98917456780171
-73.98599743620055
-73.98281051835801
-73.97961382692084
-73.97640737421847
-73.97319117227053
-73.96996523279432
-73.96672956721201
-73.96348418665777
-73.96022910198475
-73.95696432377201
-73.95368986233112
-73.9504057277128
-73.94711192971344
-73.94380847788135
-73.94049538152304
-73.9371726497093
-73.9338402912812
-73.93049831485597
-73.92714672883272
-73.92378554139817
-73.92041476053214
-73.91703439401299
-73.91364444942302
-73.91024493415365
-73.9068358554106
-73.90341722021897
-73.8999890354281
-73.89655130771656
-73.89310404359682
-73.88964724942
-73.88618093138044
-73.88270509552024
-73.87921974773366
-73.8757248937715
-73.87222053924538
-73.86870668963188
-73.86518335027671
-73.86165052639873
-73.85810822309394
-73.85455644533934
-73.8509951979968
-73.84742448581677
-73.84384431344203
-73.84025468541125
-73.83665560616258
-73.83304708003715
-73.82942911128251
-73.82580170405596
-73.82216486242791
-73.81851859038511
-73.81486289183383
-73.811197770603
-73.80752323044736
-73.80383927505038
-73.80014590802733
-73.79644313292813
-73.79273095324028
-73.78900937239165
-73.78527839375323
-73.78153802064192
-73.77778825632316
-73.77402910401356
-73.7702605668835
-73.76648264805964
-73.76269535062747
-73.75889867763372
-73.75509263208879
-73.7512772169691
-73.74745243521944
-73.74361828975526
-73.73977478346488
-73.73592191921176
-73.73205969983665
-73.7281881281597
-73.7243072069826
-73.72041693909064
-73.71651732725472
-73.71260837423335
-73.70869008277465
-73.70476245561822
-73.7008254954971
-73.69687920513958
-73.69292358727107
-73.68895864461588
-73.68498437989905
-73.681000795848
-73.67700789519436
-73.67300568067556
-73.66899415503653
-73.66497332103134
-73.66094318142478
-73.65690373899398
-73.65285499652988
-73.6487969568389
-73.64472962274428
-73.64065299708768
-73.63656708273058
-73.6324718825557
-73.62836739946846
-73.62425363639832
-73.62013059630016
-73.6159982821556
-73.61185669697436
-73.6077058437955
-73.60354572568878
-73.5993763457558
-73.59519770713135
-73.59100981298455
-73.58681266652009
-73.58260627097935
-73.57839062964165
-73.57416574582528
-73.56993162288875
-73.56568826423172
-73.56143567329629
-73.5571738535679
-73.55290280857646
-73.54862254189739
-73.54433305715258
-73.5400343580115
-73.53572644819204
-73.53140933146162
-73.52708301163804
-73.5227474925905
-73.51840277824046
-73.51404887256258
-73.50968577958567
-73.50531350339344
-73.5009320481255
-73.49654141797815
-73.4921416172052
-73.48773265011889
-73.48331452109056
-73.4788872345516
-73.47445079499415
-73.47000520697189
-73.46555047510083
-73.46108660406001
-73.45661359859233
-73.45213146350518
-73.44764020367127
-73.44313982402925
-73.43863032958446
-73.4341117254096
-73.42958401664536
-73.42504720850118
-73.42050130625576
-73.4159463152578
-73.41138224092657
-73.4068090887526
-73.40222686429816
-73.397635573198
-73.39303522115986
-73.38842581396503
-73.38380735746898
-73.37917985760187
-73.37454332036914
-73.36989775185204
-73.36524315820813
-73.36057954567192
-73.35590692055536
-73.35122528924832
-73.34653465821914
-73.34183503401506
-73.33712642326272
-73.3324088326686
-73.32768226901952
-73.32294673918305
-73.318202250108
-73.31344880882483
-73.30868642244609
-73.30391509816687
-73.2991348432652
-73.29434566510244
-73.28954757112375
-73.28474056885844
-73.27992466592035
-73.27509987000826
-73.2702661889063
-73.26542363048426
-73.26057220269797
-73.25571191358968
-73.25084277128839
-73.24596478401021
-73.24107796005867
-73.23618230782509
-73.23127783578884
-73.22636455251768
-73.22144246666804
-73.21651158698529
-73.21157192230405
-73.20662348154838
-73.20166627373209
-73.19670030795898
-73.1917255934231
-73.18674213940899
-73.18174995529192
-73.17674905053816
-73.17173943470523
-73.16672111744215
-73.1616941084897
-73.15665841768065
-73.15161405494001
-73.14656103028531
-73.14149935382682
-73.13642903576775
-73.13135008640454
-73.12626251612706
-73.12116633541882
-73.11606155485724
-73.11094818511378
-73.10582623695423
-73.10069572123882
-73.0955566489225
-73.09040903105506
-73.08525287878133
-73.08008820334139
-73.07491501607065
-73.06973332840008
-73.06454315185634
-73.05934449806192
-73.05413737873526
-73.04892180569097
-73.04369779083981
-73.03846534618899
-73.0332244838421
-73.02797521599942
-73.02271755495786
-73.01745151311117
-73.01217710294998
-73.00689433706194
-73.00160322813176
-72.99630378894133
-72.99099603236982
-72.98567997139371
-72.98035561908688
-72.9750229886207
-72.96968209326405
-72.96433294638344
-72.95897556144298
-72.95360995200454
-72.94823613172771
-72.94285411436988
-72.93746391378629
-72.93206554393004
-72.92665901885212
-72.9212443527015
-72.91582155972507
-72.91039065426772
-72.90495165077232
-72.89950456377976
-72.89404940792896
-72.88858619795688
-72.88311494869848
-72.87763567508676
-72.87214839215278
-72.86665311502556
-72.86114985893217
-72.85563863919765
-72.85011947124502
-72.84459237059525
-72.83905735286721
-72.83351443377771
-72.82796362914137
-72.82240495487065
-72.81683842697582
-72.81126406156486
-72.80568187484344
-72.80009188311492
-72.79449410278018
-72.78888855033767
-72.78327524238333
-72.77765419561047
-72.77202542680975
-72.76638895286911
-72.76074479077366
-72.75509295760567
-72.74943347054442
-72.74376634686614
-72.73809160394393
-72.73240925924769
-72.72671933034397
-72.72102183489591
-72.71531679066315
-72.70960421550171
-72.70388412736388
-72.6981565442981
-72.69242148444889
-72.68667896605669
-72.68092900745778
-72.6751716270841
-72.66940684346318
-72.66363467521799
-72.65785514106682
-72.65206825982311
-72.64627405039536
-72.64047253178695
-72.63466372309604
-72.62884764351536
-72.62302431233212
-72.61719374892782
-72.61135597277811
-72.60551100345265
-72.59965886061487
-72.59379956402191
-72.5879331335244
-72.58205958906628
-72.57617895068461
-72.57029123850947
-72.56439647276372
-72.55849467376281
-72.55258586191462
-72.54667005771928
-72.54074728176897
-72.53481755474769
-72.5288808974311
-72.52293733068632
-72.51698687547172
-72.51102955283667
-72.50506538392145
-72.49909438995687
-72.49311659226422
-72.48713201225495
-72.48114067143051
-72.47514259138211
-72.46913779379048
-72.46312630042566
-72.45710813314675
-72.45108331390172
-72.44505186472713
-72.43901380774794
-72.4329691651772
-72.42691795931587
-72.42086021255255
-72.41479594736322
-72.40872518631102
-72.40264795204595
-72.39656426730467
-72.3904741549102
-72.38437763777164
-72.37827473888397
-72.37216548132777
-72.36604988826888
-72.35992798295823
-72.35379978873155
-72.34766532900909
-72.34152462729534
-72.33537770717876
-72.32922459233147
-72.323065306509
-72.31689987354994
-72.3107283173757
-72.3045506619902
-72.29836693147955
-72.29217715001174
-72.28598134183639
-72.2797795312844
-72.27357174276769
-72.26735800077891
-72.26113832989121
-72.25491275475785
-72.2486813001119
-72.24244399076589
-72.23620085161153
-72.2299519076193
-72.22369718383814
-72.21743670539516
-72.21117049749525
-72.20489858542075
-72.19862099453114
-72.19233775026267
-72.18604887812805
-72.17975440371607
-72.1734543526913
-72.16714875079369
-72.16083762383829
-72.15452099771484
-72.14819889838748
-72.14187135189431
-72.13553838434714
-72.12920002193107
-72.12285629090411
-72.11650721759689
-72.11015282841224
-72.10379314982482
-72.0974282083808
-72.09105803069747
-72.08468264346283
-72.07830207343527
-72.07191634744318
-72.06552549238455
-72.05912953522663
-72.0527285030055
-72.04632242282571
-72.03991132185992
-72.03349522734845
-72.02707416659895
-72.02064816698596
-72.01421725595057
-72.00778146099996
-72.00134080970707
-71.99489532971015
-71.98844504871234
-71.98198999448135
-71.975530194849
-71.9690656777108
-71.96259647102558
-71.95612260281504
-71.94964410116337
-71.94316099421684
-71.93667331018335
-71.93018107733204
-71.92368432399287
-71.9171830785562
-71.91067736947237
-71.90416722525124
-71.89765267446187
-71.89113374573198
-71.8846104677476
-71.87808286925262
-71.87155097904835
-71.86501482599307
-71.85847443900165
-71.85192984704508
-71.84538107915002
-71.83882816439835
-71.83227113192679
-71.82571001092639
-71.8191448306421
-71.81257562037237
-71.80600240946865
-71.79942522733494
-71.79284410342737
-71.78625906725374
-71.77967014837306
-71.7730773763951
-71.7664807809799
-71.7598803918374
-71.7532762387269
-71.7466683514566
-71.74005675988325
-71.7334414939115
-71.72682258349361
-71.72020005862892
-71.71357394936332
-71.70694428578888
-71.70031109804329
-71.69367441630938
-71.68703427081462
-71.68039069183061
-71.67374370967255
-71.66709335469874
-71.66043965731005
-71.65378264794943
-71.64712235710138
-71.64045881529148
-71.63379205308584
-71.62712210109068
-71.6204489899518
-71.61377275035414
-71.6070934130213
-71.60041100871508
-71.593725568235
-71.58703712241785
-71.58034570213725
-71.57365133830318
-71.56695406186151
-71.56025390379355
-71.5535508951156
-71.54684506687848
-71.54013645016704
-71.53342507609975
-71.52671097582817
-71.51999418053651
-71.51327472144116
-71.50655262979019
-71.49982793686286
-71.49310067396918
-71.4863708724494
-71.4796385636735
-71.47290377904075
-71.46616654997916
-71.45942690794503
-71.45268488442241
-71.44594051092265
-71.43919381898388
-71.43244484017048
-71.42569360607261
-71.41894014830572
-71.41218449850999
-71.40542668834985
-71.39866674951351
-71.39190471371239
-71.38514061268064
-71.37837447817462
-71.37160634197241
-71.36483623587328
-71.35806419169717
-71.35129024128419
-71.3445144164941
-71.33773674920583
-71.33095727131688
-71.3241760147429
-71.31739301141714
-71.31060829328989
-71.30382189232805
-71.29703384051453
-71.29024416984781
-71.28345291234135
-71.27666010002312
-71.26986576493508
-71.26306993913263
-71.25627265468417
-71.24947394367047
-71.24267383818423
-71.23587237032957
-71.22906957222146
-71.22226547598525
-71.21546011375612
-71.20865351767858
-71.20184571990595
-71.1950367525998
-71.18822664792954
-71.1814154380718
-71.17460315520992
-71.1677898315335
-71.16097549923782
-71.15416019052336
-71.14734393759525
-71.14052677266281
-71.13370872793894
-71.1268898356397
-71.12007012798375
-71.11324963719183
-71.10642839548623
-71.09960643509035
-71.09278378822808
-71.08596048712334
-71.07913656399961
-71.07231205107936
-71.06548698058369
-71.0586613847318
-71.05183529574055
-71.04500874582381
-71.03818176719204
-71.03135439205175
-71.02452665260489
-71.01769858104838
-71.01087020957357
-71.00404157036573
-70.99721269560351
-70.99038361745842
-70.98355436809432
-70.97672497966691
-70.96989548432323
-70.96306591420111
-70.95623630142867
-70.94940667812384
-70.94257707639382
-70.93574752833459
-70.92891806603039
-70.92208872155324
-70.9152595269624
-70.90843051430389
-70.90160171560994
-70.89477316289857
-70.88794488817301
-70.88111692342122
-70.87428930061542
-70.86746205171154
-70.86063520864882
-70.85380880334918
-70.84698286771686
-70.84015743363781
-70.83333253297927
-70.82650819758923
-70.819684459296
-70.8128613499076
-70.80603890121142
-70.7992171449736
-70.79239611293859
-70.78557583682866
-70.7787563483434
-70.77193767915928
-70.76511986092905
-70.75830292528136
-70.75148690382025
-70.74467182812464
-70.73785772974784
-70.73104464021712
-70.72423259103316
-70.71742161366963
-70.71061173957267
-70.70380300016042
-70.69699542682255
-70.6901890509198
-70.68338390378342
-70.67658001671481
-70.66977742098497
-70.66297614783409
-70.65617622847097
-70.64937769407268
-70.64258057578404
-70.63578490471708
-70.62899071195069
-70.62219802853008
-70.61540688546634
-70.60861731373599
-70.60182934428047
-70.59504300800575
-70.58825833578179
-70.58147535844216
-70.57469410678354
-70.56791461156527
-70.56113690350891
-70.55436101329776
-70.54758697157645
-70.54081480895044
-70.5340445559856
-70.52727624320777
-70.52050990110229
-70.51374556011356
-70.50698325064462
-70.50022300305667
-70.49346484766868
-70.48670881475685
-70.47995493455431
-70.4732032372506
-70.46645375299121
-70.45970651187722
-70.4529615439648
-70.44621887926486
-70.43947854774252
-70.4327405793168
-70.42600500386007
-70.41927185119773
-70.41254115110777
-70.4058129333203
-70.3990872275172
-70.39236406333167
-70.3856434703478
-70.37892547810019
-70.3722101160735
-70.36549741370209
-70.35878740036951
-70.3520801054082
-70.34537555809905
-70.33867378767093
-70.33197482330036
-70.32527869411109
-70.3185854291737
-70.31189505750517
-70.30520760806851
-70.29852310977242
-70.29184159147077
-70.28516308196234
-70.27848760999034
-70.27181520424205
-70.26514589334846
-70.25847970588386
-70.25181667036546
-70.24515681525303
-70.23850016894848
-70.23184675979553
-70.2251966160793
-70.21854976602597
-70.21190623780238
-70.20526605951567
-70.19862925921292
-70.19199586488081
-70.18536590444518
-70.17873940577074
-70.17211639666071
-70.16549690485641
-70.15888095803696
-70.15226858381887
-70.14565980975576
-70.13905466333793
-70.13245317199211
-70.125855363081
-70.11926126390303
-70.11267090169194
-70.10608430361651
-70.09950149678016
-70.09292250822067
-70.08634736490977
-70.0797760937529
-70.07320872158881
-70.06664527518929
-70.06008578125879
-70.05353026643415
-70.04697875728421
-70.04043128030956
-70.03388786194219
-70.02734852854516
-70.02081330641235
-70.01428222176807
-70.00775530076679
-70.00123256949284
-69.9947140539601
-69.98819978011167
-69.98168977381964
-69.97518406088469
-69.96868266703588
-69.96218561793033
-69.95569293915291
-69.94920465621597
-69.94272079455904
-69.93624137954856
-69.92976643647758
-69.92329599056549
-69.91683006695776
-69.91036869072559
-69.90391188686573
-69.89745968030014
-69.89101209587578
-69.88456915836426
-69.87813089246164
-69.87169732278817
-69.86526847388795
-69.8588443702288
-69.85242503620185
-69.84601049612144
-69.83960077422472
-69.83319589467152
-69.82679588154404
-69.82040075884662
-69.81401055050547
-69.80762528036848
-69.80124497220503
-69.79486964970575
-69.78849933648239
-69.7821340560675
-69.77577383191422
-69.76941868739603
-69.76306864580644
-69.75672373035887
-69.75038396418631
-69.74404937034113
-69.73771997179486
-69.73139579143798
-69.72507685207965
-69.71876317644757
-69.7124547871877
-69.70615170686409
-69.6998539579587
-69.69356156287111
-69.68727454391845
-69.68099292333507
-69.67471672327241
-69.66844596579885
-69.66218067289942
-69.65592086647571
-69.6496665683456
-69.64341780024313
-69.63717458381834
-69.63093694063701
-69.6247048921806
-69.61847845984605
-69.61225766494557
-69.60604252870657
-69.5998330722714
-69.59362931669722
-69.58743128295588
-69.58123899193365
-69.57505246443117
-69.56887172116319
-69.56269678275851
-69.55652766975975
-69.5503644026232
-69.54420700171873
-69.53805548732959
-69.53190987965226
-69.52577019879635
-69.5196364647844
-69.51350869755174
-69.50738691694634
-69.50127114272863
-69.4951613945713
-69.48905769205918
-69.48296005468904
-69.47686850186945
-69.47078305292057
-69.46470372707404
-69.45863054347285
-69.45256352117117
-69.44650267913428
-69.44044803623841
-69.43439961127065
-69.4283574229289
-69.42232148982174
-69.4162918304684
-69.4102684632986
-69.40425140665262
-69.3982406787811
-69.39223629784505
-69.3862382819158
-69.38024664897493
-69.37426141691422
-69.36828260353558
-69.36231022655102
-69.35634430358259
-69.35038485216234
-69.34443188973225
-69.3384854336442
-69.33254550115991
-69.32661210945093
-69.32068527559849
-69.31476501659357
-69.30885134933676
-69.30294429063828
-69.29704385721789
-69.29115006570487
-69.28526293263796
-69.27938247446532
-69.27350870754448
-69.2676416481423
-69.26178131243496
-69.25592771650788
-69.2500808763557
-69.24424080788222
-69.23840752690042
-69.23258104913236
-69.22676139020923
-69.22094856567124
-69.21514259096759
-69.20934348145654
-69.2035512524053
-69.19776591899004
-69.19198749629584
-69.1862159993167
-69.18045144295554
-69.17469384202415
-69.16894321124317
-69.16319956524212
-69.15746291855935
-69.15173328564204
-69.1460106808462
-69.14029511843668
-69.13458661258716
-69.12888517738014
-69.12319082680699
-69.11750357476791
-69.11182343507197
-69.1061504214371
-69.10048454749015
-69.09482582676684
-69.08917427271179
-69.08352989867858
-69.07789271792973
-69.07226274363673
-69.06663998888006
-69.06102446664924
-69.05541618984286
-69.04981517126853
-69.04422142364302
-69.03863495959223
-69.03305579165125
-69.02748393226436
-69.02191939378513
-69.01636218847639
-69.01081232851035
-69.0052698259686
-68.99973469284211
-68.99420694103138
-68.98868658234642
-68.98317362850683
-68.97766809114185
-68.9721699817904
-68.96667931190116
-68.96119609283261
-68.9557203358531
-68.95025205214094
-68.94479125278443
-68.93933794878193
-68.93389215104196
-68.92845387038322
-68.92302311753474
-68.91759990313585
-68.91218423773634
-68.90677613179652
-68.90137559568728
-68.89598263969017
-68.89059727399751
-68.88521950871245
-68.87984935384905
-68.87448681933242
-68.86913191499873
-68.86378465059538
-68.85844503578103
-68.85311308012574
-68.84778879311102
-68.84247218413
-68.83716326248746
-68.83186203739997
-68.82656851799597
-68.82128271331587
-68.81600463231219
-68.81073428384964
-68.80547167670525
-68.80021681956845
-68.7949697210412
-68.78973038963812
-68.78449883378657
-68.77927506182681
-68.77405908201207
-68.76885090250872
-68.76365053139632
-68.75845797666783
-68.75327324622967
-68.74809634790188
-68.7429272894182
-68.73776607842626
-68.73261272248767
-68.72746722907816
-68.7223296055877
-68.71719985932071
-68.7120779974961
-68.70696402724744
-68.70185795562314
-68.69675978958655
-68.6916695360161
-68.68658720170544
-68.68151279336361
-68.67644631761515
-68.67138778100025
-68.66633718997494
-68.66129455091118
-68.65625987009702
-68.65123315373677
-68.64621440795113
-68.6412036387774
-68.63620085216952
-68.63120605399834
-68.62621925005172
-68.62124044603469
-68.61626964756962
-68.6113068601964
-68.60635208937254
-68.60140534047338
-68.59646661879228
-68.59153592954073
-68.58661327784851
-68.58169866876393
-68.57679210725395
-68.57189359820431
-68.5670031464198
-68.56212075662434
-68.55724643346122
-68.55238018149322
-68.54752200520284
-68.5426719089924
-68.53782989718432
-68.53299597402123
-68.52817014366615
-68.52335241020268
-68.51854277763519
-68.51374124988904
-68.50894783081067
-68.50416252416787
-68.49938533364991
-68.4946162628678
-68.48985531535436
-68.4851024945646
-68.48035780387586
-68.47562124658808
-68.47089282592388
-68.46617254502887
-68.46146040697171
-68.45675641474435
-68.45206057126217
-68.44737287936421
-68.44269334181334
-68.43802196129643
-68.43335874042457
-68.42870368173324
-68.42405678768255
-68.41941806065738
-68.41478750296764
-68.41016511684842
-68.40555090446021
-68.40094486788915
-68.39634700914714
-68.39175733017213
-68.38717583282828
-68.38260251890618
-68.3780373901231
-68.37348044812309
-68.36893169447731
-68.36439113068418
-68.35985875816958
-68.3553345782871
-68.3508185923182
-68.34631080147251
-68.34181120688795
-68.337319809631
-68.33283661069687
-68.32836161100978
-68.32389481142313
-68.31943621271971
-68.31498581561192
-68.31054362074204
-68.30610962868238
-68.30168383993552
-68.29726625493456
-68.29285687404331
-68.2884556975565
-68.28406272570007
-68.27967795863128
-68.27530139643905
-68.2709330391441
-68.26657288669922
-68.26222093898947
-68.2578771958324
-68.25354165697833
-68.24921432211048
-68.24489519084528
-68.24058426273257
-68.2362815372558
-68.23198701383231
-68.22770069181348
-68.22342257048506
-68.2191526490673
-68.21489092671524
-68.21063740251894
-68.20639207550367
-68.20215494463017
-68.19792600879485
-68.19370526683008
-68.18949271750435
-68.18528835952256
-68.18109219152622
-68.17690421209367
-68.17272441974036
-68.16855281291903
-68.16438939002
-68.16023414937133
-68.15608708923912
-68.15194820782772
-68.14781750327994
-68.14369497367733
-68.13958061704037
-68.13547443132873
-68.13137641444153
-68.12728656421751
-68.12320487843533
-68.11913135481376
-68.11506599101193
-68.11100878462959
-68.10695973320732
-68.10291883422676
-68.09888608511088
-68.09486148322418
-68.09084502587295
-68.08683671030552
-68.08283653371247
-68.07884449322691
-68.07486058592471
-68.07088480882474
-68.06691715888914
-68.0629576330235
-68.05900622807717
-68.0550629408434
-68.05112776805967
-68.04720070640788
-68.04328175251456
-68.03937090295116
-68.03546815423428
-68.03157350282584
-68.02768694513338
-68.02380847751031
-68.01993809625608
-68.01607579761648
-68.01222157778385
-68.0083754328973
-68.004537359043
-68.00070735225437
-67.99688540851234
-67.99307152374558
-67.98926569383077
-67.98546791459277
-67.98167818180494
-67.97789649118931
-67.97412283841687
-67.97035721910777
-67.96659962883157
-67.96285006310752
-67.95910851740474
-67.95537498714248
-67.95164946769033
-67.94793195436854
-67.9442224424482
-67.94052092715144
-67.93682740365176
-67.9331418670742
-67.92946431249558
-67.9257947349448
-67.92213312940301
-67.91847949080386
-67.91483381403377
-67.91119609393213
-67.90756632529157
-67.90394450285817
-67.90033062133169
-67.89672467536587
-67.89312665956858
-67.8895365685021
-67.88595439668336
-67.88238013858417
-67.87881378863146
-67.8752553412075
-67.87170479065014
-67.86816213125307
-67.864627357266
-67.86110046289497
-67.85758144230252
-67.85407028960795
-67.85056699888754
-67.84707156417483
-67.84358397946077
-67.84010423869407
-67.8366323357813
-67.83316826458723
-67.82971201893498
-67.82626359260635
-67.82282297934194
-67.81939017284145
-67.81596516676392
-67.81254795472792
-67.80913853031178
-67.8057368870539
-67.80234301845285
-67.79895691796771
-67.79557857901827
-67.79220799498519
-67.78884515921035
-67.78549006499699
-67.78214270560996
-67.77880307427594
-67.77547116418371
-67.77214696848434
-67.7688304802914
-67.76552169268123
-67.76222059869315
-67.75892719132966
-67.7556414635567
-67.75236340830386
-67.74909301846462
-67.74583028689653
-67.7425752064215
-67.73932776982598
-67.73608796986116
-67.73285579924327
-67.72963125065372
-67.7264143167394
-67.7232049901128
-67.72000326335237
-67.71680912900258
-67.71362257957428
-67.71044360754483
-67.7072722053584
-67.70410836542607
-67.70095208012617
-67.69780334180446
-67.69466214277428
-67.69152847531686
-67.6884023316815
-67.68528370408579
-67.68217258471581
-67.67906896572637
-67.6759728392412
-67.67288419735317
-67.66980303212455
-67.66672933558716
-67.6636630997426
-67.66060431656251
-67.65755297798871
-67.65450907593346
-67.65147260227964
-67.648443548881
-67.64542190756237
-67.64240767011981
-67.63940082832087
-67.6364013739048
-67.63340929858273
-67.63042459403792
-67.62744725192593
-67.62447726387482
-67.62151462148542
-67.61855931633144
-67.61561133995977
-67.61267068389063
-67.6097373396178
-67.60681129860876
-67.60389255230503
-67.60098109212221
-67.59807690945031
-67.5951799956539
-67.59229034207226
-67.58940794001971
-67.5865327807857
-67.58366485563505
-67.58080415580814
-67.57795067252111
-67.57510439696608
-67.57226532031132
-67.56943343370145
-67.56660872825766
-67.56379119507788
-67.56098082523698
-67.55817760978698
-67.55538153975724
-67.55259260615463
-67.54981079996377
-67.54703611214715
-67.54426853364544
-67.54150805537753
-67.53875466824086
-67.53600836311149
-67.53326913084443
-67.53053696227369
-67.52781184821255
-67.52509377945373
-67.52238274676957
-67.51967874091221
-67.51698175261383
-67.51429177258676
-67.5116087915237
-67.50893280009792
-67.50626378896345
-67.5036017487552
-67.5009466700892
-67.49829854356281
-67.49565735975482
-67.49302310922567
-67.49039578251767
-67.4877753701551
-67.48516186264449
-67.48255525047469
-67.47995552411714
-67.477362674026
-67.47477669063831
-67.47219756437424
-67.46962528563719
-67.46705984481402
-67.46450123227517
-67.4619494383749
-67.45940445345141
-67.45686626782704
-67.45433487180843
-67.4518102556867
-67.44929240973762
-67.4467813242218
-67.44427698938482
-67.44177939545742
-67.43928853265567
-67.43680439118116
-67.43432696122112
-67.43185623294863
-67.42939219652277
-67.42693484208878
-67.42448415977826
-67.42204013970925
-67.4196027719865
-67.41717204670158
-67.41474795393304
-67.41233048374659
-67.40991962619522
-67.40751537131945
-67.4051177091474
-67.402726629695
-67.40034212296611
-67.39796417895275
-67.39559278763517
-67.39322793898206
-67.39086962295073
-67.3885178294872
-67.38617254852639
-67.38383376999228
-67.38150148379808
-67.37917567984634
-67.37685634802915
-67.37454347822826
-67.37223706031523
-67.3699370841516
-67.36764353958907
-67.36535641646957
-67.36307570462547
-67.36080139387973
-67.35853347404603
-67.35627193492891
-67.35401676632395
-67.35176795801787
-67.34952549978873
-67.34728938140603
-67.3450595926309
-67.34283612321619
-67.34061896290665
-67.33840810143907
-67.33620352854244
-67.33400523393803
-67.3318132073396
-67.3296274384535
-67.32744791697883
-67.32527463260757
-67.32310757502472
-67.32094673390843
-67.31879209893015
-67.31664365975475
-67.31450140604068
-67.31236532744009
-67.31023541359899
-67.30811165415736
-67.30599403874929
-67.30388255700313
-67.30177719854161
-67.29967795298197
-67.29758480993608
-67.29549775901063
-67.29341678980718
-67.29134189192236
-67.28927305494794
-67.28721026847103
-67.28515352207413
-67.28310280533529
-67.28105810782829
-67.27901941912266
-67.27698672878391
-67.27496002637359
-67.27293930144945
-67.27092454356554
-67.26891574227234
-67.26691288711689
-67.2649159676429
-67.26292497339092
-67.26093989389838
-67.25896071869977
-67.25698743732674
-67.25502003930825
-67.25305851417063
-67.25110285143776
-67.24915304063113
-67.24720907127
-67.24527093287153
-67.24333861495084
-67.24141210702116
-67.23949139859394
-67.23757647917898
-67.23566733828453
-67.2337639654174
-67.23186635008307
-67.22997448178582
-67.22808835002881
-67.22620794431425
-67.22433325414345
-67.22246426901695
-67.22060097843465
-67.21874337189587
-67.21689143889952
-67.21504516894419
-67.21320455152821
-67.2113695761498
-67.20954023230722
-67.20771650949875
-67.20589839722291
-67.20408588497853
-67.20227896226484
-67.20047761858159
-67.19868184342911
-67.19689162630851
-67.19510695672167
-67.19332782417142
-67.19155421816158
-67.18978612819714
-67.18802354378428
-67.18626645443051
-67.18451484964474
-67.18276871893744
-67.18102805182068
-67.17929283780822
-67.17756306641566
-67.1758387271605
-67.17411980956221
-67.17240630314241
-67.17069819742487
-67.16899548193567
-67.16729814620325
-67.16560617975853
-67.16391957213499
-67.16223831286878
-67.16056239149879
-67.15889179756672
-67.15722652061726
-67.15556655019805
-67.15391187585988
-67.15226248715673
-67.15061837364587
-67.14897952488792
-67.14734593044699
-67.14571757989071
-67.14409446279036
-67.14247656872095
-67.14086388726126
-67.139256407994
-67.13765412050581
-67.13605701438743
-67.1344650792337
-67.13287830464374
-67.13129668022091
-67.129720195573
-67.12814884031225
-67.12658260405546
-67.12502147642405
-67.12346544704417
-67.12191450554674
-67.12036864156755
-67.11882784474736
-67.1172921047319
-67.11576141117207
-67.1142357537239
-67.1127151220487
-67.11119950581309
-67.10968889468913
-67.10818327835433
-67.10668264649176
-67.10518698879015
-67.1036962949439
-67.10221055465321
-67.10072975762414
-67.09925389356867
-67.09778295220487
-67.09631692325685
-67.09485579645494
-67.09339956153566
-67.09194820824186
-67.09050172632273
-67.08906010553389
-67.08762333563746
-67.08619140640212
-67.08476430760317
-67.08334202902256
-67.08192456044907
-67.08051189167823
-67.07910401251249
-67.07770091276126
-67.07630258224093
-67.074909010775
-67.07352018819411
-67.07213610433608
-67.07075674904603
-67.0693821121764
-67.06801218358704
-67.06664695314525
-67.06528641072583
-67.0639305462112
-67.06257934949139
-67.06123281046413
-67.05989091903496
-67.05855366511717
-67.057221038632
-67.05589302950857
-67.05456962768405
-67.05325082310364
-67.05193660572066
-67.05062696549658
-67.04932189240112
-67.04802137641231
-67.04672540751646
-67.04543397570832
-67.04414707099107
-67.04286468337641
-67.04158680288458
-67.04031341954445
-67.03904452339356
-67.03778010447816
-67.03652015285327
-67.03526465858276
-67.03401361173935
-67.03276700240471
-67.03152482066947
-67.03028705663333
-67.02905370040502
-67.02782474210242
-67.02660017185264
-67.02537997979195
-67.02416415606594
-67.02295269082953
-67.02174557424699
-67.02054279649204
-67.01934434774786
-67.01815021820717
-67.01696039807221
-67.01577487755489
-67.01459364687672
-67.01341669626895
-67.01224401597256
-67.01107559623833
-67.00991142732688
-67.0087514995087
-67.00759580306423
-67.00644432828385
-67.00529706546794
-67.00415400492699
-67.00301513698152
-67.00188045196224
-67.00074994020999
-66.99962359207586
-66.99850139792122
-66.9973833481177
-66.99626943304729
-66.99515964310237
-66.99405396868573
-66.99295240021063
-66.99185492810079
-66.99076154279052
-66.9896722347247
-66.98858699435877
-66.98750581215887
-66.98642867860183
-66.98535558417518
-66.98428651937722
-66.98322147471704
-66.98216044071458
-66.98110340790063
-66.98005036681691
-66.97900130801604
-66.97795622206164
-66.97691509952833
-66.97587793100176
-66.97484470707869
-66.97381541836694
-66.9727900554855
-66.97176860906455
-66.97075106974543
-66.96973742818075
-66.96872767503437
-66.96772180098147
-66.96671979670855
-66.96572165291347
-66.9647273603055
-66.96373690960532
-66.96275029154506
-66.96176749686835
-66.96078851633031
-66.95981334069762
-66.95884196074852
-66.95787436727284
-66.95691055107206
-66.9559505029593
-66.95499421375935
-66.95404167430874
-66.95309287545571
-66.95214780806026
-66.95120646299421
-66.95026883114117
-66.94933490339659
-66.9484046706678
-66.94747812387402
-66.94655525394637
-66.94563605182793
-66.94472050847375
-66.94380861485085
-66.94290036193829
-66.94199574072714
-66.94109474222054
-66.94019735743375
-66.93930357739407
-66.93841339314099
-66.93752679572613
-66.93664377621327
-66.93576432567842
-66.93488843520977
-66.93401609590778
-66.93314729888515
-66.93228203526685
-66.9314202961902
-66.93056207280479
-66.92970735627259
-66.9288561377679
-66.92800840847741
-66.92716415960022
-66.92632338234786
-66.92548606794426
-66.92465220762584
-66.92382179264146
-66.92299481425252
-66.92217126373289
-66.92135113236898
-66.92053441145977
-66.91972109231676
-66.91891116626405
-66.91810462463835
-66.91730145878896
-66.91650166007781
-66.9157052198795
-66.91491212958125
-66.91412238058298
-66.9133359642973
-66.91255287214952
-66.91177309557767
-66.91099662603253
-66.9102234549776
-66.90945357388917
-66.90868697425628
-66.9079236475808
-66.90716358537736
-66.90640677917344
-66.90565322050934
-66.9049029009382
-66.904155812026
-66.90341194535164
-66.90267129250684
-66.90193384509625
-66.9011995947374
-66.90046853306077
-66.89974065170973
-66.89901594234061
-66.89829439662267
-66.89757600623815
-66.89686076288226
-66.89614865826316
-66.89543968410203
-66.89473383213304
-66.89403109410337
-66.89333146177323
-66.89263492691583
-66.89194148131746
-66.89125111677743
-66.89056382510809
-66.88987959813488
-66.88919842769631
-66.88852030564398
-66.88784522384253
-66.88717317416976
-66.88650414851654
-66.88583813878682
-66.88517513689774
-66.88451513477952
-66.88385812437552
-66.88320409764223
-66.8825530465493
-66.88190496307953
-66.88125983922886
-66.88061766700642
-66.87997843843448
-66.8793421455485
-66.87870878039715
-66.87807833504223
-66.87745080155877
-66.87682617203497
-66.87620443857224
-66.87558559328522
-66.87496962830171
-66.87435653576277
-66.87374630782264
-66.87313893664881
-66.87253441442199
-66.8719327333361
-66.87133388559829
-66.87073786342899
-66.87014465906181
-66.86955426474364
-66.8689666727346
-66.86838187530806
-66.86779986475064
-66.86722045746869
-66.86664297588744
-66.86606590461561
-66.86548662061664
-66.86490124887925
-66.86430465158436
-66.86369053121196
-66.86305161566666
-66.86237989175817
-66.86166685760652
-66.86090377127344
-66.86008187997322
-66.8591926204417
-66.85822778598069
-66.85717965929682
-66.8560411126696
-66.85480567844564
-66.85346759360472
-66.8520218223887
-66.8504640609002
-66.84879072729288
-66.84699894078545
-66.84508649229923
-66.84305180908832
-66.84089391532594
-66.83861239024402
-66.83620732510248
-66.83367927998844
-66.83102924121485
-66.82825857989432
-66.82536901210791
-66.8223625609604
-66.81924152071265
-66.81600842310145
-66.81266600589473
-66.80921718368246
-66.80566502086742
-66.80201270679353
-66.79826353293065
-66.79442087202166
-66.79048815908948
-66.78646887419708
-66.7823665268521
-66.77818464194745
-66.77392674713207
-66.7695963615085
-66.76519698555822
-66.76073209219989
-66.756205118891
-66.75161946068783
-66.746978464184
-66.74228542225303
-66.73754356952512
-66.7327560785329
-66.72792605646616
-66.72305654247917
-66.71815050549894
-66.71321084248652
-66.70824037710699
-66.7032418587676
-66.69821796198637
-66.69317128605695
-66.6881043549779
-66.68301961761756
-66.67791944808796
-66.67280614630343
-66.6676819387017
-66.66254897910756
-66.65740934972007
-66.65226506220725
-66.64711805889229
-66.64197021401795
-66.63682333507629
-66.63167916419253
-66.6265393795527
-66.6214055968657
-66.61627937085176
-66.61116219674943
-66.60605551183463
-66.60096069694563
-66.59587907800874
-66.59081192755973
-66.58576046625708
-66.58072586438303
-66.57570924332934
-66.57071167706496
-66.56573419358294
-66.56077777632458
-66.5558433655791
-66.55093185985692
-66.54604411723582
-66.54118095667833
-66.53634315931991
-66.53153146972714
-66.5267465971254
-66.52198921659566
-66.51725997024027
-66.51255946831766
-66.50788829034578
-66.50324698617467
-66.49863607702821
-66.49405605651529
-66.48950739161084
-66.48499052360707
-66.48050586903531
-66.47605382055913
-66.4716347478389
-66.46724899836886
-66.46289689828667
-66.45857875315664
-66.4542948487268
-66.45004545166067
-66.44583081024426
-66.44165115506905
-66.43750669969153
-66.43339764126983
-66.4293241611784
-66.42528642560097
-66.42128458610286
-66.41731878018287
-66.41338913180564
-66.40949575191506
-66.40563873892913
-66.40181817921717
-66.39803414755978
-66.39428670759204
-66.3905759122308
-66.43837333795712
-66.52471277705071
-66.64031512555648
-66.77831711708886
-66.93347554030291
-67.10166772502112
-67.2795744861814
-67.46447521224006
-67.65411208578283
-67.8465971971092
-68.04034654249378
-68.23403112899129
-68.4265392019769
-68.61694592290864
-68.80448823206507
-68.98854348667216
-69.16861098395017
-69.34429579269592
-69.51529450660442
-69.68138264689856
-69.84240351108446
-69.99825830710577
-70.14889743890605
-70.2943128270588
-70.43453116061225
-70.56960798589368
-70.69962254601249
-70.82467329189211
-70.94487399221242
-71.0603503758178
-71.17123724600961
-71.277676011707
-71.37981258572063
-71.47779560532193
-71.57177493489606
-71.66190041473132
-71.74832082392217
-71.83118302894852
-71.91063129275715
-71.9868067221248
-72.05984683374166
-72.12988522184061
-72.19705131233037
-72.26147019029153
-72.32326248938243
-72.3825443331975
-72.43942731994194
-72.49401854295122
-72.5464206406084
-72.59673187011087
-72.64504620032601
-72.69145341966298
-72.73603925548935
-72.77888550214239
-72.82007015504038
-72.85966754879387
-72.8977484975578
-72.93438043616062
-72.96962756080036
-73.00355096831683
-73.0362087932367
-73.06765634194869
-73.09794622350364
-73.12712847665027
-73.1552506928171
-73.18235813483379
-73.2084938512557
-73.23369878621415
-73.25801188476352
-73.28147019373652
-73.30410895815217
-73.32596171324717
-73.34706037222327
-73.3674353098193
-73.38711544182998
-73.4061283007026
-73.42450010735014
-73.44225583932304
-73.45941929548516
-73.4760131573399
-73.49205904715218
-73.50757758301047
-73.52258843097086
-73.53711035442178
-73.55116126080473
-73.56475824582219
-73.57791763525947
-73.59065502454261
-73.60298531615017
-73.61492275499151
-73.62648096185985
-73.6376729650631
-73.64851123033115
-73.65900768909337
-73.66917376521563
-73.67902040028173
-73.68855807749992
-73.69779684431077
-73.70674633376892
-73.71541578476736
-73.72381406116911
-73.7319496699078
-73.73983077811515
-73.74746522933019
-73.7548605588422
-73.762024008216
-73.76896253904596
-73.77568284598216
-73.78219136906986
-73.78849430544084
-73.79459762039326
-73.80050705789448
-73.80622815053897
-73.81176622899228
-73.81712643094953
-73.8223137096356
-73.82733284187276
-73.83218843573957
-73.83688493784376
-73.8414266402306
-73.84581768694659
-73.85006208027771
-73.85416368667981
-73.85812624241814
-73.8619533589317
-73.8656485279376
-73.86921512628912
-73.8726564206012
-73.87597557165545
-73.87917563859668
-73.88225958293204
-73.88523027234316
-73.88809048432124
-73.89084290963427
-73.89349015563536
-73.89603474942021
-73.89847914084174
-73.90082570538905
-73.90307674693788
-73.90523450037894
-73.90730113413042
-73.90927875254053
-73.91116939818554
-73.91297505406857
-73.91469764572412
-73.91633904323297
-73.91790106315182
-73.9193854703619
-73.92079397984052
-73.9221282583592
-73.923389926112
-73.92458055827737
-73.9257016865167
-73.9267548004125
-73.9277413488491
-73.92866274133863
-73.92952034929475
-73.93031550725645
-73.9310495140645
-73.9317236339923
-73.9323390978337
-73.93289710394924
-73.93339881927304
-73.93384538028188
-73.9342378939283
-73.93457743853914
-73.93486506468119
-73.9351017959953
-73.93528863000029
-73.93542653886803
-73.93551647017084
-73.93555934760249
-73.93555607167379
-73.93550752038388
-73.93541454986833
-73.93527799502476
-73.9350986701173
-73.93487736936021
-73.93461486748211
-73.93431192027107
-73.93396926510168
-73.93358762144467
-73.93316769135974
-73.93271015997233
-73.932215695935
-73.93168495187385
-73.93111856482068
-73.93051715663144
-73.92988133439147
-73.92921169080793
-73.9285088045901
-73.92777324081773
-73.92700555129827
-73.9262062749129
-73.92537593795225
-73.9245150544418
-73.92362412645754
-73.92270364443227
-73.92175408745267
-73.92077592354765
-73.91976960996824
-73.91873559345927
-73.91767431052317
-73.91658618767612
-73.9154716416969
-73.91433107986859
-73.91316490021335
-73.91197349172067
-73.9107572345691
-73.90951650034185
-73.9082516522363
-73.90696304526783
-73.90565102646792
-73.9043159350769
-73.90295810273136
-73.90157785364659
-73.9001755047939
-73.89875136607345
-73.89730574048218
-73.89583892427741
-73.89435120713613
-73.89284287230991
-73.89131419677602
-73.88976545138432
-73.88819690100048
-73.88660880464546
-73.88500141563132
-73.88337498169366
-73.88172974512057
-73.88006594287828
-73.87838380673372
-73.87668356337389
-73.87496543452222
-73.87322963705209
-73.8714763830974
-73.86970588016048
-73.86791833121728
-73.86611393481995
-73.8642928851969
-73.86245537235045
-73.86060158215197
-73.85873169643486
-73.85684589308514
-73.85494434612991
-73.8530272258237
-73.85109469873261
-73.84914692781665
-73.84718407250988
-73.84520628879879
-73.84321372929884
-73.84120654332902
-73.83918487698483
-73.8371488732094
-73.83509867186305
-73.8330344097911
-73.8309562208901
-73.82886423617262
-73.82675858383035
-73.82463938929588
-73.82250677530303
-73.82036086194569
-73.81820176673551
-73.81602960465814
-73.81384448822823
-73.81164652754318
-73.80943583033577
-73.80721250202548
-73.80497664576873
-73.802728362508
-73.80046775101985
-73.79819490796183
-73.79590992791837
-73.79361290344569
-73.79130392511561
-73.7889830815585
-73.78665045950515
-73.78430614382788
-73.78195021758052
-73.7795827620377
-73.77720385673322
-73.77481357949746
-73.77241200649415
-73.76999921225617
-73.76757526972067
-73.76514025026339
-73.76269422373221
-73.76023725848002
-73.75776942139679
-73.75529077794103
-73.75280139217054
-73.75030132677246
-73.74779064309274
-73.74526940116492
-73.7427376597383
-73.74019547630553
-73.73764290712958
-73.7350800072702
-73.7325068306097
-73.72992342987826
-73.72732985667874
-73.72472616151086
-73.72211239379496
-73.71948860189516
-73.71685483314218
-73.71421113385549
-73.71155754936517
-73.70889412403322
-73.7062209012744
-73.70353792357675
-73.7008452325215
-73.69814286880278
-73.6954308722467
-73.69270928183026
-73.68997813569965
-73.68723747118833
-73.6844873248346
-73.68172773239903
-73.6789587288812
-73.67618034853642
-73.67339262489187
-73.67059559076259
-73.66778927826695
-73.66497371884199
-73.66214894325833
-73.6593149816348
-73.65647186345277
-73.65361961757024
-73.65075827223556
-73.64788785510089
-73.64500839323546
-73.64211991313847
-73.63922244075177
-73.63631600147228
-73.63340062016417
-73.63047632117073
-73.62754312832614
-73.62460106496682
-73.62165015394272
-73.61869041762826
-73.61572187793311
-73.61274455631276
-73.60975847377885
-73.60676365090931
-73.60376010785826
-73.6007478643658
-73.59772693976748
-73.59469735300371
-73.5916591226289
-73.58861226682042
-73.58555680338743
-73.5824927497795
-73.57942012309506
-73.57633894008968
-73.57324921718424
-73.57015097047284
-73.56704421573063
-73.56392896842146
-73.56080524370542
-73.55767305644612
-73.55453242121797
-73.55138335231322
-73.54822586374891
-73.54505996927361
-73.54188568237414
-73.53870301628211
-73.53551198398027
-73.53231259820883
-73.5291048714716
-73.52588881604206
-73.5226644439692
-73.51943176708346
-73.51619079700227
-73.51294154513572
-73.50968402269206
-73.50641824068298
-73.50314420992895
-73.49986194106435
-73.49657144454254
-73.49327273064081
-73.48996580946528
-73.48665069095566
-73.48332738488993
-73.47999590088895
-73.47665624842095
-73.47330843680597
-73.46995247522017
-73.4665883727001
-73.46321613814689
-73.45983578033031
-73.45644730789279
-73.45305072935336
-73.44964605311155
-73.44623328745111
-73.44281244054376
-73.43938352045288
-73.435946535137
-73.43250149245341
-73.4290484001615
-73.42558726592623
-73.42211809732136
-73.4186409018328
-73.41515568686171
-73.41166245972768
-73.40816122767178
-73.4046519978596
-73.40113477738417
-73.39760957326888
-73.39407639247034
-73.39053524188115
-73.38698612833267
-73.38342905859767
-73.37986403939301
-73.3762910773822
-73.37271017917796
-73.3691213513447
-73.36552460040099
-73.36191993282192
-73.35830735504153
-73.35468687345505
-73.35105849442121
-73.34742222426446
-73.34377806927715
-73.34012603572171
-73.33646612983269
-73.33279835781889
-73.32912272586535
-73.32543924013537
-73.32174790677244
-73.31804873190218
-73.31434172163418
-73.31062688206389
-73.30690421927441
-73.3031737393383
-73.29943544831929
-73.295689352274
-73.29193545725363
-73.28817376930562
-73.28440429447527
-73.28062703880731
-73.27684200834749
-73.27304920914406
-73.26924864724937
-73.26544032872124
-73.2616242596245
-73.25780044603232
-73.25396889402771
-73.25012960970479
-73.24628259917021
-73.24242786854447
-73.23856542396312
-73.23469527157816
-73.23081741755921
-73.22693186809475
-73.22303862939334
-73.2191377076848
-73.2152291092213
-73.21131284027862
-73.20738890715718
-73.20345731618315
-73.19951807370953
-73.1955711861172
-73.191616659816
-73.18765450124567
-73.18368471687688
-73.17970731321225
-73.17572229678723
-73.17172967417112
-73.16772945196794
-73.1637216368174
-73.1597062353957
-73.15568325441649
-73.15165270063167
-73.14761458083225
-73.14356890184919
-73.1395156705542
-73.13545489386053
-73.13138657872372
-73.12731073214243
-73.12322736115915
-73.11913647286094
-73.11503807438015
-73.11093217289512
-73.1068187756309
-73.10269788985988
-73.09856952290255
-73.09443368212804
-73.09029037495486
-73.08613960885147
-73.08198139133692
-73.07781572998148
-73.0736426324072
-73.0694621062885
-73.06527415935274
-73.0610787993808
-73.05687603420758
-73.05266587172257
-73.04844831987037
-73.04422338665121
-73.03999108012141
-73.03575140839392
-73.03150437963878
-73.02725000208362
-73.02298828401409
-73.01871923377433
-73.01444285976741
-73.01015917045578
-73.00586817436165
-73.00156988006746
-72.99726429621627
-72.99295143151215
-72.98863129472058
-72.9843038946688
-72.97996924024625
-72.97562734040487
-72.9712782041595
-72.96692184058818
-72.96255825883257
-72.95818746809819
-72.9538094776548
-72.94942429683672
-72.94503193504312
-72.94063240173833
-72.93622570645213
-72.93181185878008
-72.92739086838371
-72.92296274499087
-72.918527498396
-72.91408513846035
-72.90963567511223
-72.9051791183473
-72.90071547822882
-72.89624476488777
-72.89176698852323
-72.88728215940252
-72.8827902878614
-72.87829138430432
-72.87378545920463
-72.86927252310471
-72.86475258661626
-72.86022566042041
-72.85569175526791
-72.85115088197932
-72.84660305144521
-72.84204827462625
-72.83748656255342
-72.83291792632815
-72.82834237712247
-72.82375992617911
-72.8191705848117
-72.81457436440488
-72.80997127641437
-72.8053613323672
-72.80074454386171
-72.79612092256778
-72.79149048022683
-72.78685322865198
-72.78220917972814
-72.77755817120544
-72.77289955796668
-72.76823188788295
-72.76355265994407
-72.75885821138706
-72.75414373663361
-72.74940341435489
-72.74463060825613
-72.73981810703148
-72.73495837442807
-72.7300437879113
-72.725066851901
-72.72002037789292
-72.71489762863126
-72.70969242689169
-72.70439923158692
-72.69901318509736
-72.69353013622344
-72.68794664318105
-72.6822599607943
-72.6764680156123
-72.67056937217691
-72.66456319315955
-72.65844919560035
-72.65222760504498
-72.64589910899011
-72.6394648107213
-72.63292618435348
-72.62628503165983
-72.6195434410937
-72.61270374926391
-72.60576850501147
-72.59874043614829
-72.59162241885329
-72.58441744967216
-72.57712862003233
-72.56975909316029
-72.56231208327287
-72.5547908369045
-72.54719861622844
-72.53953868422948
-72.53181429158751
-72.5240286651358
-72.51618499776352
-72.50828643963801
-72.50033609063001
-72.49233699383161
-72.48429213006476
-72.47620441328485
-72.46807668679149
-72.45991172016484
-72.45171220685295
-72.44348076234124
-72.4352199228414
-72.426932144442
-72.4186198026686
-72.41028519240537
-72.401930528135
-72.39355794445737
-72.38516949685116
-72.37676716264619
-72.36835284217715
-72.35992836009247
-72.3514954667945
-72.34305583998962
-72.33461108632918
-72.32616274312412
-72.31771228011776
-72.30926110130319
-72.30081054677292
-72.29236189459003
-72.28391636267118
-72.27547511067294
-72.26703924187407
-72.25860980504703
-72.25018779631316
-72.24177416097648
-72.23336979533184
-72.22497554844375
-72.21659222389283
-72.2082205814872
-72.1998613389367
-72.19151517348813
-72.1831827235201
-72.1748645900965
-72.16656133847759
-72.15827349958836
-72.15000157144374
-72.14174602053053
-72.13350728314613
-72.12528576669422
-72.11708185093782
-72.10889588921013
-72.10072820958362
-72.0925791159982
-72.08444888934908
-72.07633778853493
-72.06824605146764
-72.06017389604398
-72.05212152108048
-72.04408910721232
-72.03607681775716
-72.02808479954494
-72.02011318371459
-72.01216208647858
-72.00423160985652
-71.9963218423784
-71.98843285975894
-71.98056472554343
-71.97271749172658
-71.96489119934498
-71.95708587904406
-71.9493015516208
-71.94153822854267
-71.93379591244383
-71.92607459759965
-71.91837427037997
-71.91069490968222
-71.90303648734506
-71.89539896854335
-71.88778231216509
-71.88018647117121
-71.87261139293875
-71.8650570195882
-71.85752328829561
-71.85001013159011
-71.84251747763746
-71.83504525051018
-71.8275933704449
-71.82016175408737
-71.81275031472578
-71.80535896251276
-71.7979876046767
-71.79063614572276
-71.78330448762398
-71.77599253000311
-71.76870017030531
-71.76142730396242
-71.75417382454894
-71.74693962393019
-71.73972459240302
-71.7325286188294
-71.72535159076318
-71.71819339457033
-71.71105391554309
-71.70393303800807
-71.69683064542886
-71.68974662050319
-71.68268084525494
-71.67563320112139
-71.66860356903575
-71.66159182950526
-71.65459786268514
-71.64762154844854
-71.64066276645265
-71.63372139620104
-71.62679731710271
-71.61989040852771
-71.61300054985969
-71.60612762054548
-71.5992715001418
-71.5924320683593
-71.58560920510408
-71.57880279051672
-71.57201270500904
-71.56523882929864
-71.55848104444132
-71.55173923186167
-71.54501327338157
-71.53830305124703
-71.5316084481533
-71.52492934726847
-71.51826563225528
-71.5116171872918
-71.50498389709055
-71.4983656469163
-71.49176232260275
-71.48517381056797
-71.47859999782871
-71.47204077201371
-71.46549602137601
-71.45896563480424
-71.45244950183313
-71.44594751265308
-71.43945955811897
-71.43298552975824
-71.42652531977818
-71.42007882107264
-71.41364592722798
-71.40722653252857
-71.40082053196154
-71.39442782122117
-71.38804829671258
-71.38168185555512
-71.37532839558516
-71.36898781535855
-71.36266001415265
-71.35634489196794
-71.35004234952925
-71.3437522882868
-71.33747461041673
-71.3312092188215
-71.32495601712984
-71.31871490969657
-71.31248580160212
-71.30626859865181
-71.3000632073749
-71.29386953502348
-71.28768748957107
-71.28151697971121
-71.27535791485569
-71.26921020513271
-71.26307376138492
-71.25694849516726
-71.25083431874471
-71.24473114508987
-71.23863888788053
-71.23255746149697
-71.22648678101935
-71.22042676222486
-71.21437732158486
-71.20833837626192
-71.2023098441068
-71.19629164365534
-71.19028369412533
-71.18428591541326
-71.17829822809107
-71.17232055340287
-71.16635281326155
-71.16039493024539
-71.15444682759461
-71.14850842920795
-71.14257965963915
-71.13666044409342
-71.13075070842395
-71.12485037912828
-71.11895938334476
-71.11307764884896
-71.10720510405004
-71.10134167798715
-71.09548730032576
-71.08964190135409
-71.0838054119794
-71.07797776372439
-71.07215888872354
-71.06634871971943
-71.06054719005917
-71.05475423369064
-71.04896978515897
-71.04319377960279
-71.03742615275065
-71.03166684091741
-71.02591578100055
-71.02017291047663
-71.01443816739764
-71.00871149038741
-71.00299281863803
-70.99728209190626
-70.99157925050999
-70.98588423532465
-70.98019698777969
-70.97451744985509
-70.96884556407772
-70.96318127351802
-70.95752452178633
-70.95187525302953
-70.94623341192754
-70.94059894368986
-70.93497179405219
-70.92935190927292
-70.92373923612985
-70.91813372191669
-70.91253531443976
-70.90694396201462
-70.9013596134627
-70.89578221810802
-70.89021172577387
-70.88464808677948
-70.8790912519368
-70.87354117254722
-70.86799780039831
-70.86246108776062
-70.85693098738446
-70.85140745249669
-70.84589043679756
-70.84037989445754
-70.8348757801142
-70.82937804886906
-70.82388665628444
-70.81840155838044
-70.81292271163183
-70.80745007296493
-70.80198359975466
-70.79652324982145
-70.79106898142821
-70.78562075327739
-70.78017852450793
-70.77474225469236
-70.76931190383377
-70.76388743236294
-70.7584688011354
-70.75305597142851
-70.74764890493859
-70.74224756377802
-70.73685191047244
-70.73146190795784
-70.72607751957774
-70.72069870908045
-70.71532544061618
-70.70995767873431
-70.70459538838062
-70.69923853489452
-70.69388708400632
-70.68854100183452
-70.68320025488309
-70.67786481003876
-70.67253463456836
-70.66720969611619
-70.66188996270128
-70.65657540271486
-70.65126598491766
-70.64596167843732
-70.64066245276582
-70.6353682777569
-70.63007912362343
-70.62479496093496
-70.6195157606151
-70.61424149393905
-70.60897213253102
-70.60370764836182
-70.59844801374632
-70.59319320134098
-70.58794318414142
-70.58269793547996
-70.57745742902316
-70.57222163876946
-70.56699053904676
-70.56176410450998
-70.55654231013871
-70.5513251312349
-70.5461125434204
-70.54090452263472
-70.53570104513261
-70.53050208748182
-70.52530762656075
-70.52011763955618
-70.51493210396097
-70.50975099757184
-70.50457429848704
-70.49940198510417
-70.49423403611792
-70.48907043051787
-70.48391114758626
-70.4787561668958
-70.47360546830754
-70.46845903196858
-70.46331683831002
-70.45817886804478
-70.45304510216543
-70.44791552194211
-70.44279010892038
-70.43766884491914
-70.43255171202854
-70.42743869260788
-70.42232976928355
-70.41722492494698
-70.41212414275259
-70.40702740611574
-70.40193469871073
-70.39684600446874
-70.39176130757589
-70.38668059247121
-70.38160384384466
-70.37653104663514
-70.37146218602858
-70.36639724745596
-70.36133621659137
-70.35627907935006
-70.35122582188656
-70.34617643059275
-70.34113089209598
-70.33608919325715
-70.33105132116887
-70.32601726315356
-70.3209870067616
-70.3159605397695
-70.31093785017808
-70.30591892621054
-70.30090375631077
-70.29589232914148
-70.29088463358241
-70.28588065872852
-70.28088039388825
-70.27588382858174
-70.27089095253905
-70.26590175569842
-70.26091622820455
-70.25593436040685
-70.25095614285772
-70.24598156631082
-70.24101062171941
-70.23604330023464
-70.23107959320383
-70.22611949216885
-70.2211629888644
-70.21621007521644
-70.21126074334039
-70.20631498553966
-70.20137279430394
-70.19643416230753
-70.19149908240783
-70.18656754764369
-70.1816395512338
-70.17671508657511
-70.17179414724129
-70.1668767269811
-70.1619628197169
-70.15705241954305
-70.15214552072437
-70.14724211769465
-70.14234220505503
-70.13744577757264
-70.13255283017891
-70.12766335796822
-70.12277735619631
-70.11789482027885
-70.11301574578994
-70.10814012846065
-70.10326796417758
-70.09839924898137
-70.09353397906528
-70.08867215077377
-70.08381376060106
-70.07895880518969
-70.07410728132913
-70.06925918595441
-70.06441451614465
-70.05957326912176
-70.05473544224897
-70.04990103302954
-70.04507003910534
-70.04024245825553
-70.03541828839522
-70.03059752757406
-70.02578017397498
-70.02096622591284
-70.01615568183311
-70.01134854031058
-70.006544800048
-70.00174445987487
-69.99694751874608
-69.99215397574065
-69.98736383006049
-69.98257708102908
-69.97779372809023
-69.9730137708069
-69.96823720885982
-69.96346404204637
-69.95869427027928
-69.95392789358547
-69.94916491210486
-69.94440532608917
-69.93964913590072
-69.93489634201129
-69.93014694500084
-69.92540094555638
-69.92065834447072
-69.91591914264141
-69.91118334106943
-69.90645094085812
-69.90172194321201
-69.89699634943567
-69.89227416093257
-69.88755537920396
-69.88284000584771
-69.87812804255725
-69.87341949112046
-69.8687143534185
-69.86401263142477
-69.85931432720386
-69.85461944291036
-69.8499279807879
-69.845239943168
-69.84055533246905
-69.83587415119524
-69.83119640193553
-69.82652208736259
-69.82185121023176
-69.81718377338002
-69.81251977972502
-69.807859232264
-69.80320213407276
-69.79854848830477
-69.79389829819004
-69.78925156703421
-69.78460829821753
-69.7799684951939
-69.77533216148989
-69.77069930070374
-69.76606991650448
-69.76144401263086
-69.75682159289052
-69.75220266115893
-69.74758722137857
-69.74297527755787
-69.73836683377041
-69.73376189415393
-69.72916046290939
-69.72456254430013
-69.71996814265091
-69.71537726234708
-69.71078990783359
-69.70620608361418
-69.70162579425049
-69.69704904436117
-69.692475838621
-69.68790618176004
-69.6833400785628
-69.67877753386732
-69.67421855256438
-69.66966313959665
-69.66511129995784
-69.66056303869186
-69.65601836089202
-69.65147727170019
-69.646939776306
-69.64240587994603
-69.63787558790298
-69.63334890550493
-69.62882583812447
-69.62430639117795
-69.61979057012474
-69.61527838046636
-69.61076982774578
-69.60626491754664
-69.60176365549246
-69.59726604724591
-69.59277209850804
-69.58828181501754
-69.58379520255002
-69.57931226691724
-69.57483301396638
-69.57035744957935
-69.56588557967201
-69.56141741019353
-69.5569529471256
-69.55249219648177
-69.54803516430673
-69.54358185667562
-69.53913227969333
-69.53468643949384
-69.53024434223948
-69.52580599412033
-69.52137140135348
-69.51694057018236
-69.51251350687615
-69.50809021772905
-69.50367070905965
-69.49925498721029
-69.4948430585464
-69.49043492945583
-69.48603060634831
-69.48163009565471
-69.47723340382649
-69.47284053733502
-69.46845150267102
-69.46406630634391
-69.4596849548812
-69.45530745482789
-69.45093381274592
-69.44656403521347
-69.44219812882449
-69.43783610018801
-69.43347795592761
-69.42912370268087
-69.42477334709874
-69.42042689584497
-69.4160843555956
-69.41174573303836
-69.40741103487213
-69.40308026780636
-69.39875343856058
-69.39443055386378
-69.39011162045395
-69.38579664507746
-69.38148563448863
