-65.0
-64.99414185296477
-64.98922619176366
-64.98421606917786
-64.97882207801172
-64.97298281985113
-64.9667114840198
-64.96004576548307
-64.95303007338087
-64.94570882854298
-64.93812391083101
-64.93031376756305
-64.92231321655993
-64.91415354425943
-64.90586272581717
-64.8974656896168
-64.8889845905956
-64.88043907589176
-64.87184653529077
-64.86322233330587
-64.85458002191668
-64.84593153412955
-64.83728735912734
-64.82865670009497
-64.82004761596328
-64.81146714837165
-64.80292143514929
-64.79441581157496
-64.78595490061059
-64.77754269322651
-64.76918261985129
-64.7608776138915
-64.75263016818045
-64.74444238513748
-64.73631602132292
-64.72825252702168
-64.72025308141396
-64.71231862383522
-64.70444988155545
-64.69664739446648
-64.6889115370488
-64.68124253790214
-64.67364049712462
-64.66610540178057
-64.65863713966752
-64.65123551157328
-64.64390024218974
-64.63663098983272
-64.62942735509907
-64.62228888857757
-64.61521509771701
-64.60820545294287
-64.6012593931041
-64.59437633032229
-64.58755565430744
-64.5807967361975
-64.57409893197242
-64.56746158548789
-64.5608840311695
-64.55436559640265
-64.547905603651
-64.5415033723315
-64.53515822047189
-64.52886946617326
-64.52263642889822
-64.51645843060284
-64.51033479672932
-64.50426485707341
-64.49824794653958
-64.49228340492976
-64.48637057671762
-64.48050881442482
-64.47469747835687
-64.46893593669066
-64.4632235656479
-64.45755974967342
-64.45194388159337
-64.4463753627457
-64.44085360308195
-64.4353780212411
-64.42994804459764
-64.42456310928611
-64.4192226602046
-64.41392615099912
-64.4086730440312
-64.40346281033064
-64.39829492953491
-64.39316888981718
-64.38808418780414
-64.38304032848514
-64.37803682511367
-64.37307319910241
-64.36814897991272
-64.36326370493953
-64.35841691939231
-64.35360817617297
-64.34883703575117
-64.34410306603773
-64.33940584225664
-64.33474494681597
-64.3301199691784
-64.32553050573136
-64.32097615965742
-64.31645654080498
-64.31197126555966
-64.30751995671662
-64.30310224335382
-64.29871776070668
-64.29436615004401
-64.29004705854555
-64.2857601391811
-64.28150505059135
-64.27728145697067
-64.27308902795158
-64.26892743849132
-64.26479636876032
-64.26069550403268
-64.25662453457882
-64.25258315555998
-64.248571066925
-64.24458797330908
-64.24063358393464
-64.23670761251425
-64.23280977715568
-64.22893980026895
-64.22509740847545
-64.22128233251907
-64.21749430717935
-64.21373307118662
-64.21032384263182
-64.20759578349472
-64.20580783123965
-64.205143251841
-64.20572171956566
-64.20761376355647
-64.23842402000301
-64.28694056726472
-64.34820935047172
-64.41954785943307
-64.50855692442667
-64.61452892898853
-64.7348663713561
-64.86688176104374
-65.0082340718045
-65.15697220443383
-65.31147994084158
-65.47040921615738
-65.63262392266802
-65.79715704076298
-65.96317885059578
-66.12997332799401
-66.29692028654895
-66.46348166863183
-66.62919063846982
-66.79364269813591
-66.95648829928642
-67.1174265770018
-67.2761999501565
-67.43258940934699
-67.5864103652694
-67.73750894298351
-67.88575870846681
-68.03105773810896
-68.17332596008524
-68.31250276244414
-68.44854483533028
-68.58142422215805
-68.71112655803431
-68.83764947688094
-68.96100117103998
-69.08119908903808
-69.19826874514213
-69.31224267193045
-69.42315946691097
-69.53106292403413
-69.6360012535875
-69.73802638126476
-69.83719331897544
-69.93355960080545
-70.02718477820905
-70.11812996913173
-70.20645745616395
-70.29223032925324
-70.37551216891387
-70.45636676613712
-70.5348578756043
-70.61104899494256
-70.6850031771155
-70.75678287259434
-70.82644978475695
-70.89406474684985
-70.95968761755975
-71.02337719308909
-71.08519113396635
-71.14518590502176
-71.20341672712465
-71.25993753941002
-71.31480097084342
-71.3680583200808
-71.41975954268206
-71.469953244824
-71.51868668267934
-71.5660057668372
-71.6119550710912
-71.65657784502268
-71.6999160298619
-71.74201027715971
-71.7828999698505
-71.82262324533309
-71.86121702022112
-71.89871701646389
-71.93515778856904
-71.97057275168822
-72.00499421035032
-72.03845338722651
-72.07098045086438
-72.10260454912672
-72.13335383785065
-72.1632555100091
-72.19233582487647
-72.22062013698593
-72.24813292475999
-72.27489781873275
-72.30093762930393
-72.32627437397058
-72.35092930400002
-72.37492293051235
-72.39827504994757
-72.42100476889678
-72.44313052828457
-72.46467012689243
-72.48564074421775
-72.50605896266994
-72.52594078908281
-72.54530167557503
-72.56415653975023
-72.58251978424464
-72.6004053156318
-72.61782656269388
-72.63479649407105
-72.65132763530158
-72.66743208526586
-72.6831215320483
-72.69840726823149
-72.71330020563701
-72.72781088952834
-72.7419495122926
-72.75572592661143
-72.76914965814065
-72.78222991771375
-72.79497561308362
-72.80739536021773
-72.81949749416148
-72.83129007948645
-72.8427809203333
-72.8539775700663
-72.86488734055379
-72.87551731108773
-72.88587433695551
-72.89596505767655
-72.90579590491636
-72.9153731100902
-72.92470271166806
-72.93379056219264
-72.94264233502115
-72.95126353080174
-72.95965948369509
-72.967835367351
-72.97579620064967
-72.98354685321709
-72.99109205072352
-72.9984363799737
-73.00558429379713
-73.01254011574687
-73.0193080446142
-73.02589215876621
-73.03229642031405
-73.0385246791189
-73.04458067664176
-73.05046804964411
-73.05619033374488
-73.06175096683995
-73.06715329238978
-73.07240056258038
-73.07749594136321
-73.08244250737836
-73.08724325676651
-73.09190110587372
-73.0964188938536
-73.10079938517119
-73.10504527201233
-73.10915917660274
-73.11314365344005
-73.11700119144272
-73.1207342160191
-73.12434509105988
-73.12783612085698
-73.13120955195213
-73.13446757491757
-73.13761232607209
-73.14064588913472
-73.14357029681861
-73.14638753236767
-73.14909953103808
-73.15170818152696
-73.1542153273502
-73.15662276817176
-73.15893226108601
-73.16114552185537
-73.16326422610477
-73.16529001047456
-73.16722447373384
-73.16906917785538
-73.17082564905397
-73.17249537878929
-73.174079824735
-73.17558041171509
-73.17699853260898
-73.17833554922642
-73.17959279315338
-73.18077156657009
-73.18187314304224
-73.1828987682864
-73.1838496609106
-73.1847270131309
-73.18553199146525
-73.1862657374049
-73.18692936806467
-73.18752397681267
-73.18805063388021
-73.18851038695273
-73.18890426174237
-73.1892332625428
-73.18949837276715
-73.18970055546939
-73.18984075384998
-73.18991989174623
-73.18993887410792
-73.18989858745881
-73.18979990034435
-73.18964366376625
-73.18943071160429
-73.18916186102588
-73.18883791288364
-73.1884596521016
-73.1880278480503
-73.18754325491119
-73.18700661203073
-73.18641864426449
-73.18578006231162
-73.18509156303998
-73.18435382980226
-73.18356753274348
-73.18273332909992
-73.18185186349002
-73.18092376819736
-73.179949663446
-73.1789301576685
-73.17786584776678
-73.17675731936599
-73.17560514706183
-73.17440989466131
-73.17317211541723
-73.1718923522566
-73.17057113800323
-73.16920899559449
-73.16780643829267
-73.16636396989092
-73.164882084914
-73.16336126881396
-73.16180199816101
-73.16020474082964
-73.15856995618006
-73.15689809523526
-73.15518960085376
-73.15344490789803
-73.15166444339906
-73.14984862671668
-73.14799786969633
-73.14611257682188
-73.14419314536491
-73.1422399655305
-73.14025342059948
-73.13823388706754
-73.1361817347809
-73.134097327069
-73.131981020874
-73.12983316687743
-73.12765410962392
-73.12544418764203
-73.12320373356243
-73.12093307423343
-73.11863253083386
-73.11630241898347
-73.11394304885084
-73.111554725259
-73.10913774778855
-73.10669241087874
-73.10421900392612
-73.10171781138118
-73.0991891128429
-73.09663318315114
-73.09405029247728
-73.09144070641257
-73.08880468605496
-73.08614248809384
-73.08345436489311
-73.08074056457245
-73.07800133108685
-73.07523690430462
-73.07244752008359
-73.06963341034587
-73.06679480315104
-73.06393192276778
-73.06104498974402
-73.05813422097573
-73.05519982977424
-73.05224202593222
-73.0492610157883
-73.04625700229047
-73.04323018505808
-73.04018076044267
-73.0371089215876
-73.0340148584865
-73.03089875804045
-73.02776080411418
-73.02460117759105
-73.021420056427
-73.01821761570345
-73.0149940276791
-73.01174946184081
-73.00848408495347
-73.00519806110881
-73.00189155177341
-72.99856471583568
-72.995217709652
-72.99185068709188
-72.98846379958246
-72.98505719615189
-72.9816310234721
-72.9781854259007
-72.974720545522
-72.9712365221874
-72.96773349355492
-72.964211595128
-72.96067096029368
-72.95711172035985
-72.95353400459203
-72.94993794024934
-72.94632365261985
-72.94269126505527
-72.93904089900498
-72.93537267404942
-72.93168670793297
-72.92798311659608
-72.92426201420695
-72.9205235131925
-72.9167677242689
-72.91299475647145
-72.909204717184
-72.90539771216775
-72.90157384558964
-72.89773322005009
-72.89387593661037
-72.89000209481944
-72.88611179274021
-72.88220512697555
-72.87828219269358
-72.87434308365268
-72.87038789222606
-72.86641670942576
-72.86242962492636
-72.85842672708827
-72.85440810298053
-72.85037383840326
-72.84632401790967
-72.8422587248277
-72.83817804128128
-72.83408204821123
-72.82997082539576
-72.82584445147069
-72.82170300394924
-72.81754655924152
-72.81337519267369
-72.80918897850675
-72.80498798995502
-72.80077229920437
-72.79654197742997
-72.79229709481393
-72.78803772056253
-72.78376392292314
-72.77947576920091
-72.77517332577516
-72.77085665811543
-72.76652583079738
-72.76218090751824
-72.75782195111222
-72.75344902356544
-72.74906218603076
-72.74466149884232
-72.74024702152975
-72.73581881283232
-72.73137693071263
-72.72692143237025
-72.72245237425513
-72.71796981208134
-72.71347380083952
-72.70896439480937
-72.70444164757207
-72.69990561202265
-72.69535634038199
-72.69079388420863
-72.68621829441042
-72.681629621256
-72.67702791438596
-72.67241322282408
-72.66778559498812
-72.66314507870061
-72.65849172119941
-72.65382556914807
-72.64914666864604
-72.64445506523873
-72.63975080392738
-72.63503392917875
-72.6303044849347
-72.62556251462159
-72.62080806115951
-72.61604116697139
-72.61126187399192
-72.60647022367638
-72.60166625700928
-72.59685001451288
-72.59202153625556
-72.58718086186008
-72.58232803051165
-72.57746308096596
-72.57258605155697
-72.56769698020469
-72.56279590442273
-72.5578828613258
-72.552957887637
-72.5480210196952
-72.54307229346216
-72.53811174452996
-72.53313940812734
-72.52815531912645
-72.52315951204953
-72.51815202107547
-72.51313288004633
-72.50810212247372
-72.50305978154498
-72.49800589012943
-72.49294048078444
-72.4878635857613
-72.48277523701118
-72.47767546619089
-72.47256430466852
-72.46744178352911
-72.46230793358006
-72.45716278535667
-72.45200636912952
-72.44683871490679
-72.44165985243987
-72.43646981122865
-72.43126862052662
-72.4260563093458
-72.42083290646158
-72.41559844041761
-72.4103529395304
-72.405096431894
-72.39982894538454
-72.39455050766472
-72.38926114618823
-72.38396088820411
-72.37864976076096
-72.37332779071124
-72.36799500471533
-72.36265142924567
-72.35729709059073
-72.351932014859
-72.34655622798284
-72.34116975572236
-72.33577262366914
-72.33036485724999
-72.32494648173059
-72.31951752221913
-72.31407800366982
-72.3086279508864
-72.30316738852552
-72.29769634110018
-72.292214832983
-72.28672288840953
-72.28122053148144
-72.2757077861697
-72.27018467631775
-72.26465122564454
-72.25910745774753
-72.25355339610574
-72.24798906408269
-72.2424144849292
-72.23682968178623
-72.23123467768775
-72.22562949556348
-72.22001415824164
-72.2143886884516
-72.20875310882657
-72.20310744190614
-72.19745171013888
-72.19178593588484
-72.18611014141804
-72.1804243489289
-72.17472858052662
-72.16902285824159
-72.16330720402769
-72.15758163976456
-72.15184618725989
-72.14610086825168
-72.14034570441032
-72.13458071734085
-72.12880592858505
-72.1230213596235
-72.11722703187765
-72.11142296671188
-72.1056091854355
-72.09978570930463
-72.09395255952425
-72.08810975725011
-72.08225732359053
-72.07639527960838
-72.07052364632274
-72.06464244471077
-72.05875169570949
-72.05285142021746
-72.04694163909652
-72.04102237317343
-72.0350936432416
-72.02915547006258
-72.02320787436777
-72.01725087685999
-72.01128449821499
-72.005308759083
-71.99932368009021
-71.99332928177935
-71.98732558422711
-71.98131260777772
-71.9752903728789
-71.96925890002028
-71.96321820970702
-71.9571683224474
-71.95110925874654
-71.94504103910337
-71.9389636840093
-71.93287721394776
-71.92678164939456
-71.92067701081837
-71.91456331868163
-71.9084405934415
-71.90230885555091
-71.89616812545974
-71.89001842361587
-71.88385977046647
-71.8776921864591
-71.87151569204293
-71.86533030766982
-71.85913605379557
-71.85293295088096
-71.84672101939286
-71.84050027980521
-71.83427075260006
-71.8280324582686
-71.8217854173121
-71.81552965024295
-71.8092651775856
-71.80299201987748
-71.79671019766995
-71.79041973152923
-71.7841206420372
-71.77781294979239
-71.77149667541075
-71.76517183952652
-71.75883846279307
-71.75249656588367
-71.74614616949235
-71.73978729433458
-71.73341996114812
-71.72704419069375
-71.72066000375597
-71.71426742114379
-71.70786646369137
-71.70145715225877
-71.6950395077326
-71.68861355102686
-71.68217930308359
-71.67573678487348
-71.66928601739649
-71.66282702168242
-71.65635981879154
-71.64988442981513
-71.64340087587607
-71.63690917812943
-71.63040935776301
-71.62390143599794
-71.61738543408913
-71.6108613733259
-71.60432927503244
-71.59778916056837
-71.59124105132926
-71.58468496874711
-71.57812093429128
-71.57154896946963
-71.56496909582825
-71.55838133495178
-71.55178570846384
-71.54518223802727
-71.53857094534445
-71.53195185215768
-71.52532498024955
-71.51869035144342
-71.51204798760375
-71.50539791063649
-71.49874014248952
-71.49207470515299
-71.48540162065964
-71.47872091108525
-71.4720325985489
-71.46533670521337
-71.45863325328543
-71.45192226501615
-71.44520376270127
-71.43847776868147
-71.43174430534265
-71.4250033951163
-71.41825506048073
-71.41149932396044
-71.40473620812615
-71.39796573559511
-71.39118792903128
-71.38440285945232
-71.37761078918102
-71.37081241380297
-71.3640091665966
-71.35720352990273
-71.35039930054339
-71.34360177173951
-71.33681781302663
-71.33005584668773
-71.3233257315497
-71.31663857230191
-71.31000647551987
-71.30344227347605
-71.29695923473335
-71.2905707773806
-71.2842901972656
-71.2781304201585
-71.27210378369875
-71.26622185237095
-71.26049526665273
-71.25493362586403
-71.24954540306885
-71.24433788957508
-71.23931716607653
-71.23448809722224
-71.22985434632155
-71.22541840695463
-71.2211816484136
-71.21714437211902
-71.21330587641431
-71.20966452741709
-71.20621783388756
-71.2029625243492
-71.19989462495923
-71.1970095368705
-71.19430211205047
-71.19176672672458
-71.1893973517916
-71.18718761971606
-71.18513088754078
-71.18322029578037
-71.18144882305651
-71.1798093364204
-71.17829463737661
-71.17689750367948
-71.17561072701812
-71.17442714674121
-71.17333967979945
-71.17234134710282
-71.17142529650232
-71.17058482261436
-71.1698133837083
-71.16910461587838
-71.1684523447175
-71.16785059470507
-71.16729359651416
-71.16677579243401
-71.16629184009524
-71.16583661467405
-71.16540520974165
-71.16499293691422
-71.1645953244476
-71.1642081149108
-71.16382726206139
-71.16344892703601
-71.16306947395988
-71.1626854650691
-71.16229365543168
-71.16189098734438
-71.16147458447492
-71.16104174581187
-71.16058993947777
-71.16011679645474
-71.15962010426635
-71.15909780065373
-71.15854796727969
-71.15796882348961
-71.15735872015419
-71.15671613361542
-71.15603965975359
-71.15532800819071
-71.15457999664228
-71.15379454542773
-71.15297067214696
-71.15210748652923
-71.15120418545831
-71.15026004817679
-71.14927443167092
-71.14824676623611
-71.14717655122259
-71.14606335095941
-71.14490679085475
-71.14370655366928
-71.14246237595934
-71.14117404468607
-71.13984139398599
-71.13846430209884
-71.13704268844766
-71.13557651086644
-71.13406576296997
-71.13251047166122
-71.13091069477079
-71.12926651882339
-71.12757805692627
-71.12584544677453
-71.12406884876823
-71.12224844423649
-71.12038443376373
-71.11847703561338
-71.1165264842444
-71.11453302891634
-71.11249693237839
-71.11041846963852
-71.1082979268085
-71.106135600021
-71.10393179441499
-71.10168682318587
-71.09940100669705
-71.09707467164934
-71.09470815030531
-71.09230177976548
-71.0898559012934
-71.08737085968703
-71.08484700269358
-71.08228468046552
-71.07968424505529
-71.07704604994639
-71.07437044961883
-71.0716577991468
-71.06890845382674
-71.06612276883375
-71.06330109890496
-71.06044379804777
-71.05755121927189
-71.05462371434321
-71.05166163355857
-71.04866532553976
-71.04563513704569
-71.04257141280154
-71.03947449534364
-71.0363447248794
-71.03318243916075
-71.02998797337072
-71.0267616600219
-71.02350382886617
-71.0202148068148
-71.01689491786837
-71.01354448305551
-71.01016382038023
-71.00675324477687
-71.00331306807236
-70.99984359895504
-70.99634514294978
-70.99281800239878
-70.98926247644758
-70.98567886103604
-70.98206744889367
-70.97842852953923
-70.97476238928398
-70.97106931123852
-70.96734957532271
-70.96360345827854
-70.95983123368565
-70.95603317197926
-70.95220954047022
-70.94836060336719
-70.94448662180042
-70.94058785384722
-70.9366645545589
-70.93271697598895
-70.92874536722235
-70.92474997440583
-70.92073104077917
-70.91668880670707
-70.91262350971176
-70.90853538450617
-70.90442466302751
-70.90029157447134
-70.89613634532577
-70.89195919940599
-70.88776035788898
-70.88354003934822
-70.87929845978853
-70.87503583268088
-70.87075236899707
-70.86644827724444
-70.86212376350032
-70.85777903144643
-70.85341428240288
-70.84902971536219
-70.84462552702283
-70.84020191182253
-70.8357590619714
-70.83129716748451
-70.82681641621434
-70.8223169938828
-70.81779908411278
-70.81326286845945
-70.80870852644107
-70.80413623556939
-70.79954617137976
-70.79493850746064
-70.79031341548287
-70.78567106522839
-70.78101162461863
-70.7763352597424
-70.77164213488338
-70.76693241254719
-70.76220625348805
-70.75746381673498
-70.75270525961763
-70.7479307377915
-70.743140405263
-70.73833441441386
-70.7335129160253
-70.72867605930176
-70.72382399189406
-70.71895685992237
-70.71407480799867
-70.70917797924885
-70.70426651533442
-70.69934055647387
-70.69440024146353
-70.68944570769821
-70.68447709119143
-70.67949452659519
-70.67449814721952
-70.66948808505161
-70.66446447077458
-70.65942743378595
-70.65437710221583
-70.64931360294462
-70.64423706162053
-70.63914760267679
-70.63404534934844
-70.62893042368893
-70.62380294658632
-70.61866303777933
-70.61351081587291
-70.60834639835373
-70.60316990160527
-70.5979814409228
-70.59278113052791
-70.58756908358286
-70.58234541220457
-70.57711022747843
-70.57186363947183
-70.56660575724743
-70.56133668887634
-70.55605654145089
-70.55076542109734
-70.54546343298836
-70.54015068135526
-70.53482726949996
-70.52949329980679
-70.52414887375411
-70.5187940919257
-70.51342905402187
-70.5080538588706
-70.50266860443826
-70.49727338784028
-70.49186830499967
-70.4864534508549
-70.48102891979299
-70.4755948055113
-70.47015120096856
-70.46469819836739
-70.45923588915004
-70.45376436399955
-70.44828371284397
-70.44279402486208
-70.43729538849024
-70.43178789142976
-70.42627162065456
-70.42074666241902
-70.4152131022659
-70.40967102503426
-70.40412051486742
-70.39856165522073
-70.39299452886945
-70.38741921791635
-70.38183580379932
-70.37624436729892
-70.37064498854572
-70.36503774702759
-70.35942272159687
-70.35379999047748
-70.34816963127186
-70.34253172096777
-70.33688633594514
-70.33123355198268
-70.3255734442644
-70.31990608738623
-70.31423155536329
-70.30854992163518
-70.30286125907232
-70.29716563998309
-70.29146313611903
-70.28575381868035
-70.28003775832164
-70.27431502515763
-70.26858568876878
-70.26284981820683
-70.25710748200032
-70.25135874815999
-70.24560368418413
-70.23984235706773
-70.23407483330242
-70.22830117888238
-70.22252145930973
-70.2167357395996
-70.21094408428513
-70.20514655742234
-70.19934322259493
-70.19353414291908
-70.18771938104801
-70.18189899917668
-70.1760730590463
-70.1702416219488
-70.16440474873129
-70.15856249980038
-70.15271493512657
-70.1468621142484
-70.14100409627677
-70.13514093989896
-70.12927270338281
-70.12339944458077
-70.11752122093384
-70.11163808947555
-70.10575010683584
-70.09985732924497
-70.09395981253721
-70.08805761215473
-70.08215078315118
-70.07623938019542
-70.07032345757513
-70.06440306920034
-70.05847826860696
-70.05254910896029
-70.04661564305846
-70.04067792333576
-70.03473600186612
-70.02878993036633
-70.02283976019933
-70.01688554237748
-70.01092732756574
-70.00496516608486
-69.99899910791444
-69.99302920269612
-69.98705549973653
-69.98107804801036
-69.97509689616334
-69.96911209251518
-69.96312368506248
-69.95713172148166
-69.9511362491317
-69.94513731505708
-69.93913496599052
-69.93312924835571
-69.92712020827005
-69.92110789154736
-69.91509234370051
-69.90907360994403
-69.90305173519675
-69.89702676408437
-69.89099874094197
-69.88496770981651
-69.87893371446937
-69.87289679837876
-69.8668570047422
-69.86081437647884
-69.85476895623194
-69.84872078637113
-69.84266990899481
-69.83661636593239
-69.8305601987466
-69.82450144873573
-69.81844015693589
-69.81237636412315
-69.80631011081577
-69.80024143727638
-69.79417038351409
-69.7880969892866
-69.7820212941024
-69.77594333722283
-69.76986315766395
-69.7637807941987
-69.75769628535876
-69.75160966943665
-69.74552098448761
-69.7394302683316
-69.73333755855516
-69.72724289251335
-69.72114630733158
-69.71504783990754
-69.70894752691294
-69.7028454047954
-69.69674150978021
-69.69063587787214
-69.68452854485717
-69.67841954630427
-69.67230891756708
-69.66619669378566
-69.6600829098882
-69.65396760059262
-69.64785080040829
-69.64173254363769
-69.63561286437792
-69.62949179652246
-69.62336937376266
-69.61724562958933
-69.61112059729436
-69.60499430997224
-69.59886680052169
-69.59273810164711
-69.58660824586012
-69.58047726548097
-69.57434519264005
-69.56821205927933
-69.56207789715374
-69.55594273783267
-69.54980661270129
-69.54366955296203
-69.53753158963592
-69.53139275356396
-69.52525307540849
-69.51911258565453
-69.51297131461108
-69.50682929241252
-69.50068654901983
-69.49454311422195
-69.488399017637
-69.48225428871359
-69.47610895673209
-69.46996305080584
-69.4638165998824
-69.45766963274477
-69.4515221780126
-69.44537426414335
-69.43922591943358
-69.43307717202006
-69.42692804988117
-69.42077858083798
-69.41462879255535
-69.40847871254303
-69.40232836815672
-69.39617778659918
-69.39002699492133
-69.38387602002332
-69.3777248886556
-69.37157362742003
-69.36542226277089
-69.35927082101595
-69.35311932831755
-69.34696781069354
-69.34081629401844
-69.33466480402433
-69.3285133663019
-69.32236200630149
-69.31621074933432
-69.31005962057357
-69.30390864505517
-69.29775784767858
-69.2916072532077
-69.28545688627182
-69.2793067713665
-69.27315693285455
-69.2670073949669
-69.26085818180354
-69.25470931733446
-69.24856082540052
-69.24241272971433
-69.23626505386119
-69.2301178212999
-69.22397105536368
-69.21782477926097
-69.21167901607633
-69.20553378877129
-69.19938912018564
-69.19324503303893
-69.18710154993006
-69.18095869333798
-69.17481648562253
-69.16867494902525
-69.16253410567019
-69.15639397756689
-69.15025458660978
-69.14411595457838
-69.13797810313933
-69.13184105384889
-69.12570482814883
-69.11956944736814
-69.11343493272412
-69.1073013053234
-69.10116858616271
-69.09503679612963
-69.08890595600326
-69.08277608645497
-69.07664720804911
-69.07051934124365
-69.06439250639104
-69.05826672373884
-69.05214201343037
-69.04601839550537
-69.03989588990075
-69.03377451645125
-69.0276542948901
-69.02153524484966
-69.0154173858621
-69.00930073735988
-69.00318531867649
-68.9970711490471
-68.9909582470766
-68.98484663097486
-68.97873631928235
-68.97262733063684
-68.96651968368164
-68.96041339702356
-68.95430848921119
-68.9482049787225
-68.9421028839575
-68.93600222323361
-68.9299030147827
-68.92380527674923
-68.91770902718922
-68.91161428406954
-68.90552106526773
-68.89942938857196
-68.89333927168114
-68.88725073220535
-68.88116378766607
-68.8750784554968
-68.86899475304348
-68.86291269756504
-68.85683230623397
-68.85075359613691
-68.84467658427525
-68.83860128756564
-68.8325277228407
-68.8264559068495
-68.82038585625826
-68.81431758765086
-68.80825111752948
-68.80218646231512
-68.79612363834818
-68.790062661889
-68.78400354911847
-68.77794631613864
-68.77189097897306
-68.76583755356737
-68.75978605578975
-68.75373650143148
-68.7476889062074
-68.74164328575651
-68.73559965564237
-68.72955803135369
-68.72351842830471
-68.71748086183575
-68.71144534721368
-68.70541189963237
-68.69938053421312
-68.69335126600517
-68.68732410998614
-68.68129908106243
-68.67527619406975
-68.66925546377345
-68.66323690486908
-68.6572205319827
-68.65120635967142
-68.64519440242375
-68.63918467466009
-68.63317719073306
-68.62717196492802
-68.62116901146345
-68.61516834449131
-68.60916997809755
-68.6031739263025
-68.59718020306126
-68.59118882226413
-68.585199797737
-68.57921314324177
-68.57322887247668
-68.56724699907674
-68.56126753661411
-68.55529049859847
-68.54931589847739
-68.54334374963673
-68.537374065401
-68.53140685903372
-68.52544214373786
-68.5194799326561
-68.51352023887127
-68.50756307540671
-68.50160845522662
-68.49565639123641
-68.48970689628305
-68.4837599831555
-68.47781566458494
-68.47187395324522
-68.4659348617532
-68.45999840266902
-68.45406458849654
-68.44813343168362
-68.4422049446225
-68.43627913965021
-68.43035602904887
-68.42443562504609
-68.41851793981523
-68.41260298547579
-68.40669077409365
-68.40078131768138
-68.39487462819864
-68.38897071755237
-68.38306959759724
-68.37717128013585
-68.37127577691912
-68.36538309964652
-68.3594932599665
-68.35360626947669
-68.34772213972427
-68.34184088220624
-68.33596250836976
-68.33008702961244
-68.32421445728262
-68.31834480267969
-68.31247807705438
-68.30661429160908
-68.30075345749809
-68.29489558582796
-68.28904068765775
-68.2831887739995
-68.27733985581862
-68.27149394403403
-68.26565104951844
-68.25981118309855
-68.25397435555533
-68.24814057762424
-68.24230985999556
-68.23648221331459
-68.23065764818197
-68.22483617515395
-68.2190178047426
-68.21320254741619
-68.20739041359933
-68.20158141367332
-68.19577555797643
-68.18997285680408
-68.18417332040957
-68.1783769590044
-68.17258378275814
-68.1667938017987
-68.16100702621246
-68.15522346604449
-68.14944313129887
-68.14366603193884
-68.13789217788717
-68.1321215790263
-68.1263542451987
-68.12059018620701
-68.11482941181437
-68.1090719317446
-68.10331775568248
-68.097566893274
-68.0918193541266
-68.08607514780958
-68.08033428385573
-68.07459677176004
-68.06886262097966
-68.06313184093415
-68.05740444100577
-68.05168043053978
-68.04595981884461
-68.0402426151922
-68.0345288288182
-68.02881846892788
-68.02311154469093
-68.01740806524144
-68.01170803967791
-68.00601147706348
-68.00031838642606
-67.99462877675865
-67.9889426570195
-67.98326003613246
-67.97758092298706
-67.97190532643883
-67.96623325530955
-67.96056471838737
-67.95489972442714
-67.94923828215053
-67.94358040024642
-67.93792608737114
-67.93227535214864
-67.92662820317065
-67.92098464899686
-67.9153446981551
-67.90970835914148
-67.90407564042066
-67.89844655042599
-67.8928210975597
-67.88719929019314
-67.88158113666692
-67.87596664529126
-67.87035582434608
-67.86474868208124
-67.8591452267167
-67.85354546644265
-67.84794940941971
-67.8423570637791
-67.83676843762284
-67.83118353902388
-67.82560237602634
-67.8200249566456
-67.81445128886863
-67.80888138065407
-67.80331523993252
-67.79775287460659
-67.79219429255116
-67.78663950161348
-67.78108850961337
-67.77554132434344
-67.76999795356924
-67.76445840502946
-67.75892268643591
-67.75339080547376
-67.74786276980171
-67.74233858705215
-67.73681826483124
-67.73130181071926
-67.7257892322706
-67.72028053701398
-67.71477573245261
-67.70927482606432
-67.70377782530174
-67.69828473759245
-67.69279557033913
-67.68731033091973
-67.6818290266876
-67.67635166497163
-67.67087825307644
-67.66540879828244
-67.65994330784608
-67.65448178899989
-67.64902424895274
-67.6435706948899
-67.63812113397327
-67.63267557334143
-67.62723402010981
-67.62179648137088
-67.61636296419425
-67.61093347562684
-67.60550802269302
-67.60008661239473
-67.59466925171164
-67.58925594760122
-67.58384670699895
-67.5784415368184
-67.57304044395134
-67.56764343526791
-67.56225051761672
-67.55686169782496
-67.55147698269856
-67.54609637902227
-67.54071989355977
-67.53534753305367
-67.52997930422583
-67.52461521377745
-67.51925526838923
-67.51389947472146
-67.5085478394141
-67.503200369087
-67.49785707033988
-67.49251794920652
-67.48718301116716
-67.48185226222358
-67.47652570860241
-67.47120335663895
-67.46588521272443
-67.46057128327826
-67.45526157473205
-67.44995609351957
-67.44465484607015
-67.43935783880416
-67.43406507812983
-67.42877657044107
-67.42349232211579
-67.41821233951485
-67.41293662898117
-67.40766519683923
-67.40239804939468
-67.39713519293404
-67.39187663372464
-67.38662237801445
-67.38137243203218
-67.37612680198724
-67.37088549406984
-67.36564851445107
-67.36041586928305
-67.35518756469908
-67.34996360681372
-67.34474400172296
-67.33952875550439
-67.3343178742173
-67.32911136390285
-67.32390923058422
-67.31871148026671
-67.31351811893792
-67.30832915256785
-67.30314458710905
-67.29796442849673
-67.29278868264892
-67.28761735546655
-67.2824504528336
-67.27728798061723
-67.27212994466797
-67.26697635081982
-67.26182720489032
-67.25668251268073
-67.25154227997598
-67.24640651254485
-67.24127521614001
-67.23614839649811
-67.23102605933985
-67.22590821037008
-67.22079485527789
-67.21568599973665
-67.21058164940416
-67.20548180992267
-67.20038648691896
-67.19529568600444
-67.19020941277523
-67.18512767281219
-67.18005047168103
-67.17497781493236
-67.16990970810178
-67.16484615670991
-67.15978716626248
-67.15473274225037
-67.14968289014975
-67.14463761542204
-67.13959692351425
-67.13456081985902
-67.12952930987461
-67.12450239896496
-67.1194800925196
-67.11446239591372
-67.10944931450825
-67.10444085364982
-67.09943701867086
-67.0944378148896
-67.0894432476102
-67.0844533221227
-67.0794680437031
-67.07448741761345
-67.06951144910184
-67.06454014340248
-67.05957350573574
-67.05461154130865
-67.04965425531488
-67.04470165293456
-67.03975373933416
-67.0348105196665
-67.02987199907074
-67.02493818267246
-67.02000907558369
-67.01508468290291
-67.01016500971512
-67.0052500610919
-67.00033984209138
-66.99543435775833
-66.99053361312417
-66.985637613207
-66.98074636301169
-66.97585986752982
-66.97097813174054
-66.96610116061095
-66.96122895909498
-66.9563615321332
-66.9514988846529
-66.9466410215682
-66.94178794778006
-66.93693966817636
-66.93209618763197
-66.92725751101176
-66.9224236431692
-66.9175945889433
-66.91277035315946
-66.90795094062977
-66.90313635615324
-66.89832660451826
-66.8935216905011
-66.88872161886535
-66.88392639436164
-66.87913602172766
-66.87435050568814
-66.86956985095482
-66.86479406222651
-66.86002314418906
-66.85525710151548
-66.85049593886583
-66.84573966088739
-66.84098827221455
-66.83624177746886
-66.8315001812591
-66.82676348818124
-66.82203170281848
-66.8173048297412
-66.81258287350707
-66.80786583866096
-66.80315372973503
-66.79844655124884
-66.79374430770939
-66.78904700361105
-66.78435464343555
-66.77966723165196
-66.7749847727166
-66.77030727107316
-66.76563473115256
-66.760967157373
-66.75630455414
-66.75164692584649
-66.74699427687271
-66.74234661158619
-66.73770393434167
-66.73306624948125
-66.72843356133434
-66.72380587421772
-66.71918319243545
-66.71456552027894
-66.70995286202688
-66.70534522194528
-66.7007426042874
-66.69614501329374
-66.69155245319207
-66.68696492819733
-66.6823824425117
-66.67780500032455
-66.67323260581256
-66.66866526313956
-66.66410297645668
-66.6595457499022
-66.65499358760158
-66.65044649366749
-66.64590447219967
-66.641367527285
-66.63683566299741
-66.63230888339794
-66.62778719253465
-66.62327059444264
-66.618759093144
-66.61425269264784
-66.6097513969502
-66.6052552100341
-66.60076413586951
-66.59627817841327
-66.59179734160917
-66.5873216293878
-66.5828510456667
-66.57838559435017
-66.57392527932934
-66.56947010448218
-66.56502007367338
-66.56057519075439
-66.55613545956344
-66.55170088392543
-66.54727146765205
-66.54284721454167
-66.53842812837932
-66.53401421293675
-66.52960547197229
-66.52520190923089
-66.52080352844406
-66.5164103333299
-66.51202232759296
-66.5076395149243
-66.50326189900144
-66.49888948348831
-66.49452227203524
-66.4901602682789
-66.48580347584233
-66.48145189833487
-66.4771055393521
-66.47276440247589
-66.46842849127432
-66.46409780930163
-66.45977236009827
-66.45545214719078
-66.45113717409181
-66.44682744430008
-66.44252296130036
-66.4382237285634
-66.43392974954595
-66.42964102769072
-66.4253575664263
-66.4210793691672
-66.41680643931379
-66.41253878025222
-66.40827639535446
-66.40401928797829
-66.39976746146712
-66.39552091915017
-66.39127966434229
-66.38704370034397
-66.38281303044131
-66.37858765790604
-66.37436758599539
-66.3701528179521
-66.36594335700441
-66.36173920636601
-66.35754036923598
-66.35334684879876
-66.34915864822415
-66.34497577066722
-66.34079821926831
-66.33662599715299
-66.33245910743206
-66.32829755320142
-66.32414133754217
-66.31999046352047
-66.31584493418751
-66.31170475257956
-66.30756992171781
-66.30344044460843
-66.29931632424244
-66.29519756359576
-66.29108416562912
-66.28697613328795
-66.28287346950248
-66.2787761771876
-66.27468425924283
-66.27059771855235
-66.26651655798489
-66.26244078039369
-66.25837038861653
-66.2543053854756
-66.25024577377755
-66.24619155631336
-66.24214273585844
-66.23809931517243
-66.23406129699934
-66.23002868406742
-66.2260014790891
-66.22197968476107
-66.21796330376405
-66.2139523387629
-66.20994679240651
-66.20594666732777
-66.2019519661435
-66.19796269145444
-66.1939788458452
-66.19000043188419
-66.18602745212362
-66.18205990909945
-66.1780978053313
-66.17414114332244
-66.17018992555975
-66.16624415451366
-66.1623038326381
-66.1583689623705
-66.15443954613177
-66.1505155863262
-66.14659708534144
-66.14268404554852
-66.13877646930173
-66.13487435893865
-66.13097771678002
-66.12708654512983
-66.12320084627514
-66.11932062248614
-66.11544587601615
-66.11157660910153
-66.10771282396173
-66.10385452279922
-66.10000170779938
-66.09615438113043
-66.09231254494347
-66.0884762013724
-66.08464535253385
-66.08082000052721
-66.07700014743449
-66.07318579532034
-66.06937694623201
-66.06557360219927
-66.0617757652344
-66.05798343733215
-66.05419662046968
-66.05041531660652
-66.04663952768455
-66.04286925562798
-66.03910450234325
-66.03534526971909
-66.03159155962636
-66.02784337391797
-66.02410071442895
-66.02036358297642
-66.0166319813596
-66.0129059113597
-66.00918537473996
-66.00547037324556
-66.00176090860357
-65.99805698252317
-65.99435859600513
-65.99066574975488
-65.98697844492581
-65.98329668286848
-65.97962046503137
-65.9759497929146
-65.97228466804548
-65.96862509196384
-65.9649710662129
-65.96132259233278
-65.9576796718562
-65.95404230630498
-65.95041049718782
-65.9467842459985
-65.94316355421465
-65.93954842329663
-65.93593885468677
-65.93233484980875
-65.92873641006737
-65.92514353684835
-65.92155623151793
-65.91797449542243
-65.91439832988806
-65.91082773622084
-65.90726271570645
-65.9037032696102
-65.90014939917701
-65.89660110563138
-65.89305839017739
-65.8895212539987
-65.88598969825854
-65.88246372409975
-65.87894333264477
-65.87542852499566
-65.87191930223409
-65.86841566542141
-65.86491761559861
-65.86142515378639
-65.85793828098603
-65.8544569981792
-65.85098130632716
-65.84751120637064
-65.84404669922996
-65.84058778580503
-65.8371344669754
-65.8336867436003
-65.8302446165186
-65.82680808654892
-65.82337715449286
-65.81995182113202
-65.81653208722662
-65.81311795351603
-65.80970942071906
-65.80630648953404
-65.80290916063883
-65.7995174346909
-65.79613131232728
-65.79275079416462
-65.78937588079914
-65.78600657280666
-65.78264287074427
-65.77928477514956
-65.77593228653998
-65.77258540541254
-65.76924413224373
-65.7659084674895
-65.7625784115852
-65.75925396494563
-65.75593512796496
-65.7526219010168
-65.74931428445413
-65.74601227860933
-65.74271588379416
-65.73942510029977
-65.73613992839667
-65.7328603683347
-65.72958642034307
-65.72631808463032
-65.72305536138433
-65.71979825077234
-65.71654675294103
-65.71330086801633
-65.71006059610353
-65.70682593728714
-65.70359689163091
-65.7003734591779
-65.69715563995035
-65.69394343394978
-65.6907368411569
-65.68753586153166
-65.68434049501316
-65.68115074151976
-65.67796660094896
-65.6747880731776
-65.67161515806181
-65.66844785543704
-65.66528616511789
-65.66213008689817
-65.65897962055082
-65.6558347658279
-65.65269552246062
-65.64956189015925
-65.64643386861319
-65.64331145749094
-65.64019465644007
-65.6370834650872
-65.63397788303803
-65.6308779098773
-65.6277835451688
-65.62469478845534
-65.62161163925879
-65.61853409708
-65.61546216139891
-65.6123958316745
-65.60933510734488
-65.60627998782718
-65.60323047251762
-65.60018656079143
-65.59714825200284
-65.59411554548508
-65.59108844055042
-65.58806693649007
-65.58505103257423
-65.58204072805206
-65.57903602215174
-65.57603691408039
-65.57304340302416
-65.57005548814818
-65.56707316859665
-65.56409644349274
-65.56112531193865
-65.55815977301555
-65.55519982578359
-65.55224546928193
-65.54929670252866
-65.54635352452091
-65.54341593423474
-65.54048393062519
-65.53755751262626
-65.53463667915098
-65.5317214290913
-65.5288117613182
-65.52590767468162
-65.52300916801053
-65.52011624011297
-65.51722888977594
-65.51434711576553
-65.51147091682687
-65.50860029168412
-65.50573523904049
-65.50287575757827
-65.50002184595877
-65.49717350282238
-65.49433072678853
-65.49149351645576
-65.48866187040164
-65.48583578718286
-65.48301526533517
-65.48020030337341
-65.47739089979156
-65.47458705306269
-65.471788761639
-65.46899602395182
-65.46620883841162
-65.46342720340805
-65.46065111730987
-65.45788057846508
-65.45511558520084
-65.45235613582352
-65.44960222861869
-65.44685386185115
-65.44411103376498
-65.44137374258347
-65.43864198650918
-65.435915763724
-65.43319507238908
-65.4304799106449
-65.42777027661127
-65.42506616838733
-65.42236758405163
-65.41967452166205
-65.41698697925588
-65.41430495484985
-65.41162844644012
-65.40895745200226
-65.40629196949133
-65.40363199684191
-65.40097753196805
-65.39832857276335
-65.39568511710092
-65.39304716283348
-65.39041470779333
-65.38778774979234
-65.38516628662207
-65.38255031605367
-65.379939835838
-65.37733484370563
-65.3747353373668
-65.37214131451155
-65.36955277280967
-65.36696970991072
-65.3643921234441
-65.36182001101908
-65.35925337022472
-65.35669219863003
-65.35413649378391
-65.35158625321522
-65.34904147443278
-65.34650215492539
-65.34396829216186
-65.34143988359106
-65.33891692664194
-65.33639941872352
-65.33388735722495
-65.33138073951554
-65.32887956294478
-65.32638382484234
-65.32389352251816
-65.32140865326244
-65.31892921434564
-65.31645520301858
-65.3139866165124
-65.31152345203863
-65.30906570678923
-65.30661337793657
-65.30416646263355
-65.30172495801351
-65.29928886119036
-65.29685816925858
-65.29443287929323
-65.29201298835
-65.28959849346526
-65.28718939165609
-65.28478567992026
-65.28238735523632
-65.27999441456365
-65.2776068548424
-65.27522467299364
-65.27284786591933
-65.27047643050236
-65.26811036360657
-65.26574966207684
-65.2633943227391
-65.26104434240034
-65.25869971784866
-65.25636044585335
-65.25402652316484
-65.25169794651485
-65.24937471261632
-65.2470568181635
-65.24474425983199
-65.2424370342788
-65.24013513814229
-65.23783856804235
-65.23554732058034
-65.23326139233913
-65.23098077988323
-65.22870547975869
-65.22643548849327
-65.22417080259642
-65.22191141855934
-65.21965733285498
-65.21740854193816
-65.21516504224552
-65.21292683019564
-65.21069390218908
-65.20846625460834
-65.20624388381799
-65.20402678616469
-65.20181495797722
-65.19960839556651
-65.19740709522576
-65.19521105323035
-65.19302026583804
-65.1908347292889
-65.18865443980542
-65.1864793935925
-65.18430958683756
-65.18214501571053
-65.17998567636393
-65.17783156493289
-65.17568267753519
-65.17353901027137
-65.17140055922467
-65.16926732046116
-65.16713929002978
-65.16501646396233
-65.1628988382736
-65.16078640896134
-65.15867917200637
-65.1565771233726
-65.15448025900707
-65.15238857484003
-65.15030206678495
-65.14822073073857
-65.146144562581
-65.1440735581757
-65.1420077133696
-65.13994702399306
-65.13789148586002
-65.135841094768
-65.1337958464981
-65.13175573681518
-65.12972076146777
-65.12769091618819
-65.12566619669258
-65.12364659868098
-65.12163211783731
-65.11962274982947
-65.11761849030944
-65.11561933491319
-65.11362527926086
-65.11163631895676
-65.10965244958939
-65.10767366673157
-65.10569996594043
-65.10373134275747
-65.10176779270861
-65.0998093113043
-65.09785589403945
-65.09590753639364
-65.09396423383103
-65.09202598180049
-65.09009277573563
-65.08816461105488
-65.0862414831615
-65.08432338744369
-65.08241031927454
-65.08050227401225
-65.078599247
-65.07670123356614
-65.0748082290242
-65.07292022867291
-65.07103722779632
-65.06915922166381
-65.06728620553014
-65.06541817463555
-65.06355512420579
-65.0616970494522
-65.05984394557179
-65.05799580774719
-65.05615263114684
-65.05431441092499
-65.05248114222172
-65.05065282016302
-65.04882943986087
-65.04701099641325
-65.04519748490421
-65.04338890040395
-65.04158523796885
-65.0397864926415
-65.03799265945084
-65.03620373341214
-65.03441970952707
-65.0326405827838
-65.030866348157
-65.02909700060793
-65.0273325350845
-65.0255729465213
-65.02381822983968
-65.02206837994781
-65.02032339174076
-65.01858326010047
-65.01684797989593
-65.01511754598313
-65.01339195320517
-65.01167119639236
-65.00995527036216
-65.00824416991937
-65.00653788985609
-65.00483642495186
-65.00313976997363
-65.0014479196759
-64.99976086880072
-64.99807861207779
-64.9964011442245
-64.994728459946
-64.99306055393524
-64.99139742087303
-64.98973905542813
-64.98808545225731
-64.98643660600534
-64.98479251130513
-64.98315316277775
-64.98151855503251
-64.979888682667
-64.97826354026714
-64.9766431224073
-64.97502742365027
-64.97341643854743
-64.97181016163867
-64.97020858745259
-64.96861171050648
-64.96701952530638
-64.96543202634719
-64.96384920811265
-64.96227106507551
-64.9606975916975
-64.95912878242943
-64.9575646317113
-64.95600513397235
-64.95445028363108
-64.95290007509531
-64.95135450276234
-64.94981356101883
-64.948277244241
-64.94674554679459
-64.94521846303499
-64.94369598730727
-64.9421781139462
-64.9406648372764
-64.9391561516123
-64.93765205125827
-64.93615253050865
-64.93465758364782
-64.93316720495027
-64.93168138868063
-64.93020012909378
-64.92872342043484
-64.9272512569393
-64.92578363283305
-64.92432054233244
-64.92286197964434
-64.92140793896623
-64.91995841448619
-64.91851340038305
-64.91707289082639
-64.91563687997663
-64.91420536198505
-64.91277833099392
-64.91135578113649
-64.9099377065371
-64.9085241013112
-64.90711495956549
-64.90571027539785
-64.90431004289752
-64.90291425614511
-64.90152290921266
-64.9001359961637
-64.89875351105331
-64.89737544792823
-64.89600180082682
-64.89463256377923
-64.89326773080735
-64.891907295925
-64.89055125313786
-64.88919959644363
-64.88785231983204
-64.88650941728491
-64.88517088277622
-64.8838367102722
-64.88250689373135
-64.88118142710448
-64.87986030433484
-64.87854351935816
-64.87723106610264
-64.8759229384891
-64.87461913043099
-64.87331963583448
-64.87202444859848
-64.87073356261473
-64.86944697176789
-64.8681646699355
-64.86688665098814
-64.86561290878944
-64.8643434371962
-64.86307823005838
-64.8618172812193
-64.86056058451564
-64.85930813377746
-64.85805992282829
-64.85681594548515
-64.85557619555861
-64.8543406668528
-64.85310935316556
-64.8518822482884
-64.85065934600662
-64.84944064009933
-64.84822612433955
-64.84701579249422
-64.84580963832431
-64.84460765558484
-64.84340983802494
-64.84221617938796
-64.84102667341143
-64.83984131382725
-64.83866009436161
-64.83748300873515
-64.83631005066297
-64.83514121385473
-64.83397649201461
-64.83281587884152
-64.83165936802901
-64.83050695326543
-64.82935862823393
-64.82821438661256
-64.82707422207429
-64.82593812828706
-64.82480609891391
-64.82367812761295
-64.82255420803746
-64.82143433383595
-64.8203184986522
-64.8192066961253
-64.81809891988979
-64.81699516357561
-64.81589542080825
-64.8147996852087
-64.8137079503936
-64.81262020997531
-64.81153645756186
-64.81045668675709
-64.80938089116069
-64.80830906436825
-64.80724119997129
-64.80617729155738
-64.80511733271025
-64.80406131700981
-64.80300923803226
-64.80196108935007
-64.80091686453201
-64.79987655714318
-64.79884016074506
-64.7978076688956
-64.79677907514923
-64.79575437305695
-64.79473355616635
-64.7937166180217
-64.79270355216401
-64.79169435213102
-64.79068901145732
-64.7896875236744
-64.78868988231068
-64.78769608089156
-64.78670611293951
-64.78571997197407
-64.78473765151197
-64.78375914506714
-64.78278444615074
-64.78181354827129
-64.78084644493462
-64.77988312964406
-64.77892359590037
-64.77796783720181
-64.77701584704427
-64.77606761892125
-64.77512314632393
-64.77418242274126
-64.77324544165994
-64.77231219656451
-64.77138268093744
-64.77045688825912
-64.76953481200795
-64.76861644566037
-64.76770178269092
-64.76679081657231
-64.76588354077542
-64.76497994876941
-64.76408003402175
-64.76318378999824
-64.7622912101631
-64.76140228797902
-64.7605170169072
-64.75963539040735
-64.75875740193786
-64.75788304495572
-64.75701231291666
-64.75614519927517
-64.75528169748452
-64.75442180099687
-64.75356550326325
-64.7527127977337
-64.7518636778572
-64.75101813708184
-64.75017616885486
-64.74933776662282
-64.74850292383145
-64.74767163392599
-64.74684389035087
-64.74601968654987
-64.7451990159661
-64.74438187204208
-64.74356824821984
-64.74275813794091
-64.74195153464638
-64.74114843177695
-64.74034882277302
-64.7395527010747
-64.73876006012188
-64.73797089335423
-64.73718519421129
-64.73640295613255
-64.7356241725574
-64.73484883692524
-64.73407694267554
-64.73330848324787
-64.7325434520819
-64.73178184261752
-64.73102364829485
-64.73026886255428
-64.72951747883651
-64.72876949058262
-64.72802489123411
-64.72728367423294
-64.72654583302155
-64.72581136104294
-64.72508025174072
-64.72435249855911
-64.72362809494302
-64.72290703433808
-64.72218931019187
-64.72147491595237
-64.72076384506819
-64.72005609098878
-64.71935164716444
-64.71865050704645
-64.71795266408706
-64.71725811173962
-64.71656684345852
-64.71587885269933
-64.71519413291881
-64.71451267757493
-64.71383448012695
-64.71315953403544
-64.71248783276235
-64.711819369771
-64.71115413852621
-64.71049213249421
-64.70983334514283
-64.70917776994142
-64.70852540036097
-64.70787622987413
-64.70723025195521
-64.70658746008029
-64.70594784772719
-64.70531140837558
-64.70467813550695
-64.70404802260474
-64.70342106315427
-64.70279725064286
-64.70217657855986
-64.70155904039663
-64.70094462964668
-64.70033333980562
-64.69972516437123
-64.69912009684352
-64.69851813072474
-64.69791925951942
-64.69732347673445
-64.69673077587905
-64.69614115046485
-64.69555459400594
-64.69497110001886
-64.6943906620227
-64.69381327353909
-64.69323892809224
-64.692667619209
-64.6920993404189
-64.69153408525416
-64.69097184724973
-64.69041261994334
-64.68985639687557
-64.68930317158978
-64.6887529376323
-64.68820568855232
-64.687661417902
-64.68712011923654
-64.68658178611412
-64.686046412096
-64.68551399074656
-64.68498451563329
-64.68445798032687
-64.68393437840119
-64.68341370343336
-64.6828959490038
-64.68238110869619
-64.68186917609762
-64.68136014479853
-64.6808540083928
-64.68035076047775
-64.67985039465417
-64.67935290452637
-64.67885828370217
-64.67836652579301
-64.67787762441392
-64.67739157318358
-64.67690836572436
-64.67642799566228
-64.67595045662716
-64.6754757422526
-64.67500384617595
-64.67453476203843
-64.67406848348514
-64.67360500416507
-64.67314431773114
-64.67268641784023
-64.67223129815342
-64.67177895233601
-64.67132937405744
-64.6708825569912
-64.67043849481495
-64.6699971812104
-64.66955860986351
-64.66912277446438
-64.66868966870736
-64.66825928629102
-64.66783162091824
-64.6674066662962
-64.66698441613646
-64.66656486415492
-64.6661480040719
-64.66573382961217
-64.66532233450492
-64.66491351248389
-64.66450735728733
-64.66410386265802
-64.66370302234334
-64.66330483009527
-64.66290927967044
-64.66251636483014
-64.66212607934037
-64.66173841697183
-64.66135337149998
-64.66097093670508
-64.66059110637217
-64.66021387429112
-64.65983923425668
-64.65946718006848
-64.65909770553105
-64.65873080445388
-64.65836647065142
-64.65800469794311
-64.65764548015342
-64.65728881111185
-64.656934684653
-64.65658309461652
-64.65623403484723
-64.65588749919509
-64.65554348151522
-64.65520197566794
-64.6548629755188
-64.65452647493859
-64.65419246780341
-64.6538609479946
-64.65353190939888
-64.65320534590829
-64.65288125142023
-64.65255961983752
-64.6522404450684
-64.65192372102653
-64.65160944163108
-64.65129760080666
-64.65098819248341
-64.65068121059704
-64.65037664908878
-64.65007450190548
-64.64977476299957
-64.64947742632911
-64.64918248585785
-64.64888993555516
-64.64859976939616
-64.64831198136167
-64.64802656543824
-64.64774351561822
-64.6474628258997
-64.64718449028658
-64.64690850278863
-64.64663485742143
-64.64636354820645
-64.64609456917104
-64.64582791434847
-64.64556357777793
-64.6453015535046
-64.64504183557956
-64.64478441805997
-64.64452929500897
-64.64427646049572
-64.64402590859544
-64.64377763338946
-64.64353162896516
-64.64328788941606
-64.64304640884181
-64.64280718134822
-64.64257020104725
-64.64233546205708
-64.64210295850206
-64.64187268451285
-64.64164463422627
-64.64141880178545
-64.64119518133981
-64.64097376704507
-64.64075455306326
-64.64053753356276
-64.64032270271832
-64.64011005471104
-64.63989958372845
-64.63969128396444
-64.63948514961939
-64.63928117490009
-64.6390793540198
-64.63887968119828
-64.63868215066175
-64.63848675664298
-64.63829349338127
-64.63810235512244
-64.63791333611893
-64.63772643062968
-64.63754163292032
-64.63735893726303
-64.63717833793663
-64.63699982922661
-64.6368234054251
-64.63664906083093
-64.63647678974961
-64.63630658649333
-64.63613844538106
-64.63597236073849
-64.63580832689803
-64.6356463381989
-64.63548638898709
-64.63532847361539
-64.63517258644339
-64.63501872183754
-64.63486687417111
-64.63471703782423
-64.63456920718392
-64.63442337664405
-64.63427954060542
-64.63413769347574
-64.63399782966962
-64.63385994360866
-64.63372402972136
-64.63359008244323
-64.63345809621674
-64.63332806549136
-64.63319998472353
-64.63307384837678
-64.63294965092162
-64.63282738683561
-64.6327070506034
-64.63258863671666
-64.63247213967419
-64.63235755398185
-64.6322448741526
-64.63213409470657
-64.63202521017098
-64.63191821508019
-64.63181310397573
-64.6317098714063
-64.63160851192775
-64.63150902010314
-64.63141139050273
-64.63131561770399
-64.6312216962916
-64.6311296208575
-64.63103938600081
-64.63095098632799
-64.63086441645272
-64.63077967099595
-64.63069674458593
-64.6306156318582
-64.63053632745562
-64.63045882602833
-64.63038312223387
-64.63030921073702
-64.63023708621
-64.63016674333231
-64.63009817679087
-64.63003138127995
-64.62996635150121
-64.62990308216371
-64.6298415679839
-64.62978180368566
-64.62972378400028
-64.62966750366647
-64.6296129574304
-64.62956014004568
-64.62950904627338
-64.62945967088204
-64.62941200864765
-64.62936605435371
-64.6293218027912
-64.62927924875858
-64.62923838706185
-64.6291992125145
-64.62916171993754
-64.62912590415952
-64.62909176001655
-64.62905928235223
-64.62902846601777
-64.62899930587189
-64.62897179678092
-64.62894593361872
-64.62892171126678
-64.62815899130898
-64.62610140289003
-64.62253618097981
-64.61740622768716
-64.61073249082645
-64.60257681200737
-64.59302228070132
-64.58216220222394
-64.57009369221184
-64.55691390099281
-64.54271778962001
-64.52759684473155
-64.51163837117524
-64.49492514396167
-64.47753528218298
-64.45954226295322
-64.44101503186148
-64.42201815526506
-64.402612003103
-64.38285294712715
-64.36279356503294
-64.34248284444674
-64.32196638296602
-64.30128658191606
-64.28048283245404
-64.25959169329192
-64.2386470597301
-64.2176803239693
-64.19672052684464
-64.17579450123617
-64.15492700747593
-64.1341408611074
-64.11345705336863
-64.09289486477356
-64.07247197215949
-64.05220454955833
-64.03210736323402
-64.01219386121375
-63.99247625762291
-63.972965612117804
-63.95367190469328
-63.93460410612704
-63.91577024430716
-63.89717746667513
-63.87883209900337
-63.86073970071351
-63.84290511692993
-63.82533252745184
-63.808025492816974
-63.790986997619974
-63.7742194912396
-63.75772492612019
-63.741504793744845
-63.72556015843695
-63.709891689101255
-63.69449968901692
-63.679384123803416
-63.66454464766072
-63.64998062798131
-63.63569116842626
-63.62167513055299
-63.60793115407714
-63.594457675867034
-63.58125294768411
-63.56831505279566
-63.555641921521755
-63.5432313457636
-63.531080992568846
-63.51918841680168
-63.50755107296736
-63.49616632623902
-63.485031462736686
-63.474143699097844
-63.46350019138509
-63.45309804337096
-63.44293431423759
-63.43300602572515
-63.42331016876299
-63.413843709615584
-63.40460359557257
-63.39558676021095
-63.386790128256166
-63.37821062006681
-63.36984515576684
-63.36169065904725
-63.353744060658116
-63.34600230161087
-63.33846233610929
-63.33112113422666
-63.323975684345776
-63.31702299537709
-63.31026009876976
-63.30368405032931
-63.29729193185481
-63.291080852607756
-63.28504795062413
-63.27919039388029
-63.273505381322934
-63.26799014377257
-63.26264194470948
-63.25745808095044
-63.252435883224294
-63.247572716653536
-63.24286598114902
-63.23831311172422
-63.23391157873508
-63.22965888805142
-63.22555258116489
-63.22159023523887
-63.21776946310474
-63.21408791320902
-63.21054326951562
-63.20713325136676
-63.20385561330653
-63.200708144870056
-63.19768867034181
-63.19479504848568
-63.1920251722497
-63.18937696844794
-63.18684839742196
-63.18443745268403
-63.18214216054412
-63.17996057972265
-63.17789080095081
-63.17593094655993
-63.17407917006162
-63.17233365572003
-63.17069270396811
-63.16915498584895
-63.16771997565477
-63.16638849803259
-63.16516329124937
-63.16404949208896
-63.16305497443356
-63.16219050715706
-63.161469727189576
-63.16090894580886
-63.160526819569476
-63.16034392304431
-63.16038226072148
-63.16066475196699
-63.161214717583775
-63.162055390387174
-63.16320946618623
-63.164698706090626
-63.16654359639609
-63.16876306851378
-63.17137427847694
-63.174392443398695
-63.1778307307594
-63.18170019545368
-63.18600975901553
-63.190766225263914
-63.19597432668428
-63.20163679611295
-63.207754458660915
-63.21432633925682
-63.2213497816705
-63.22882057537096
-63.23673308705763
-63.245080394166656
-63.25385441808738
-63.26304605522122
-63.27264530437471
-63.28264138929669
-63.293022875452166
-63.30377778037023
-63.31489367711316
-63.32635779059237
-63.33815708660689
-63.35027835360349
-63.362708277256004
-63.37543350804515
-63.38844072208155
-63.40171667546247
-63.41524825248716
-63.42902250807943
-63.44302670478035
-63.4572483446808
-63.471675196663845
-63.48629531932253
-63.501097079909705
-63.516069169665144
-63.53120061585074
-63.546480790809014
-63.561899418351516
-63.57744657774145
-63.59311270553368
-63.608888595527596
-63.62476539705719
-63.64073461183961
-63.65678808954883
-63.672918022281834
-63.689116938125316
-63.70537769394907
-63.72169346753537
-63.73805774918808
-63.75446433292389
-63.77090730734063
-63.787381046248505
-63.80388019914101
-63.820399681574315
-63.83693466550923
-63.85348056967172
-63.87003304997714
-63.88658799005704
-63.90314149192178
-63.91968986678755
-63.936229626091865
-63.95275747271597
-63.96927029243091
-63.98576514558046
-64.00223925901042
-64.0186900182518
-64.03511495996321
-64.05151176463559
-64.06787824956055
-64.08421236206208
-64.10051217299036
-64.116775870475
-64.13300175393398
-64.14918822833386
-64.16533379869598
-64.18143706484346
-64.1974967163825
-64.21351152791222
-64.22948035445569
-64.24540212710454
-64.26127584887061
-64.27710059073766
-64.29287548790583
-64.30859973622154
-64.32427258878572
-64.33989335273321
-64.35546138617626
-64.37097609530518
-64.386436931638
-64.40184338941634
-64.41719500313819
-64.4324913452215
-64.44773202379294
-64.4629166805957
-64.47804498901095
-64.49311665218734
-64.50813140127333
-64.52308898975915
-64.53798919449237
-64.55283181811195
-64.56761668629578
-64.58234364590109
-64.59701256347158
-64.61162332392549
-64.626175829361
-64.64066999795602
-64.65510576294552
-64.66948307166659
-64.6838018846645
-64.6980621748548
-64.71226392673724
-64.7264071356581
-64.74049180712214
-64.75451795615437
-64.76848560666468
-64.78239479087928
-64.79624554880374
-64.8100379277183
-64.82377198170538
-64.8374477712093
-64.85106536261256
-64.86462482784331
-64.87812624400806
-64.89156969304716
-64.90495526141181
-64.91828303976138
-64.93155312267949
-64.94476560840832
-64.95792059859934
-64.97101819808019
-64.98405851463804
-64.99704165881458
-65.00996774371376
-65.02283688482225
-65.03564919984186
-65.048404808533
-65.06110383256835
-65.07374639539593
-65.08633262211106
-65.09886263933677
-65.11133657511236
-65.1237545587897
-65.136116720936
-65.14842319324273
-65.1606741084407
-65.1728696002209
-65.1850098031608
-65.19709485265555
-65.20912488485412
-65.22110003659958
-65.2330204453736
-65.2448862492448
-65.25669758682062
-65.26845459720258
-65.28015741994466
-65.2918061950146
-65.30340106275797
-65.31494216386493
-65.32642963933945
-65.3378636304706
-65.34924427880547
-65.3605717261241
-65.37184611441614
-65.3830675858593
-65.39423628279926
-65.40535234773125
-65.4164159232827
-65.42742715219732
-65.4383861773203
-65.44929314158452
-65.4601481879978
-65.47095145963107
-65.48170309960732
-65.49240325109143
-65.50305205728067
-65.51364966139592
-65.52419620667341
-65.53469183635723
-65.54513669369209
-65.55553092191674
-65.56587466425772
-65.57616806392355
-65.58641126409928
-65.59660440794137
-65.60674763857293
-65.61684109907918
-65.62688493250323
-65.63687928184203
-65.64682429004266
-65.65672009999867
-65.66656685454673
-65.67636469646338
-65.6861137684619
-65.6958142131918
-65.7054661732377
-65.71506979111363
-65.72462520925936
-65.7341325700373
-65.74359201572993
-65.75300368853723
-65.76236773057431
-65.77168428386904
-65.78095349035978
-65.79017549189312
-65.79935043022168
-65.80847844700186
-65.8175596837917
-65.82659428204869
-65.83558238312762
-65.84452412828747
-65.85341965868058
-65.86226911534753
-65.87107263921591
-65.87983037109895
-65.8885424516938
-65.89720902157963
-65.9058302212156
-65.91440619093903
-65.92293707096603
-65.93142300138682
-65.93986412216263
-65.94826057312349
-65.95661249396612
-65.96492002425187
-65.97318330340454
-65.9814024707083
-65.98957766530546
-65.99770902619427
-66.00579669222684
-66.01384080005846
-66.02184148642507
-66.02979888877132
-66.03771314479935
-66.0455843922826
-66.05341276897605
-66.06119841256643
-66.06894146064053
-66.07664205066376
-66.08430031996477
-66.09191640572381
-66.09949044496412
-66.10702257454484
-66.11451293115502
-66.12196165130855
-66.12936887133984
-66.13673472739995
-66.14405935545322
-66.15134289127407
-66.15858547044417
-66.16578722834976
-66.1729483001794
-66.18006882092172
-66.18714892536306
-66.19418874808508
-66.20118842346258
-66.20814808566124
-66.21506786863553
-66.22194790612662
-66.22878833166033
-66.23558927854528
-66.24235087987093
-66.24907326850565
-66.25575657709486
-66.26240093805905
-66.26900648359198
-66.27557334565881
-66.28210165599427
-66.28859154610076
-66.29504314724674
-66.30145659046491
-66.30783200655036
-66.31416952605888
-66.32046927930513
-66.32673139636093
-66.33295600705357
-66.33914324096416
-66.34529322742597
-66.35140609552272
-66.35748197408694
-66.36352099169831
-66.36952327668205
-66.37548895710727
-66.38141816078546
-66.38731101526888
-66.39316764784905
-66.39898818555528
-66.40477275515309
-66.41052148314283
-66.4162344957582
-66.42191191896485
-66.42755387845898
-66.43316049966593
-66.43873190773888
-66.44426822755749
-66.44976958372659
-66.45523610057491
-66.46066790215377
-66.46606511223595
-66.47142785431433
-66.47675625160078
-66.48205042702496
-66.48731050323319
-66.49253660258732
-66.49772884716367
-66.50288735875196
-66.5080122588542
-66.51310366868373
-66.51816170916412
-66.52318650092826
-66.52817816431728
-66.53313681937968
-66.53806258587049
-66.54295558325045
-66.54781593068493
-66.55264374704316
-66.55743915089727
-66.56220226052146
-66.56693319389126
-66.57163206868266
-66.57629900227141
-66.58093411173226
-66.58553751383825
-66.59010932506003
-66.59464966156514
-66.59915863921748
-66.60363637357653
-66.60808297989689
-66.61249857312762
-66.61688326791172
-66.62123717858549
-66.62556041917814
-66.62985310341118
-66.63411534469792
-66.63834725614305
-66.64254895054215
-66.64672054038124
-66.65086213783643
-66.65497385477343
-66.65905580274726
-66.66310809300181
-66.66713083646958
-66.6711241437713
-66.67508812521564
-66.67902289079893
-66.68292855020493
-66.68680521280452
-66.69065298765544
-66.69447198350217
-66.69826230877565
-66.70202407159313
-66.70575737975796
-66.70946234075947
-66.71313906177285
-66.71678764965895
-66.72040821096427
-66.72400085192079
-66.72756567844596
-66.73110279614255
-66.73461231029871
-66.73809432588786
-66.74154894756866
-66.74497627968508
-66.7483764262663
-66.75174949102687
-66.75509557736662
-66.75841478837077
-66.76170722680999
-66.76497299514045
-66.76821219550398
-66.77142492972808
-66.7746112993261
-66.77777140549733
-66.7809053491272
-66.78401323078735
-66.7870951507359
-66.79015120891752
-66.79318150496373
-66.796186138193
-66.79916520761101
-66.8021188119109
-66.80504704947347
-66.80795001836742
-66.81082781634964
-66.81368054086548
-66.81650828904897
-66.8193111577232
-66.82208924340055
-66.82484264228306
-66.82757145026368
-66.8302757629263
-66.83295567554568
-66.83561128308752
-66.83824268020882
-66.8408499612582
-66.8434332202763
-66.84599255099612
-66.84852804684346
-66.85103980093734
-66.8535279060904
-66.85599245480932
-66.85843353929529
-66.86085125144439
-66.8632456828481
-66.86561692479376
-66.86796506826497
-66.87029020394215
-66.87259242220294
-66.87487181312277
-66.87712846647526
-66.8793624717328
-66.88157391806706
-66.88376289434945
-66.88592948915166
-66.88807379074626
-66.89019588710713
-66.89229586591006
-66.89437381453332
-66.8964298200582
-66.89846396926953
-66.90047634865631
-66.90246704441225
-66.90443614243634
-66.90638372833348
-66.90830988741506
-66.9102147046995
-66.91209826491293
-66.91396065248978
-66.91580195157334
-66.91762224601649
-66.91942161938223
-66.92120015494439
-66.92295793568817
-66.92469504431088
-66.9264115632225
-66.9281075745464
-66.92978316011998
-66.93143840149524
-66.93307337993953
-66.93468817643615
-66.93628287168505
-66.93785754610539
-66.93941227983358
-66.9409471527244
-66.94246224435187
-66.94395763400993
-66.94543340071321
-66.94688962319776
-66.94832637992171
-66.94974374906603
-66.95114180853521
-66.95252063595798
-66.95388030868806
-66.95522090380481
-66.95654249811403
-66.95784516814861
-66.95912899016933
-66.96039404016553
-66.96164039385586
-66.96286812668905
-66.9640773138446
-66.96526803023355
-66.9664403504992
-66.96759434901787
-66.96873009989967
-66.9698476769892
-66.97094715386635
-66.972028603847
-66.97309209998382
-66.97413771506703
-66.97516552162516
-66.97617559192578
-66.9771679979763
-66.97814281152473
-66.97910010406046
-66.980039946815
-66.98096241076276
-66.98186756662182
-66.98275548485474
-66.98362623566926
-66.9844798890192
-66.98531651460516
-66.98613618187544
-66.98693896002663
-66.98772491800446
-66.98849412450464
-66.98924664797362
-66.98998255660919
-66.99070191836147
-66.99140480093351
-66.9920912717822
-66.99276139811906
-66.99341524691094
-66.99405288488094
-66.9946743785091
-66.99527979403324
-66.99586919744972
-66.9964426545143
-66.99700023074281
-66.9975419914121
-66.99806800156074
-66.99857832598977
-66.99907302926361
-66.9995521757108
-67.00001582942478
-67.0004640542647
-67.0008969138562
-67.00131447159227
-67.00171679063396
-67.00210393391123
-67.00247596412373
-67.0028329437416
-67.00317493500624
-67.00350199993116
-67.00381420030274
-67.00411159768102
-67.0043942534005
-67.00466222857096
-67.00491558407825
-67.00515438058501
-67.0053786785316
-67.00558853813678
-67.00578401939853
-67.0059651820949
-67.00613208578471
-67.00628478980846
-67.00642335328898
-67.00654783513234
-67.00665829402858
-67.00675478845253
-67.00683737666454
-67.00690611671136
-67.00696106642688
-67.00700228343291
-67.00702982513995
-67.00704374874803
-67.00704411124747
-67.00617440392402
-67.00389245236344
-66.99999229380415
-66.9944221122758
-66.98720797007435
-66.97841686578067
-66.9681370377282
-66.95646684759603
-66.94350830856534
-66.9293632674407
-66.91413115791205
-66.89790770634045
-66.88078422430928
-66.86284726613015
-66.84417851413883
-66.82485480564776
-66.80494824682893
-66.78452637844812
-66.76365237083718
-66.74238523349388
-66.7207800298916
-66.6988880914729
-66.6767572270343
-66.65443192518421
-66.63195354853175
-66.60936051890967
-66.58668849335832
-66.5639705308742
-66.54123725010261
-66.51851697826349
-66.49583589166326
-66.47321814817997
-66.45068601212269
-66.42825997186664
-66.40595885065792
-66.38379991096886
-66.36179895276848
-66.33997040605566
-66.31832741798387
-66.29688193488842
-66.2756447795095
-66.25462572368716
-66.23383355678806
-66.21327615010905
-66.19296051748732
-66.17289287233405
-66.15307868129543
-66.13352271473316
-66.11422909420533
-66.09520133711803
-66.07644239870818
-66.05795471150923
-66.03974022244395
-66.02180042767783
-66.00413640536027
-65.98674884637401
-65.9696380785232
-65.95280409930702
-65.93624660216787
-65.91996499941183
-65.90395844419643
-65.8882258513155
-65.87276591674419
-65.85757713598495
-65.84265782126559
-65.82800611764755
-65.81362001810528
-65.79949737764758
-65.7856359264797
-65.77203328233648
-65.75868696198674
-65.74559439197436
-65.73275291864054
-65.72015981746559
-65.70781230177116
-65.69570753082228
-65.68384261736456
-65.67221463463069
-65.66082062284838
-65.64965759527986
-65.63872254382163
-65.62801244419121
-65.61752426072623
-65.60725495081988
-65.59720146901542
-65.58736077078079
-65.5777298159836
-65.5683055720852
-65.55908501707174
-65.5500651421391
-65.54124295414726
-65.53261547785918
-65.52417975797813
-65.51593286099673
-65.50787187686997
-65.49999392052408
-65.49229613321205
-65.48477568372637
-65.47742976947843
-65.47025561745399
-65.46325048505307
-65.45641166082264
-65.44973646508929
-65.4432222504994
-65.43686640247326
-65.4306663395794
-65.42461951383535
-65.41872341093982
-65.41297555044201
-65.40737348585262
-65.40191480470108
-65.39659712854359
-65.39141811292559
-65.38637544730264
-65.38146685492308
-65.37669009267577
-65.37204295090613
-65.36752325320307
-65.36312885615973
-65.35885764911042
-65.35470755384608
-65.35067652431053
-65.34676254627934
-65.34296363702344
-65.33927784495908
-65.3357032492858
-65.33223795961389
-65.32888011558296
-65.32562788647253
-65.32247947080629
-65.31943309595084
-65.31648701771012
-65.31363951991639
-65.3108889140187
-65.30823353866968
-65.30567175931134
-65.30320196776067
-65.30082258179557
-65.29853204474175
-65.29632882506112
-65.29421141594223
-65.29217833489298
-65.29022812333633
-65.28835934620908
-65.28657059156421
-65.28486047017705
-65.28322761515548
-65.28167068155452
-65.28018834599537
-65.2787793062892
-65.27744228106585
-65.27617600940745
-65.27497925048732
-65.27385078321394
-65.27278940588037
-65.27179393581905
-65.27086320906197
-65.26999608000646
-65.26919142108639
-65.26844812244899
-65.26776509163713
-65.26714125327726
-65.26657554877282
-65.26606693600314
-65.26561438902792
-65.26521689779702
-65.26487346786593
-65.26458312011627
-65.26434489048196
-65.2641578296804
-65.264021002949
-65.26393348978682
-65.26389438370137
-65.26390279196029
-65.26395783534812
-65.2640586479279
-65.26420437680751
-65.2643941819109
-65.26462723575384
-65.26490272322424
-65.26521984136711
-65.26557779917378
-65.26597581737559
-65.26641312824171
-65.26688897538126
-65.26740261354948
-65.26795330845793
-65.26854033658863
-65.26916298501206
-65.26982055120892
-65.2705123428957
-65.27123767785375
-65.27199588376199
-65.27278629803304
-65.27360826765285
-65.27446114902351
-65.2753443078095
-65.27625711878696
-65.27719896569616
-65.278169241097
-65.27916734622754
-65.28019269086528
-65.2812446931915
-65.2823227796582
-65.28342638485786
-65.28455495139576
-65.28570792976504
-65.28688477822409
-65.28808496267658
-65.28930795655384
-65.29055324069955
-65.29182030325684
-65.29310863955749
-65.29441775201347
-65.29574715001054
-65.29709634980394
-65.29846487441617
-65.29985225353668
-65.3012580234236
-65.30268172680731
-65.30412291279585
-65.3055811367822
-65.30705596035324
-65.30854695120055
-65.3100536830328
-65.31157573548978
-65.31311269405808
-65.31466414998832
-65.3162297002139
-65.31780894727127
-65.31940149922167
-65.32100696957417
-65.32262497721025
-65.32425514630965
-65.32589710627757
-65.3275504916731
-65.32921494213903
-65.3308901023328
-65.33257562185868
-65.33427115520111
-65.33597636165923
-65.33769090528256
-65.33941445480762
-65.34114668359584
-65.34288726957232
-65.34463589516572
-65.34639224724921
-65.34815601708222
-65.34992690025324
-65.35170459662365
-65.35348881027228
-65.35527924944101
-65.35707562648112
-65.35887765780063
-65.36068506381238
-65.36249756888292
-65.36431490128226
-65.36613679313437
-65.36796298036845
-65.3697932026709
-65.37162720343818
-65.3734647297301
-65.37530553222416
-65.3771493651703
-65.37899598634647
-65.38084515701478
-65.38269664187835
-65.38455020903882
-65.38640562995434
-65.38826267939834
-65.39012113541875
-65.39198077929795
-65.39384139551312
-65.39570277169729
-65.39756469860087
-65.39942697005374
-65.40128938292784
-65.40315173710036
-65.40501383541731
-65.4068754836577
-65.40873649049816
-65.410596667478
-65.41245582896488
-65.41431379212071
-65.41617037686828
-65.4180254058581
-65.41987870443583
-65.42173010061005
-65.42357942502045
-65.42542651090658
-65.42727119407677
-65.42911331287763
-65.4309527081639
-65.43278922326864
-65.43462270397386
-65.43645299848146
-65.43827995738458
-65.44010343363936
-65.4419232825369
-65.44373936167574
-65.44555153093454
-65.44735965244524
-65.44916359056643
-65.45096321185707
-65.45275838505061
-65.45454898102935
-65.45633487279909
-65.45811593546418
-65.45989204620278
-65.46166308424249
-65.4634289308362
-65.46518946923828
-65.46694458468106
-65.46869416435152
-65.47043809736833
-65.47217627475916
-65.47390858943817
-65.47563493618387
-65.47735521161715
-65.47906931417968
-65.4807771441124
-65.48247860343437
-65.48417359592193
-65.48586202708788
-65.48754380416112
-65.4892188360664
-65.49088703340433
-65.4925483084317
-65.49420257504178
-65.49584974874521
-65.4974897466508
-65.49912248744671
-65.50074789138178
-65.50236588024707
-65.50397637735763
-65.50557930753445
-65.50717459708657
-65.50876217379354
-65.51034196688785
-65.5119139070378
-65.51347792633034
-65.51503395825428
-65.51658193768358
-65.51812180086085
-65.51965348538106
-65.52117693017533
-65.52269207549512
-65.52419886289631
-65.52569723522366
-65.52718713659539
-65.52866851238784
-65.53014130922047
-65.53160547494085
-65.53306095860992
-65.53450771048738
-65.5359456820172
-65.53737482581343
-65.53879509564592
-65.54020644642648
-65.54160883419492
-65.54300221610545
-65.54438655041311
-65.54576179646038
-65.54712791466399
-65.54848486650171
-65.54983261449951
-65.55117112221866
-65.55250035424308
-65.5538202761668
-65.55513085458155
-65.55643205706446
-65.55772385216592
-65.55900620939761
-65.56027909922057
-65.56154249303343
-65.56279636316086
-65.56404068284195
-65.56527542621893
-65.56650056832586
-65.56771608507748
-65.56892195325821
-65.57011815051125
-65.57130465532776
-65.57248144703625
-65.57364850579197
-65.57480581256647
-65.57595334913732
-65.5770910980778
-65.5782190427469
-65.57933716727918
-65.58044545657502
-65.58154389629071
-65.58263247282882
-65.58371117332861
-65.58477998565652
-65.58583889839686
-65.58688790084243
-65.58792698298541
-65.58895613550828
-65.5899753497748
-65.59098461782114
-65.59198393234705
-65.59297328670722
-65.59395267490264
-65.59492209157207
-65.59588153198365
-65.59683099202651
-65.59777046820261
-65.59869995761849
-65.59961945797727
-65.60052896757061
-65.60142848527087
-65.60231801052325
-65.60319754333806
-65.60406708428313
-65.60492663447616
-65.6057761955773
-65.60661576978174
-65.60744535981232
-65.60826496891238
-65.60907460083851
-65.6098742598535
-65.61066395071934
-65.61144367869022
-65.61221344950573
-65.61297326938403
-65.61372314501513
-65.61446308355424
-65.61519309261526
-65.61591318026417
-65.61662335501268
-65.61732362581184
-65.6180140020457
-65.61869449352515
-65.61936511048174
-65.62002586356157
-65.62067676381923
-65.62131782271193
-65.62194905209351
-65.62257046420865
-65.62318207168708
-65.62378388753791
-65.62437592514391
-65.624958198256
-65.62553072098765
-65.62609350780951
-65.62664657354392
-65.62718993335957
-65.62772360276628
-65.6282475976097
-65.62876193406616
-65.62926662863755
-65.62976169814627
-65.6302471597302
-65.63072303083781
-65.63118932922319
-65.63164607294124
-65.63209328034287
-65.63253097007026
-65.6329591610522
-65.63337787249938
-65.63378712389989
-65.63418693501464
-65.63457732587291
-65.6349583167679
-65.63532992825232
-65.6356921811341
-65.63604509647212
-65.6363886955719
-65.63672299998143
-65.63704803148708
-65.63736381210943
-65.63767036409922
-65.6379677099334
-65.63825587231108
-65.63853487414964
-65.63880473858087
-65.63906548894713
-65.63931714879753
-65.6395597418842
-65.63979329215856
-65.6400178237677
-65.64023336105072
-65.6404399285351
-65.64063755093326
-65.64082625313898
-65.64100606022394
-65.64117699743433
-65.64133909018739
-65.64149236406817
-65.64163684482611
-65.64177255837185
-65.64189953077394
-65.64201778825566
-65.64212735719185
-65.6422282641058
-65.64232053566612
-65.64240419868374
-65.64247928010882
-65.64254580702783
-65.64260380666056
-65.64265330635719
-65.64269433359544
-65.64272691597769
-65.6427510812282
-65.64276685719024
-65.64277427182344
-65.64277335320101
-65.64276412950704
-65.64274662903391
-65.64272088017957
-65.642686911445
-65.64264475143163
-65.64259442883882
-65.64253597246127
-65.64246941118665
-65.64239477399306
-65.64231208994666
-65.64222138819923
-65.6421226979859
-65.6420160486227
-65.64190146950429
-65.64177899010173
-65.64164863996015
-65.64151044869656
-65.64136444599765
-65.64121066161759
-65.64104912537591
-65.64087986715536
-65.64070291689981
-65.6405183046122
-65.64032606035242
-65.6401262142354
-65.63991879642899
-65.63970383715208
-65.63948136667263
-65.63925141530567
-65.63901401341147
-65.63876919139364
-65.63851697969727
-65.6382574088071
-65.63799050924571
-65.63771631157167
-65.63743484637783
-65.63714614428962
-65.63685023596321
-65.63654715208386
-65.6362369233643
-65.6359195805429
-65.63559515438224
-65.63526367566733
-65.63492517520405
-65.6345796838176
-65.63422723235092
-65.63386785166314
-65.63350157262808
-65.63312842613269
-65.63274844307564
-65.63236165436582
-65.6319680909209
-65.63156778366589
-65.63116076353171
-65.63074706145386
-65.630326708371
-65.6298997352236
-65.62946617295263
-65.62902605249818
-65.62857940479819
-65.62812626078717
-65.62766665139495
-65.62720060754536
-65.62672816015504
-65.6262493401322
-65.62576417837545
-65.62527270577255
-65.62477495319928
-65.62427095151827
-65.62376073157787
-65.623244324211
-65.62272176023406
-65.62219307044579
-65.62165828562624
-65.62111743653567
-65.62057055391354
-65.62001766847739
-65.6194588109219
