-65.0
-64.70878992666935
-64.41888247135992
-64.13026776985393
-63.842937362533895
-63.55688272228073
-63.27209522024362
-62.98856652536411
-62.70628844376677
-62.42525148168329
-62.14544639723475
-61.86686411263284
-61.589494623288104
-61.31332688166962
-61.038350074277346
-60.7645535421399
-60.49192382626584
-60.22044729267902
-59.95011057121377
-59.68089957143936
-59.41279614640881
-59.1457826480614
-58.87984175786846
-58.61495302072793
-58.35109204232031
-58.08823508328362
-57.826358842128045
-57.56543284997831
-57.30542339134466
-57.046297631383425
-56.78802332641109
-56.530554794505456
-56.273844513176876
-56.017846150797496
-55.76251416707897
-55.50778031010553
-55.253576654982126
-54.99983686595232
-54.746495603911576
-54.493451534662405
-54.24060653284354
-53.987864501472465
-53.73512813239899
-53.482250110440575
-53.22908720397315
-52.97549851960685
-52.72133723261756
-52.466387331903256
-52.210437404465466
-51.95327798917265
-51.69468058095041
-51.43432472581829
-51.17189350922797
-50.907069432263825
-50.6394779395336
-50.368634923149386
-50.09405403018848
-49.815239976005635
-49.53153517649919
-49.24218656566943
-48.94642021399515
-48.64337394690987
-48.331867803723355
-48.01067158169857
-47.678481731924215
-47.33343395416329
-46.97352283729096
-46.596526504914856
-46.19934554559017
-45.77857424375507
-45.32989622500058
-44.84791365288387
-44.32603651039594
-43.75554588259697
-43.12537712345015
-42.42098164087574
-41.62230926539054
-40.7021889551245
-39.62238271935091
-38.327521264688706
-36.7358365206622
-34.72397454928306
-32.10480656674365
-28.606020803148578
-23.895496210825662
-17.820440153589466
-11.053322579941229
-5.354630756053259
-1.9738793909574874
-0.5053962283058535
0.0073430880206355464
0.1667024776804524
0.21657124597335145
0.2357560283499452
0.2469523218107921
0.2564211971114931
0.2659175252665868
0.2759714262088109
0.2867667987479922
0.2983814077721375
0.31085685481525177
0.3242211503871337
0.3384968955976022
0.3537045281634221
0.369863621411008
0.38699330629220824
0.40511225309602233
0.42423841316482885
0.44438862163045073
0.4655781162700596
0.48782000490163846
0.5111247021464762
0.5354993504699406
0.5609472375486968
0.5874672208375838
0.6150531699627395
0.6436934377970716
0.6733703714896343
0.7040598751231288
0.7357310359179496
0.7683458258779228
0.8018588903996668
0.836217434586486
0.8713612167840148
0.9072226571779031
0.9437270671776496
0.9807930027948193
1.0183327423718493
1.056251175644629
1.0944471729967347
1.13281669076244
1.1712531338281273
1.2096480565138077
1.2478920639811764
1.2858758294492971
1.2536989402947614
1.1953102427327436
1.1221416822121615
1.0394433588383756
0.9502795741956865
0.8566203392475426
0.7598068183863698
0.6607950482285867
0.5602955094267481
0.45885475083048405
0.35691042252178173
0.25482432572334895
0.1529031904614872
0.05141184609588388
-0.049417736673396204
-0.14938159276857013
-0.24829859419676747
-0.3460061580966275
-0.4423592992467097
-0.5372302367980459
-0.6305059518069707
-0.722087530069319
-0.8118894995597497
-0.8998406074150396
-0.985881963793941
-1.0699646394226472
-1.1520518559274548
-1.2321148093668817
-1.3101325549391616
-1.3860920739470433
-1.4599878595381715
-1.5318213338391509
-1.6016003235336433
-1.6693387956014638
-1.7350554887312506
-1.7987733260206613
-1.8605189617156617
-1.920322380233297
-1.978216322808715
-2.0342358330700354
-2.0884189655884406
-2.140805132721461
-2.1914358586876594
-2.2403524309432497
-2.2875960308670864
-2.333207856625751
-2.3772291692621823
-2.4197011737760716
-2.460664879688612
-2.5001609809654424
-2.5382297723265945
-2.574911149974692
-2.610244326216524
-2.6442677677827846
-2.6770191576068982
-2.7085355256019845
-2.738853106364147
-2.768007074188011
-2.7960316137505608
-2.822959986011442
-2.8488245296560604
-2.87365665928212
-2.8974868701496788
-2.920344747264363
-2.9422589772475165
-2.9632573624200225
-2.9833668436669734
-3.0026135188589858
-3.0210227310445776
-3.0386194157244777
-3.0554272860601412
-3.071469184532563
-3.0867671743763525
-3.1013425873515765
-3.1152160579287385
-3.12840755121915
-3.1409363875166814
-3.1528212648581313
-3.16408028034913
-3.1747309506571297
-3.1847902320428427
-3.194274539677526
-3.203199766605234
-3.2115813023465294
-3.2194340501113334
-3.2267724441987475
-3.2336104669694037
-3.239961666751794
-3.2458391881545428
-3.251255766133831
-3.256223738842637
-3.260755064143368
-3.2648613355699965
-3.2685537970885274
-3.2718433567506424
-3.2747405994329046
-3.2772557988236692
-3.279398928776362
-3.281179674112749
-3.2826074409352293
-3.283691366490722
-3.284440328617897
-3.284862954802594
-3.2849676308617726
-3.284762509273516
-3.284255517168713
-3.283454363998864
-3.282366548893558
-3.2809993677205753
-3.2793599198610437
-3.277455114711643
-3.275291677925471
-3.272876157402757
-3.270214929042274
-3.267314202263851
-3.2641800253120867
-3.2608182903508873
-3.257234738358149
-3.2534349638294784
-3.249424419299468
-3.2452084196887196
-3.2407921464843956
-3.236180651761763
-3.2313788620538393
-3.22639158207595
-3.221223498311631
-3.215879182466099
-3.210363094793103
-3.2046795873008254
-3.19883290684211
-3.1928271980941068
-3.1866665064321826
-3.1803547807026664
-3.17389587589883
-3.1672935557442523
-3.1605514951875446
-3.1536732828121856
-3.1466624249382216
-3.1395223521767606
-3.132256413532011
-3.124867877678336
-3.1173599363242346
-3.1097357069529448
-3.1019982345822332
-3.09415049397864
-3.086195391727141
-3.0781357681297616
-3.0699743989743684
-3.061713997205822
-3.0533572145204992
-3.0449066428980376
-3.0363648160791876
-3.027734210995958
-3.0190172491581624
-3.010216297999402
-3.0013336721846606
-2.992371634881309
-2.9833325465564804
-2.974218625061029
-2.965031991469304
-2.955774705455375
-2.946448775940864
-2.9370561661633583
-2.9275987965869814
-2.91807854674342
-2.9084972564987615
-2.8988567270144894
-2.8891587215480676
-2.8794049661501084
-2.869597150317836
-2.859736927640422
-2.8498259164496047
-2.8398657004781946
-2.8298578295252397
-2.8198038201252382
-2.809705156218787
-2.7995632898220326
-2.789379641692647
-2.7791556019902384
-2.768892530929517
-2.758591759424795
-2.7482545897246924
-2.7378822960361546
-2.7274761251371356
-2.7170372969775256
-2.7065670052679236
-2.6960664187073533
-2.6855366824699276
-2.6749789172069915
-2.6643942189025034
-2.6537836593438198
-2.6431482868026865
-2.6324891267295487
-2.621807182398238
-2.611103436127709
-2.6003788589261956
-2.589634437877865
-2.5788711206651755
-2.568089817031269
-2.5572914095780934
-2.546476758672018
-2.5356467049294813
-2.5248020706533927
-2.513943660738361
-2.5030722632811475
-2.492188651059508
-2.481293581145811
-2.4703877946252057
-2.4594720167785735
-2.4485469574420207
-2.437613311386848
-2.4266717586761613
-2.415722964994319
-2.4047675819547303
-2.3938062473921407
-2.382839585643951
-2.3718682078237734
-2.360892712088925
-2.349913683903105
-2.33893169629469
-2.3279473202133203
-2.3169611121480203
-2.3059736124120533
-2.2949853471430366
-2.283996829875655
-2.273008562549207
-2.2620210361648447
-2.2510347312377452
-2.2400501181286976
-2.229067657304412
-2.218087799556313
-2.2071109861952456
-2.1961376492327376
-2.1851682115547875
-2.174203087091667
-2.163242680985444
-2.1522873897560597
-2.141337601466224
-2.1303936958851515
-2.1194560446507786
-2.1085250114304275
-2.097600952079544
-2.0866842147982654
-2.0757751402857165
-2.0648740618917905
-2.0539813057663476
-2.043097191005685
-2.032222029796281
-2.0213561275557357
-2.0104997836321514
-1.999653291684688
-1.9888169431770732
-1.9779911235115972
-1.9671761258897356
-1.9563722169192796
-1.9455796500604912
-1.934798670556731
-1.924029584522508
-1.9132726749586366
-1.9025281907432285
-1.8917963593057459
-1.8810773954558615
-1.8703715063773971
-1.8596788942946938
-1.8489997578125632
-1.8383342925149317
-1.827682691160075
-1.8170451436679536
-1.8064218370117942
-1.795812955077186
-1.785218678522619
-1.7746391846599567
-1.7640746473612732
-1.7535252369911822
-1.7429911203626318
-1.7324724607140745
-1.721969417705695
-1.7114821474317259
-1.7010108024459445
-1.690555531797546
-1.680116481074989
-1.6696937924625266
-1.6592876048059881
-1.6488980536739883
-1.6385252713976821
-1.6281693871137288
-1.6178305268234296
-1.607508813457231
-1.5972043669385918
-1.5869173042459215
-1.5766477394727785
-1.5663957838865328
-1.5561615459856746
-1.545945131555799
-1.5357466437243756
-1.5255661829947964
-1.5154038492170274
-1.5052597397450858
-1.4951339487888133
-1.4850265678493728
-1.4749376861706371
-1.4648673904711125
-1.4548157651394193
-1.4447828923338004
-1.4347688573657194
-1.4247737537529332
-1.4147976619804226
-1.404840655929146
-1.3949028056853912
-1.384984178730307
-1.3750848405071474
-1.3652048547045055
-1.355344283394725
-1.3455031881201145
-1.335681631011426
-1.3258796718996124
-1.3160973680352621
-1.3063347743680884
-1.2965919437145301
-1.2868689270087355
-1.2771657735126405
-1.2674825309490574
-1.257819245576239
-1.2481759622282036
-1.2385527243376375
-1.2289495739511669
-1.2193665517420447
-1.2098036970251016
-1.2002610477751454
-1.1907386406431448
-1.181236510970369
-1.1717546928026132
-1.1622932189058437
-1.1528521207834936
-1.143431428695107
-1.1340311716758993
-1.1246513775568325
-1.1152920729848952
-1.1059532834434012
-1.0966350332721406
-1.0873373456872768
-1.0780602428009491
-1.06880374564055
-1.059567874167639
-1.0503526472964966
-1.0411580829123153
-1.0319841978890443
-1.0228310081068395
-1.0136985284692188
-1.0045867729198394
-0.9954957544589426
-0.9864255049925635
-0.9773760587644574
-0.9683474284541911
-0.959339620808469
-0.9503526401276937
-0.9413864895443178
-0.9324411715828332
-0.9235166883976196
-0.9146130417723948
-0.9057302331322065
-0.89686826355832
-0.888027133767343
-0.8792068441787746
-0.8704073973887194
-0.8616287946239922
-0.8528710355284923
-0.8441341186158549
-0.8354180415246004
-0.8267228011554675
-0.8180483937464214
-0.8093948149134829
-0.8007620596729703
-0.7921501224537343
-0.7835589971044048
-0.7749886768984643
-0.766439154538691
-0.7579104221617329
-0.7494024713432198
-0.7409152931334195
-0.7324488780851747
-0.7240032162514793
-0.7155782971710847
-0.7071741098571659
-0.6987906427931772
-0.6904278839350163
-0.6820858207174403
-0.6737644400629466
-0.6654637283916849
-0.6571836716318318
-0.6489242552299201
-0.640685464160961
-0.632467282937915
-0.6242696956209915
-0.6160926944535327
-0.6079362777562626
-0.5998004363499141
-0.591685155842491
-0.583590418855591
-0.5755162063546924
-0.5674624983883878
-0.5594292744862059
-0.5514165138629457
-0.5434241955138406
-0.5354522982506403
-0.5275008007058172
-0.5195696813217897
-0.5116589183341208
-0.5037684897536855
-0.49589837335026116
-0.4880485466388001
-0.48021898686851155
-0.4724096710147562
-0.4646205757839385
-0.45685167761609075
-0.44910295267897826
-0.4413743768605383
-0.43366592576411767
-0.4259775747069879
-0.4183092987215543
-0.41066107255814827
-0.4030328706888651
-0.3954246673118182
-0.3878364363556906
-0.3802681514843515
-0.3727197861014521
-0.3651913133550014
-0.35768270614179637
-0.35019393711184826
-0.34272497867260976
-0.3352758026788377
-0.327846380525958
-0.3204366833936515
-0.3130466823483165
-0.30567634835430946
-0.2983256522539483
-0.29099456665677226
-0.2836830652194014
-0.27639111941492667
-0.2691186996917612
-0.26186577596924177
-0.25463231771891304
-0.24741829401776333
-0.24022367376709147
-0.23304842578195176
-0.2258925188029418
-0.21875592148316642
-0.21163860237137636
-0.204540529897444
-0.19746167236146517
-0.1904019979261111
-0.18336147461173652
-0.17634007029351498
-0.16933775270020418
-0.16235448941391728
-0.15539024787084674
-0.14844499536243536
-0.1415186990370613
-0.13461132590191008
-0.12772284282507526
-0.12085321653776905
-0.11400241363663047
-0.10717040058600283
-0.10035714372032589
-0.09356260924648294
-0.08678676324610882
-0.08002957167799762
-0.07329100038037659
-0.06657101507323362
-0.059869581360587544
-0.05318666473280416
-0.046522230568767114
-0.03987624413822493
-0.03324867060384929
-0.02663947502358433
-0.020048621686658448
-0.013476074657801453
-0.006921798059860367
-0.00038575611499803205
0.006132086826425272
0.012631758470480458
0.019113292166696733
0.025576723315892846
0.03202208793195319
0.03844942228194327
0.044858762733796964
0.0512501456887607
0.05762360755482405
0.0639791847118072
0.07031691350037371
0.0766368302464667
0.08293897128973353
0.08922337300327371
0.09549007180505323
0.10173910416401163
0.10797050660290931
0.11418431569949526
0.1203805680865695
0.1265593004515066
0.13272054953530787
0.13886435213151135
0.14499074508489143
0.1510997652900567
0.15719144969001253
0.16326583527469674
0.16932295907944392
0.17536285818353264
0.18138556970862432
0.18739113081733635
0.19337957871172806
0.1993509506318339
0.20530528422917824
0.21124261752060136
0.21716298842139461
0.22306643468185802
0.22895299388608736
0.23482270340276476
0.24067560047544231
0.24651172232075325
0.2523311061872602
0.2581337893809231
0.26391980927159014
0.2696892032902834
0.2754420089229528
0.2811782637033067
0.28689800520584896
0.2926012714406501
0.2982881012221262
0.30395853318393257
0.30961260565030896
0.3152503567074604
0.32087182428721656
0.32647704622937845
0.3320660603228217
0.3376389043308866
0.3431956160062329
0.34873623309886476
0.3542607933598645
0.35976933454260895
0.3652618944024568
0.3707385106956704
0.376199221177951
0.3816440636028292
0.38707307572005906
0.3924862952741367
0.3978837600028636
0.40326550763608066
0.4086315758944889
0.4139820024885922
0.4193168251176991
0.42463608146901094
0.42993980917796776
0.43522804579582103
0.4405008288289625
0.44575819577199527
0.45100018412178594
0.4562268313801477
0.46143817505173906
0.4666342526403222
0.4718151016449039
0.47698075955618213
0.4821312638534395
0.4872666520019282
0.49238696145063815
0.4974922296303913
0.5025824939522308
0.5076577918059756
0.5127181605590031
0.5177636375550989
0.5227942601134603
0.5278100655277325
0.5328110911393915
0.5377973754860044
0.5427689566690826
0.5477258723727391
0.552668160015813
0.5575958568523528
0.5625090000305709
0.5674076266269846
0.5722917736658902
0.5771614781300485
0.5820167769660811
0.5868577070867583
0.5916843053714769
0.5964966086657548
0.601294653780214
0.6060784774893798
0.6108481165304184
0.6156036076019616
0.6203449873629864
0.6250722924318272
0.6297855593852956
0.6344848247578886
0.6391701250410977
0.6438414966827697
0.6484989760865527
0.6531425996113758
0.6577724035709559
0.6623884242333654
0.6669906978205975
0.6715792660440839
0.6761541725689503
0.6807154579797672
0.6852631606977109
0.6897973178733837
0.6943179659355525
0.6988251409089509
0.7033188785949241
0.707799214671512
0.7122661847462954
0.7167198243817663
0.721160169105051
0.72558725440914
0.7300011157497942
0.7344017885406616
0.7387893081479472
0.7431637098261932
0.7475250285147184
0.751873299004062
0.7562085560483287
0.7605308344016837
0.7648401688196014
0.7691365940487072
0.7734201448147999
0.7776908558122647
0.7819487616955965
0.7861938970729188
0.7904262964071205
0.7946459939977666
0.7988530240746909
0.8030474208392111
0.8072292184707952
0.8113984511222982
0.815555152913065
0.8196993579226185
0.823831100185557
0.8279504136875998
0.8320573323625894
0.8361518900902526
0.8402341206945368
0.8443040591671176
0.8483617410140223
0.8524072006763772
0.8564404720871792
0.86046158891439
0.8644705846666418
0.8684674927455646
0.8724523464731064
0.8764251791056397
0.8803860238407056
0.8843349138196909
0.8882718821282941
0.8921969617958739
0.8961101857943109
0.9000115870367223
0.9039011983762455
0.9077790526049478
0.911645182452909
0.9154996205874942
0.9193423993921692
0.9231735509214766
0.9269931071505497
0.930801100069599
0.9345975616971292
0.938382524067938
0.9421560192165768
0.9459180791624371
0.9496687358977434
0.9534080213783043
0.9571359675165187
0.9608526061761155
0.9645579691682262
0.9682520882484212
0.9719349951145012
0.9756067214048187
0.9792672986970113
0.9829167585070399
0.986555132288448
0.9901824514317863
0.9937987472641704
0.9974040510489226
1.0009983939852858
1.0045818087356078
1.0081543307721417
1.0117159923555092
1.015266824881088
1.0188068593619741
1.0223361266037438
1.0258546572865335
1.0293624820060694
1.032859631293529
1.0363461356240058
1.039822025418872
1.0432873310450446
1.0467420827426979
1.0501863103331794
1.053620043573279
1.0570433122448488
1.0604561461502595
1.0638585750922935
1.0672506288559618
1.0706323371945228
1.0740037298191034
1.077364836391089
1.080715686516567
1.0840563097422897
1.0873867355527542
1.0907069933681137
1.0940171125426943
1.0973171221044236
1.1006070505683545
1.1038869264308961
1.1071567782634417
1.1104166347002067
1.1136665244097104
1.1169064760691676
1.1201365183445995
1.1233566798760242
1.126566989266578
1.1297674750745503
1.1329581658075498
1.136139089918233
1.1393102758011677
1.1424717517905276
1.1456235461584021
1.1487656871135548
1.1518982028005074
1.155021121298878
1.1581344706228967
1.1612382787210527
1.1643325734758425
1.1674173827035996
1.1704927341543665
1.1735586555118136
1.1766151743931874
1.1796623183492834
1.1827001148644263
1.1857285913564721
1.1887477751768096
1.1917576936103726
1.1947583738756606
1.197749843124753
1.2007321284433299
1.2037052568507
1.2066692552998184
1.2096241506773158
1.2125699698035215
1.215506739432491
1.2184344862520295
1.221353236883725
1.2242630178829692
1.2271638557389895
1.2300557768748757
1.232938807647612
1.235812973763339
1.2386783008171274
1.2415348145070397
1.2443825406017845
1.247221504899365
1.2500517331987306
1.252873251280751
1.2556860848950946
1.2584902597509613
1.2612858015104464
1.2640727357837285
1.2668510881255675
1.2696208840327348
1.2723821489421268
1.275134908229375
1.2778791872095772
1.280615011138005
1.283342405209375
1.2860613945561314
1.2887720042466415
1.2914742592838588
1.2941681846090214
1.296853805109136
1.2995311456184537
1.302200230913985
1.3048610857092475
1.3075137346492431
1.310158202307638
1.3127945096182334
1.315422676583327
1.3180427243687505
1.3206546750517731
1.3232585513164064
1.3258543762452228
1.3284421731816232
1.3310219656367612
1.3335937772251532
1.3361576316192818
1.338713552517162
1.3412615636189014
1.3438016886096427
1.3463339511470624
1.3488583748521679
1.3513749833024942
1.35388380002707
1.3563848485026717
1.3588781521510502
1.361363734336867
1.3638416183661697
1.3663118274852641
1.368774384879889
1.3712293136746156
1.3736766369324194
1.37611637765438
1.3785485587794781
1.380973203187519
1.383390333700715
1.3857999730825221
1.38820214403537
1.39059686919872
1.3929841711479682
1.3953640723940832
1.3977365953837342
1.400101762499671
1.4024595960611888
1.4048101183245931
1.4071533514836094
1.4094893176697376
1.4118180379148797
1.414139533321137
1.4164538252919936
1.4187609353596424
1.4210608851082585
1.4233536961358542
1.4256393900315705
1.4279179883607998
1.4301895126549922
1.4324539844045048
1.4347114250535073
1.4369618559963302
1.439205298574824
1.4414417740764567
1.4436713037329323
1.445893908719202
1.4481096101527553
1.4503184290931204
1.4525203865415188
1.4547155034406396
1.4569038006744943
1.4590852990683396
1.4612600193886465
1.4634279823431064
1.4655892085806685
1.4677437186915896
1.469891533207507
1.4720326726015225
1.4741671572882902
1.4762950076470245
1.4784162440257371
1.4805308867288527
1.4826389560032236
1.4847404720292843
1.4868354549175722
1.4889239247087522
1.4910059013753787
1.4930814048242187
1.4951504548985257
1.4972130713799876
1.4992692739902718
1.5013190823922047
1.5033625142712568
1.505399587338123
1.5074303201965096
1.509454731722807
1.51147284092098
1.5134846668591748
1.5154902286326442
1.5174895453396149
1.5194826360648301
1.5214695198680426
1.5234502157758503
1.5254247427758418
1.5273931198123718
1.5293553657835048
1.5313114995387975
1.5332615398776954
1.5352055055501825
1.5371434152624714
1.539075287675209
1.5410011413982672
1.5429209949865903
1.5448348669381544
1.546742775693493
1.5486447396360625
1.550540777092932
1.5524309063355222
1.554315145580267
1.5561935129891689
1.5580660266702362
1.5599327046778277
1.5617935650129269
1.5636486256233562
1.565497904403957
1.5673414191967443
1.5691791877910424
1.5710112279236146
1.5728375572787867
1.5746581934885657
1.5764731541327632
1.578282456739115
1.5800861187834043
1.5818841576895861
1.583676590829913
1.58546343552506
1.5872447090442536
1.5890204286054
1.5907906113752142
1.5925552744693483
1.5943144349525236
1.5960681098386575
1.5978163160909964
1.599559070622243
1.601296390294687
1.6030282919203358
1.6047547922610415
1.6064759080286313
1.6081916558850367
1.6099020524424215
1.6116071142633097
1.6133068578607137
1.615001299698263
1.6166904561903301
1.6183743437021594
1.6200529785499933
1.6217263770011983
1.6233945552743934
1.6250575295395742
1.626715315918242
1.6283679304835263
1.6300153892603133
1.6316577082253698
1.6332949033074697
1.634926990387518
1.6365539852986777
1.6381759038264931
1.6397927617090147
1.6414045746369248
1.6430113582536605
1.6446131281555398
1.646209899891884
1.6478016889651435
1.6493885108310193
1.65097038089859
1.652547314530431
1.6541193270427428
1.6556864337054709
1.6572486497667516
1.6588059904463113
1.6603584709205328
1.661906106313304
1.66344891169318
1.6649869020740284
1.6665200924169699
1.668048497632476
1.669572132582188
1.6710910120803295
1.6726051508947564
1.6741145637477046
1.6756192653163149
1.6771192702330002
1.6786145930857086
1.6801052484181112
1.6815912507297508
1.6830726144761647
1.6845493540689929
1.6860214838760808
1.6874890182215818
1.6889519713860617
1.6904103576066023
1.6918641910769152
1.6933134859474506
1.6947582563255166
1.6961985163554545
1.6976342801918627
1.6990655619500215
1.7004923756781096
1.701914735350048
1.7033326548687915
1.7047461480729809
1.7061552287435588
1.7075599106091777
1.7089602073501975
1.7103561326014758
1.711747699954229
1.7131349229572301
1.714517815117551
1.715896389901011
1.7172706607324353
1.7186406409958093
1.7200063440343674
1.7213677831506562
1.7227249716065884
1.7240779226234997
1.7254266493822128
1.7267711650231128
1.728111482646235
1.7294476153113605
1.7307795760381226
1.7321073778061207
1.733431033555038
1.7347505561847674
1.7360659585555376
1.7373772534880407
1.7386844537635653
1.739987572124125
1.7412866212725902
1.7425816138758157
1.7438725626065206
1.7451594801165333
1.7464423790126817
1.7477212718482522
1.7489961711231987
1.7502670892873402
1.7515340387438947
1.7527970318524442
1.754056080931157
1.7553111982583627
1.756562396073622
1.7578096865784347
1.759053081936703
1.7602925942750294
1.7615282356829158
1.7627600182128984
1.7639879538806487
1.7652120546650572
1.7664323325083124
1.767648799315978
1.768861466957071
1.7700703472641497
1.771275452033402
1.77247679302474
1.7736743819619003
1.774868230532544
1.7760583503883642
1.7772447531451907
1.7784274503831
1.7796064536465233
1.7807817744443588
1.7819534242500787
1.7831214145018408
1.7842857566025982
1.7854464619202077
1.786603541787539
1.7877570075025817
1.7889068703285531
1.790053141494005
1.7911958321929284
1.7923349535848596
1.7934705167949838
1.794602532914238
1.7957310129994162
1.7968559680732685
1.7979774091246046
1.799095347108395
1.8002097929458702
1.801320757524622
1.8024282516987011
1.803532286288718
1.8046328720819396
1.8057300198323885
1.8068237402609393
1.8079140440554173
1.8090009418706938
1.8100844443287842
1.8111645620189414
1.8122413054977546
1.8133146852892423
1.8143847118849492
1.81545139574404
1.8165147472933938
1.817574776927699
1.8186314951491471
1.8196849124781964
1.820735039376036
1.821781886222838
1.8228254633227226
1.8238657809155887
1.824902849188197
1.825936678282571
1.8269672783017818
1.827994659313699
1.8290188313690552
1.8300398045668014
1.831057588981519
1.8320721946317284
1.8330836314778873
1.834091909428929
1.8350970383491887
1.8360990280637448
1.8370978883621074
1.8380936290006256
1.8390862597039934
1.8400757901661595
1.8410622300508535
1.8420455889918814
1.8430258765932845
1.844003102429425
1.844977276045038
1.8459484069552723
1.8469165046457312
1.8478815785725236
1.8488436381623228
1.8498026928124385
1.8507587518908968
1.85171182473653
1.8526619206590722
1.85360904893926
1.8545532188289375
1.855494439551163
1.8564327203003175
1.857368070242214
1.8583004985142055
1.8592300142252924
1.8601566265390208
1.8610803447461324
1.8620011780952728
1.8629191357404342
1.8638342267449797
1.864746460098901
1.8656558447349405
1.8665623895405083
1.8674661033656708
1.8683669950281974
1.8692650733165954
1.870160346991831
1.8710528247882368
1.8719425154139282
1.8728294275509447
1.8737135698552463
1.8745949509566489
1.875473579458739
1.8763494639388008
1.8772226129477618
1.8780930350101668
1.878960738624173
1.879825732261572
1.8806880243678308
1.8815476233621489
1.8824045376375278
1.8832587755608532
1.8841103454729817
1.8849592556888342
1.8858055144974926
1.886649130162298
1.8874901109209516
1.8883284649856122
1.889164200542997
1.8899973257544784
1.890827848756182
1.8916557778583791
1.89248112135283
1.893303887439073
1.8941240842314642
1.8949417197791016
1.895756802081802
1.8965693391007563
1.8973793387652065
1.898186808976466
1.8989917576102529
1.89979419251797
1.9005941215273547
1.901391552442758
1.9021864930452226
1.9029789511411066
1.903768934830949
1.9045564521299823
1.9053415109163059
1.9061241189567173
1.9069042839375627
1.907682013487665
1.908457315193397
1.9092301966080216
1.910000665257223
1.910768728642218
1.9115343942413834
1.9122976695110048
1.913058561885528
1.913817078777553
1.9145732275777068
1.91532701565448
1.91607845035407
1.9168275390002518
1.9175742888942868
1.9183187073148709
1.919060801518112
1.919800578737547
1.9205380461841717
1.9212732110465025
1.9220060804906434
1.9227366616603696
1.9234649616772193
1.924190987640585
1.9249147466278151
1.9256362456943121
1.9263554918736328
1.9270724921775868
1.9277872535963347
1.9284997830984834
1.9292100876311788
1.9299181741201978
1.9306240494700362
1.9313277205639947
1.9320291942642616
1.9327284774119948
1.9334255768274002
1.934120499309807
1.9348132516377436
1.9355038405690086
1.9361922729349896
1.9368785558131927
1.9375626961292183
1.9382447006756325
1.938924576158504
1.9396023292271964
1.9402779664916165
1.9409514945320812
1.9416229199048727
1.9422922491452592
1.9429594887690314
1.9436246452731833
1.9442877251361221
1.944948734817633
1.9456076807587335
1.9462645693814935
1.946919407088863
1.9475722002645244
1.9482229552727832
1.9488716784584916
1.949518376147005
1.950163054644168
1.9508057202363238
1.9514463791903434
1.9520850377536676
1.9527217021543628
1.9533563786011843
1.9539890732836442
1.9546197925393543
1.9552485452503252
1.9558753392141535
1.9565001813760061
1.9571230781803866
1.9577440357921878
1.9583630602235849
1.9589801574052172
1.9595953332251679
1.9602085935493694
1.9608199442313865
1.96142939111625
1.9620369400410944
1.9626425968342116
1.963246367313442
1.9638482572844163
1.9644482725389103
1.9650464188534345
1.9656427019880973
1.966237127685737
1.966829701671296
1.967420429651401
1.9680093173141127
1.9685963703288107
1.9691815943461832
1.9697649949982936
1.9703465778987066
1.970926348642653
1.9715043128072214
1.9720804759515664
1.9726548436171236
1.9732274213278274
1.9737982145903257
1.974367228894189
1.9749344697121105
1.9754999425000992
1.9760636526976596
1.9766256057279628
1.977185806998006
1.9777442618987606
1.9783009758053116
1.9788559546367481
1.979409204130214
1.9799607297687536
1.9805105369157179
1.9810586308719074
1.981605016901296
1.9821497002438278
1.9826926861219494
1.983233979743819
1.9837735863047052
1.9843115109874185
1.9848477589622449
1.9853823353866558
1.9859152454049436
1.986446494147859
1.986976086732291
1.9875040282610055
1.9880303238224406
1.9885549784905598
1.9890779973247517
1.9895993853697684
1.990119147655699
1.9906372891979638
1.9911538149973331
1.9916687300399536
1.99218203929739
1.9926937477266704
1.993203860270338
1.9937123818565032
1.9942193173988978
1.9947246717969291
1.9952284499357333
1.9957306566862263
1.996231296905154
1.9967303754351415
1.9972278971047375
1.9977238667284583
1.9982182891068314
1.998711169026435
1.9992025112599354
1.9996923205661243
2.000180601689954
2.0006673599512834
2.0011526012150673
2.001636330477631
2.002118552503187
2.0025992719583647
2.003078493461103
2.0035562216031892
2.00403246096114
2.004507216101163
2.0049804915810188
2.0054522919502915
2.0059226217498938
2.0063914855112674
2.0068588877555227
2.007324832992638
2.0077893257207724
2.008252370425711
2.008713971580439
2.0091741336448226
2.0096328610653913
2.010090158275199
2.010546029693746
2.011000479726948
2.0114535127671482
2.0119051331931512
2.012355345370279
2.01280415365044
2.0132515623722074
2.0136975758609013
2.0141421984286754
2.0145854343746024
2.015027287984759
2.015467763532309
2.0159068652775813
2.0163445974681493
2.0167809643389027
2.0172159701121166
2.017649618997518
2.0180819151923495
2.0185128628814257
2.0189424662371906
2.019370729419769
2.0197976565770177
2.020223251844572
2.0206475193458884
2.0210704631922884
2.0214920874829994
2.02191239630519
2.0223313937340084
2.0227490838326156
2.02316547065222
2.023580558232109
2.0239943505996774
2.02440685177046
2.0248180657481587
2.0252279965246704
2.0256366480801145
2.0260440243828577
2.0264501293895414
2.0268549670451073
2.0272585412828206
2.027660856024296
2.0280619151795194
2.028461722646876
2.02886028231317
2.02925759805365
2.029653673732032
2.0300485132005233
2.030442120299844
2.0308344988592526
2.031225652696568
2.031615585618191
2.0320043014191325
2.03239180388303
2.032778096782177
2.0331631838775426
2.033547068918798
2.033929755644338
2.0343112477813046
2.034691549045612
2.0350706631419717
2.035448593763914
2.0358253445938144
2.036200919302917
2.0365753215513585
2.036948554988195
2.037320623251426
2.0376915299680176
2.038061278753931
2.0384298732141444
2.038797316942681
2.039163613522634
2.0395287665261908
2.0398927795146604
2.0402556560384997
2.0406173996373385
2.0409780138400064
2.0413375021645592
2.041695868118305
2.042053115197831
2.0424092468890302
2.042764266667128
2.04311817799671
2.0434709843317482
2.043822689115628
2.044173295781177
2.044522807750689
2.044871228435955
2.045218561238288
2.045564809548553
2.0459099767471915
2.0462540662042525
2.046597081279417
2.046939025322029
2.047279901671119
2.047619713655438
2.0479584645934796
2.048296157793511
2.0486327965535995
2.048968384161643
2.049302923895394
2.0496364190224927
2.0499688728004912
2.050300288476883
2.0506306692891307
2.0509600184646946
2.0512883392210615
2.0516156347657715
2.0519419082964467
2.05226716300082
2.0525914020567626
2.0529146286323123
2.053236845885702
2.053558056965387
2.0538782650100744
2.0541974731487502
2.0545156845007075
2.054832902175576
2.0551491292733473
2.055464368884406
2.055778624089556
2.056091897960049
2.0564041935576114
2.056715513934474
2.057025862133399
2.057335241187709
2.0576436541213114
2.0579511039487306
2.0582575936751333
2.0585631262963564
2.058867704798936
2.059171332160132
2.05947401134796
2.059775745321216
2.060076537029504
2.0603763894132645
2.0606753054038007
2.0609732879233076
2.061270339884898
2.0615664641926292
2.061861663741533
2.0621559414176382
2.0624493000980033
2.062741742650739
2.0630332719350375
2.0633238908011977
2.0636136020906553
2.063902408636006
2.064190313261034
2.064477318780738
2.06476342800136
2.065048643720408
2.0653329687266875
2.0656164058003217
2.065898957712785
2.066180627226923
2.066461417096983
2.066741330068638
2.067020368879014
2.0672985362567147
2.06757583492185
2.0678522675860593
2.068127836952539
2.0684025457160664
2.0686763965630295
2.0689493921714477
2.069221535211001
2.0694928283430536
2.069763274220681
2.070032875488693
2.0703016347836622
2.070569554733947
2.070836637959718
2.071102887072982
2.0713683046776077
2.071632893369351
2.0718966557358796
2.0721595943567985
2.0724217118036736
2.0726830106400573
2.072943493421514
2.0732031626956413
2.0734620210020998
2.073720070872633
2.0739773148310934
2.0742337553934678
2.0744893950679004
2.074744236354716
2.074998281746448
2.0752515337278568
2.0755039947759584
2.075755667360047
2.0760065539417174
2.076256656974891
2.076505978905838
2.0767545221732018
2.077002289208022
2.077249282433759
2.077495504266316
2.0777409571140626
2.077985643377859
2.078229565451079
2.078472725719634
2.0787151265619923
2.0789567703492073
2.0791976594449375
2.0794377962054695
2.0796771829797422
2.079915822109368
2.0801537159286556
2.0803908667646347
2.0806272769370757
2.0808629487585155
2.0810978845342754
2.081332086562488
2.081565557134117
2.0817982985329797
2.0820303130357707
2.0822616029120806
2.082492170424423
2.0827220178282504
2.0829511473719826
2.0831795612970234
2.083407261837785
2.0836342512217083
2.0838605316692864
2.0840861053940842
2.0843109746027606
2.0845351414950906
2.0847586082639853
2.0849813770955157
2.085203450168931
2.0854248296566817
2.0856455177244393
2.085865516531119
2.0860848282288997
2.0863034549632458
2.0865213988729256
2.086738662090036
2.0869552467400196
2.087171154941688
2.0873863888072406
2.087600950442286
2.087814841945863
2.08802806541046
2.088240622922036
2.08845251656004
2.0886637483974324
2.088874320500705
2.089084234929901
2.0892934937386345
2.0895020989741107
2.089710052677147
2.08991735688219
2.090124013617339
2.090330024904364
2.090535392758725
2.0907401191895914
2.0909442061998624
2.091147655786187
2.0913504699389827
2.0915526506424538
2.091754199874613
2.0919551196073005
2.0921554118062
2.092355078430861
2.092554121434718
2.092752542765108
2.092950344363289
2.093147528164462
2.0933440960977867
2.093540050086401
2.0937353920474417
2.0939301238920605
2.0941242475254445
2.094317764846833
2.094510677749539
2.0947029881209636
2.0948946978426193
2.095085808790143
2.0952763228333193
2.0954662418360943
2.0956555676565976
2.0958443021471576
2.0960324471543212
2.0962200045188712
2.096406976075844
2.0965933636545486
2.0967791690785833
2.0969643941658536
2.09714904072859
2.0973331105733672
2.0975166055011205
2.097699527307161
2.097881877781197
2.0980636587073507
2.0982448718641735
2.0984255190246652
2.0986056019562906
2.0987851224209977
2.098964082175233
2.0991424829699596
2.0993203265506764
2.099497614657431
2.0996743490248404
2.0998505313821054
2.1000261634530295
2.1002012469560336
2.100375783604175
2.1005497751051623
2.100723223161373
2.1008961294698696
2.101068495722418
2.1012403236055004
2.1014116148003352
2.1015823709828916
2.1017525938239072
2.1019222849889028
2.1020914461381994
2.102260078926935
2.10242818500508
2.1025957660174535
2.1027628236037397
2.102929359398503
2.103095375031205
2.10326087212622
2.1034258523028506
2.1035903171753447
2.103754268352909
2.103917707439727
2.1040806360349733
2.1042430557328298
2.1044049681225014
2.1045663747882313
2.1047272773093155
2.1048876772601197
2.105047576210095
2.1052069757237915
2.105365877360874
2.105524282676139
2.1056821932195273
2.1058396105361417
2.105996536166259
2.1061529716453498
2.1063089185040873
2.1064643782683676
2.106619352459322
2.1067738425933324
2.1069278501820463
2.107081376732391
2.107234423746589
2.1073869927221724
2.1075390851519975
2.10769070252426
2.1078418463225073
2.107992518025657
2.108142719108007
2.108292451039253
2.108441715284502
2.108590513304285
2.1087388465545738
2.1088867164867944
2.1090341245478403
2.109181072180087
2.109327560821408
2.1094735919051844
2.1096191668603237
2.109764287111272
2.1099089540780263
2.1100531691761506
2.1101969338167885
2.1103402494066787
2.1104831173481657
2.1106255390392157
2.1107675158734303
2.1109090492400595
2.111050140524016
2.111190791105887
2.1113310023619496
2.111470775664183
2.111610112380283
2.111749013873675
2.1118874815035262
2.112025516624761
2.1121631205880713
2.1123002947399336
2.112437040422618
2.1125733589742053
2.1127092517285964
2.112844720015528
2.1129797651605844
2.1131143884852115
2.1132485913067276
2.113382374938339
2.1135157406891505
2.113648689864179
2.1137812237643674
2.113913343686596
2.1140450509236945
2.1141763467644576
2.114307232493654
2.1144377093920417
2.1145677787363786
2.114697441799436
2.1148266998500125
2.1149555541529423
2.1150840059691114
2.1152120565554684
2.115339707165037
2.115466959046928
2.1155938134463526
2.115720271604632
2.1158463347592136
2.1159720041436785
2.116097280987757
2.116222166517339
2.1163466619544877
2.116470768517448
2.1165944874206626
2.1167178198747814
2.116840767086674
2.116963330259441
2.1170855105924264
2.117207309281229
2.1173287275177146
2.117449766490027
2.1175704273826
2.1176907113761683
2.1178106196477806
2.117930153370809
2.118049313714962
2.1181681018462966
2.118286518927227
2.1184045661165385
2.1185222445693976
2.1186395554373636
2.1187564998684008
2.1188730790068875
2.118989293993629
2.119105145965868
2.1192206360572974
2.119335765398068
2.119450535114803
2.1195649463306068
2.1196790001650765
2.1197926977343142
2.1199060401509358
2.1200190285240827
2.1201316639594343
2.1202439475592154
2.1203558804222102
2.1204674636437715
2.120578698315831
2.120689585526912
2.1208001263621377
2.1209103219032435
2.1210201732285854
2.121129681413154
2.1212388475285824
2.1213476726431564
2.121456157821827
2.121564304126219
2.121672112614643
2.1217795843421037
2.1218867203603122
2.1219935217176946
2.122099989459404
2.12220612462733
2.1223119282601073
2.122417401393128
2.122522545058552
2.122627360285315
2.1227318480991393
2.1228360095225454
2.1229398455748596
2.123043357272226
2.1231465456276157
2.1232494116508356
2.12335195634854
2.1234541807242397
2.1235560857783122
2.1236576725080103
2.1237589419074734
2.123859894967736
2.123960532676738
2.1240608560193346
2.1241608659773057
2.1242605635293637
2.1243599496511676
2.1244590253153275
2.1245577914914175
2.1246562491459837
2.1247543992425535
2.1248522427416456
2.1249497806007804
2.125047013774487
2.1251439432143138
2.125240569868839
2.1253368946836773
2.125432918601491
2.1255286425619992
2.1256240675019864
2.1257191943553115
2.1258140240529166
2.1259085575228385
2.1260027956902143
2.126096739477293
2.1261903898034444
2.1262837475851653
2.1263768137360923
2.1264695891670087
2.1265620747858534
2.1266542714977295
2.1267461802049157
2.1268378018068703
2.1269291372002455
2.1270201872788923
2.12711095293387
2.127201435053456
2.127291634523154
2.127381552225703
2.127471189041084
2.1275605458465314
2.1276496235165396
2.127738422922872
2.127826944934571
2.1279151904179634
2.128003160236672
2.1280908552516222
2.1281782763210515
2.1282654243005172
2.128352300042905
2.1284389043984366
2.1285252382146798
2.1286113023365543
2.128697097606343
2.1287826248636974
2.128867884945647
2.1289528786866088
2.1290376069183923
2.129122070470211
2.129206270168689
2.1292902068378674
2.129373881299216
2.1294572943716386
2.129540446871481
2.1296233396125417
2.129705973406076
2.1297883490608074
2.1298704673829336
2.1299523291761333
2.1300339352415776
2.1301152863779347
2.1301963833813793
2.1302772270455996
2.130357818161805
2.130438157518735
2.1305182459026653
2.1305980840974166
2.1306776728843624
2.130757013042435
2.130836105348136
2.1309149505755403
2.1309935494963077
2.1310719028796865
2.131150011492524
2.1312278760992727
2.131305497461997
2.131382876340383
2.131460013491743
2.131536909671026
2.131613565630823
2.1316899821213737
2.131766159890576
2.1318420996839937
2.13191780224486
2.131993268314088
2.132068498630278
2.1321434939297226
2.1322182549464164
2.132292782412061
2.132367077056074
2.1324411396055942
2.1325149707854907
2.1325885713183683
2.132661941924576
2.132735083322212
2.1328079962271347
2.1328806813529644
2.1329531394110943
2.1330253711106955
2.1330973771587254
2.1331691582599337
2.133240715116868
2.133312048429884
2.133383158897149
2.133454047214651
2.133524714076203
2.133595160173454
2.133665386195891
2.1337353928308493
2.1338051807635168
2.1338747506769424
2.133944103252042
2.134013239167605
2.134082159100301
2.1341508637246878
2.1342193537132146
2.1342876297362325
2.134355692461998
2.1344235425566827
2.1344911806843756
2.1345586075070937
2.134625823684786
2.1346928298753403
2.134759626734591
2.134826214916324
2.1348925950722837
2.134958767852179
2.13502473390369
2.1350904938724744
2.135156048402174
2.1352213981344206
2.1352865437088417
2.1353514857630684
2.13541622493274
2.1354807618515115
2.135545097151058
2.1356092314610833
2.135673165409324
2.1357368996215573
2.1358004347216055
2.1358637713313433
2.1359269100707032
2.135989851557682
2.1360525964083465
2.13611514523684
2.136177498655388
2.1362396572743036
2.136301621701995
2.136363392544969
2.136424970407841
2.136486355893336
2.1365475496022976
2.1366085521336937
2.1366693640846206
2.1367299860503115
2.13679041862414
2.136850662397627
2.1369107179604456
2.136970585900428
2.1370302668035714
2.1370897612540425
2.1371490698341837
2.137208193124519
2.13726713170376
2.13732588614881
2.137384457034772
2.1374428449349527
2.1375010504208687
2.137559074062252
2.1376169164270546
2.137674578081456
2.137732059589867
2.137789361514936
2.137846484417555
2.137903428856864
2.1379601953902565
2.1380167845733866
2.138073196960172
2.138129433102802
2.1381854935517404
2.1382413788557324
2.1382970895618096
2.138352626215296
2.138407989359812
2.13846317953728
2.1385181972879312
2.1385730431503096
2.1386277176612767
2.1386822213560186
2.138736554768049
2.1387907184292163
2.1388447128697083
2.1388985386180566
2.1389521962011426
2.139005686144203
2.1390590089708326
2.139112165202993
2.139165155361015
2.1392179799636044
2.1392706395278474
2.139323134569216
2.1393754656015718
2.139427633137172
2.1394796376866743
2.1395314797591416
2.139583159862047
2.13963467850128
2.1396860361811485
2.1397372334043867
2.1397882706721587
2.139839148484063
2.1398898673381392
2.1399404277308713
2.1399908301571924
2.14004107511049
2.140091163082611
2.1401410945638673
2.140190870043038
2.140240490007378
2.140289954942619
2.140339265332976
2.140388421661152
2.1404374244083435
2.140486274054244
2.1405349710770474
2.140583515953457
2.140631909158686
2.1406801511664635
2.1407282424490393
2.1407761834771892
2.1408239747202185
2.140871616645967
2.1409191097208127
2.140966454409679
2.1410136511760354
2.1410607004819067
2.141107602787872
2.1411543585530737
2.1412009682352204
2.1412474322905917
2.141293751174041
2.141339925339002
2.141385955237494
2.141431841320122
2.1414775840360853
2.141523183833181
2.1415686411578063
2.1416139564549663
2.141659130168275
2.1417041627399613
2.1417490546108744
2.141793806220485
2.1418384180068917
2.1418828904068263
2.1419272238556566
2.141971418787389
2.1420154756346768
2.1420593948288214
2.142103176799777
2.142146821976156
2.1421903307852306
2.142233703652941
2.142276941003895
2.142320043261377
2.1423630108473475
2.1424058441824503
2.142448543686015
2.1424911097760617
2.142533542869306
2.142575843381162
2.142618011725746
2.142660048315881
2.1427019535631016
2.142743727877656
2.1427853716685137
2.1428268853433643
2.142868269308625
2.142909523969446
2.1429506497297095
2.1429916469920376
2.1430325161577954
2.143073257627094
2.143113871798796
2.1431543590705164
2.143194719838631
2.143234954498277
2.1432750634433564
2.143315047066543
2.1433549057592827
2.1433946399118002
2.143434249913101
2.143473736150976
2.143513099012005
2.1435523388815607
2.1435914561438123
2.1436304511817292
2.1436693243770852
2.143708076110461
2.1437467067612506
2.1437852167076614
2.1438236063267206
2.1438618759942782
2.14390002608501
2.143938056972422
2.143975969028853
2.1440137626254803
2.1440514381323217
2.1440889959182394
2.144126436350943
2.1441637597969954
2.144200966621813
2.1442380571896726
2.144275031863713
2.144311891005938
2.1443486349772214
2.144385264137311
2.1444217788448303
2.1444581794572835
2.1444944663310572
2.1445306398214266
2.1445667002825557
2.144602648067504
2.144638483528228
2.1446742070155853
2.1447098188793365
2.1447453194681514
2.144780709129611
2.14481598821021
2.1448511570553612
2.1448862160093998
2.1449211654155835
2.1449560056161006
2.144990736952069
2.145025359763543
2.1450598743895126
2.1450942811679106
2.1451285804356153
2.1451627725284514
2.1451968577811957
2.1452308365275794
2.1452647091002914
2.1452984758309817
2.145332137050265
2.1453656930877227
2.1453991442719076
2.145432490930346
2.145465733389542
2.1454988719749797
2.145531907011127
2.1455648388214383
2.1455976677283575
2.145630394053322
2.1456630181167657
2.1456955402381213
2.145727960735824
2.145760279927315
2.1457924981290444
2.145824615656472
2.1458566328240756
2.145888549945348
2.1459203673328053
2.1459520852979863
2.145983704151457
2.146015224202814
2.1460466457606864
2.1460779691327403
2.1461091946256805
2.1461403225452544
2.146171353196254
2.14620228688252
2.146233123906944
2.1462638645714707
2.1462945091771037
2.146325058023906
2.1463555114110027
2.146385869636586
2.146416132997915
2.1464463017913227
2.1464763763122154
2.1465063568550766
2.146536243713471
2.1465660371800466
2.1465957375465368
2.146625345103764
2.1466548601416426
2.1466842829491823
2.1467136138144887
2.1467428530247687
2.1467720008663322
2.1468010576245953
2.1468300235840814
2.1468588990284267
2.1468876842403817
2.1469163795018127
2.146944985093707
2.1469735012961735
2.1470019283884465
2.1470302666488883
2.1470585163549925
2.1470866777833857
2.14711475120983
2.1471427369092275
2.14717063515562
2.1471984462221956
2.1472261703812876
2.14725380790438
2.1472813590621085
2.147308824124263
2.147336203359792
2.1473634970368027
2.1473907054225667
2.147417828783519
2.147444867385264
2.1474718214925765
2.1474986913694036
2.1475254772788688
2.1475521794832733
2.1475787982441004
2.1476053338220145
2.147631786476868
2.1476581564677013
2.1476844440527456
2.1477106494894254
2.147736773034362
2.147762814943374
2.147788775471482
2.1478146548729105
2.14784045340109
2.147866171308658
2.1478918088474654
2.1479173662685747
2.1479428438222645
2.147968241758033
2.1479935603245974
2.1480187997699005
2.1480439603411092
2.148069042284618
2.1480940458460536
2.148118971270274
2.1481438188013735
2.1481685886826836
2.1481932811567757
2.148217896465465
2.148242434849809
2.148266896550115
2.148291281805938
2.1483155908560865
2.148339823938621
2.1483639812908604
2.1483880631493815
2.1484120697500226
2.1484360013278856
2.148459858117338
2.1484836403520156
2.148507348264823
2.1485309820879404
2.14855454205282
2.1485780283901925
2.1486014413300687
2.1486247811017387
2.1486480479337793
2.148671242054052
2.1486943636897067
2.148717413067184
2.148740390412217
2.1487632959498346
2.1487861299043627
2.148808892499426
2.1488315839579513
2.148854204502169
2.1488767543536156
2.148899233733136
2.148921642860885
2.1489439819563296
2.1489662512382512
2.1489884509247497
2.1490105812332416
2.1490326423804653
2.1490546345824826
2.1490765580546802
2.1490984130117723
2.149120199667802
2.149141918236145
2.1491635689295094
2.14918515195994
2.149206667538818
2.1492281158768662
2.1492494971841483
2.149270811670071
2.1492920595433898
2.1493132410122047
2.149334356283969
2.1493554055654855
2.1493763890629136
2.1493973069817662
2.149418159526916
2.149438946902596
2.1494596693124
2.1494803269592877
2.149500920045584
2.1495214487729815
2.1495419133425435
2.1495623139547053
2.1495826508092764
2.149602924105441
2.1496231340417626
2.1496432808161847
2.149663364626032
2.1496833856680118
2.1497033441382194
2.149723240232136
2.1497430741446326
2.149762846069972
2.1497825562018096
2.1498022047331973
2.1498217918565823
2.1498413177638116
2.1498607826461336
2.1498801866941983
2.149899530098061
2.1499188130471834
2.1499380357304347
2.1499571983360957
2.1499763010518578
2.1499953440648265
2.1500143275615233
2.1500332517278866
2.1500521167492748
2.150070922810467
2.1500896700956655
2.1501083587884966
2.1501269890720134
2.150145561128698
2.1501640751404616
2.150182531288648
2.1502009297540337
2.150219270716831
2.1502375543566905
2.1502557808526994
2.150273950383388
2.1502920631267273
2.150310119260133
2.1503281189604673
2.1503460624040387
2.150363949766606
2.1503817812233788
2.15039955694902
2.1504172771176457
2.15043494190283
2.1504525514776036
2.1504701060144567
2.150487605685341
2.1505050506616716
2.150522441114328
2.1505397772136563
2.1505570591294694
2.1505742870310507
2.1505914610871546
2.1506085814660096
2.1506256483353168
2.1506426618622547
2.1506596222134795
2.150676529555127
2.1506933840528144
2.1507101858716404
2.150726935176189
2.1507436321305304
2.150760276898222
2.1507768696423097
2.1507934105253317
2.1508098997093166
2.1508263373557885
2.150842723625766
2.150859058679766
2.1508753426778027
2.1508915757793914
2.150907758143549
2.1509238899287952
2.150939971293156
2.1509560023941616
2.1509719833888523
2.1509879144337773
2.151003795684996
2.151019627298081
2.151035409428119
2.151051142229713
2.1510668258569816
2.1510824604635634
2.1510980462026166
2.1511135832268202
2.151129071688378
2.1511445117390173
2.1511599035299915
2.151175247212082
2.1511905429355997
2.1512057908503848
2.15122099110581
2.1512361438507823
2.1512512492337423
2.151266307402667
2.151281318505073
2.1512962826880138
2.1513112000980854
2.1513260708814252
2.1513408951837136
2.1513556731501775
2.1513704049255886
2.151385090654267
2.1513997304800827
2.151414324546455
2.151428872996356
2.151443375972313
2.151457833616404
2.151472246070267
2.151486613475096
2.1515009359716437
2.1515152137002245
2.1515294468007125
2.1515436354125472
2.151557779674731
2.1515718797258327
2.1515859357039884
2.1515999477469023
2.1516139159918493
2.151627840575674
2.151641721634795
2.151655559305205
2.151669353722471
2.1516831050217364
2.151696813337723
2.1517104788047323
2.151724101556645
2.151737681726925
2.1517512194486184
2.151764714854356
2.1517781680763552
2.1517915792464186
2.1518049484959385
2.1518182759558964
2.1518315617568646
2.1518448060290076
2.1518580089020842
2.1518711705054465
2.151884290968043
2.15189737041842
2.1519104089847216
2.151923406794692
2.151936363975677
2.1519492806546228
2.1519621569580805
2.1519749930122063
2.1519877889427614
2.1520005448751145
2.152013260934243
2.1520259372447326
2.1520385739307826
2.1520511711162014
2.152063728924412
2.152076247478452
2.1520887269009745
2.15210116731425
2.152113568840166
2.15212593160023
2.15213825571557
2.1521505413069355
2.152162788494698
2.152174997398855
2.1521871681390277
2.152199300834463
2.152211395604038
2.1522234525662554
2.1522354718392496
2.1522474535407854
2.15225939778826
2.152271304698704
2.152283174388782
2.1522950069747937
2.1523068025726775
2.152318561298008
2.1523302832659987
2.152341968591504
2.1523536173890196
2.152365229772683
2.1523768058562753
2.152388345753222
2.152399849576595
2.1524113174391126
2.1524227494531414
2.152434145730696
2.152445506383442
2.152456831522696
2.1524681212594268
2.152479375704256
2.1524905949674618
2.1525017791589747
2.1525129283883846
2.1525240427649375
2.1525351223975386
2.1525461673947532
2.1525571778648076
2.152568153915589
2.152579095654649
2.1525900031892022
2.1526008766261286
2.1526117160719744
2.1526225216329533
2.152633293414946
2.1526440315235047
2.152654736063849
2.152665407140873
2.15267604485914
2.15268664932289
2.1526972206360337
2.15270775890216
2.152718264224534
2.1527287367060968
2.1527391764494688
2.1527495835569495
2.1527599581305195
2.1527703002718406
2.1527806100822566
2.1527908876627952
2.1528011331141683
2.152811346536773
2.1528215280306933
2.1528316776957
2.152841795631253
2.1528518819365012
2.152861936710283
2.1528719600511295
2.152881952057262
2.1528919128265978
2.152901842456745
2.1529117410450107
2.152921608688394
2.1529314454835937
2.152941251527005
2.152951026914724
2.1529607717425447
2.152970486105962
2.152980170100174
2.152989823820079
2.1529994473602816
2.1530090408150886
2.1530186042785138
2.153028137844277
2.153037641605804
2.1530471156562303
2.1530565600883995
2.1530659749948655
2.153075360467894
2.1530847165994604
2.1530940434812544
2.1531033412046794
2.153112609860852
2.1531218495406055
2.153131060334488
2.153140242332767
2.1531493956254253
2.1531585203021666
2.153167616452414
2.1531579494694832
2.153132698217495
2.153096567263672
2.153053393876123
2.1530060259974784
2.1529565182980077
2.15290633417254
2.1528565053964064
2.152807750512293
2.1527605609881215
2.1527152636463973
2.1526720659360747
2.1526310888494264
2.1525923909310896
2.152555985842926
2.1525218552475787
2.1524899582767523
2.152460238497608
2.152432629039474
2.1524070563632938
2.152383443026886
2.152361709705515
2.152341776659261
2.1523235647889383
2.1523069963858585
2.1522919956538265
2.1522784890618594
2.1522664055713623
2.152255676770495
2.1522462369402455
2.1522380230706077
2.152230974840638
2.1522250345727234
2.152220147168788
2.1522162600342187
2.15221332299381
2.152211288202931
2.152210110056266
2.1522097450958726
2.152210151919803
2.1522112910922018
2.152213125055506
2.15221561804519
2.1522187360073306
2.1522224465191737
2.1522267187127864
2.1522315232018285
2.1522368320114267
2.152242618511106
2.1522488573507084
2.152255524399215
2.152262596686379
2.152270052347065
2.152277870568194
2.1522860315381855
2.152294516398794
2.1523033071992344
2.1523123868524983
2.152321739093755
2.1523313484407507
2.152341200156108
2.1523512802114357
2.1523615752531717
2.1523720725700684
2.1523827600622445
2.1523936262117376
2.152404660054469
2.1524158511535734
2.152427189574008
2.152438665858395
2.152450271004032
2.1524619964410108
2.152473834011399
2.152485775949428
2.1524978148626364
2.152509943713932
2.152522155804519
2.1525344447576478
2.152546804503161
2.1525592292627795
2.1525717135361044
2.152584252087296
2.1525968399323996
2.152609472327282
2.1526221447561547
2.1526348529206514
2.152647592729436
2.152660360288311
2.1526731518908084
2.1526859640092306
2.152698793286134
2.1527116365262144
2.152724490688592
2.1527373528794675
2.152750220345134
2.152763090465325
2.1527759607468884
2.1527888288177586
2.1528016924212316
2.152814549410503
2.1528273977434824
2.152840235477849
2.1528530607663514
2.152865871852331
2.152878667065464
2.152891444817707
2.1529042035994372
2.152916941975782
2.1529296585831204
2.1529423521257574
2.152955021372756
2.1529676651549208
2.1529802823619293
2.152992871939599
2.1530054328872845
2.1530179642554015
2.1530304651430687
2.1530429346958635
2.1530553721036827
2.1530677765987085
2.1530801474534673
2.1530924839789876
2.153104785523039
2.1531170514684583
2.1531292812315566
2.153141474260599
2.1531536300343586
2.153165748060737
2.1531778278754525
2.1531898690407894
2.1532018711444048
2.1532138337981945
2.15322575663721
2.153237639318627
2.1532494815207643
2.1532612829421436
2.1532730433006
2.1532847623324285
2.153296439791574
2.153308075448855
2.1533196690912293
2.1533312205210864
2.1533427295555794
2.153354196025983
2.153365619777085
2.1533770006666
2.1533883385646164
2.153399633353066
2.153410884925215
2.1534220931851844
2.1534332580474858
2.1534443794365816
2.153455457286465
2.153466491540258
2.1534774821498277
2.15348842907542
2.1534993322853087
2.1535101917554607
2.1535210074692186
2.153531779416992
2.1535425075959664
2.1535531920098245
2.1535638326684774
2.15357442958781
2.1535849827894364
2.153595492300465
2.153605958153275
2.1536163803853037
2.153626759038837
2.1536370941608167
2.153647385802651
2.1536576340200333
2.15366783887277
2.153678000424614
2.153688118743108
2.1536981938994306
2.1537082259682494
2.1537182150275824
2.1537281611586634
2.1537380644458124
2.153747924976312
2.1537577428402876
2.1537675181305955
2.153777250942711
2.153786941374623
2.153796589526734
2.1538061955017627
2.1538157594046483
2.153825281342463
2.153834761424323
2.1538441997613065
2.1538535964663734
2.153862951654286
2.1538722654415396
2.1538815379462832
2.1538907692882576
2.153899959588724
2.153909108970402
2.153918217557407
2.153927285475191
2.1539363128504836
2.1539452998112383
2.1539542464865766
2.153963153006739
2.1539720195030316
2.153980846107781
2.153989632954284
2.1270205541685727
2.0787531588396204
2.016151090274471
1.944154230530168
1.8661621607675338
1.7845502857908861
1.7009983426593833
1.6167003885548157
1.5325053602129834
1.4490143490849854
1.3666488703121433
1.285700006768176
1.206363630735147
1.1287664209842319
1.0529843575269708
0.9790568173442367
0.906996811197489
0.8367984106193068
0.7684421629832232
0.7018992607498594
0.6371342900062863
0.5741072461407947
0.5127757415963097
0.4530961696443923
0.39502436882633934
0.33851633936790454
0.28352866976029306
0.2300187670550973
0.17794498166676093
0.12726684545783062
0.07794516071169286
0.029942033874726534
-0.016779665385878745
-0.062255872765814034
-0.10652126672517764
-0.14960899622458945
-0.19155084592158814
-0.23237735524461212
-0.27211790504980676
-0.3108007885136922
-0.348453280084906
-0.38510170853752296
-0.42077148827215793
-0.45548748830198055
-0.4892737091415206
-0.5221531907577603
-0.5541481191249448
-0.5852800189116606
-0.6155697362017165
-0.6450373996241736
-0.6737025825927176
-0.7015842759506168
-0.7287008113945904
-0.7550699012863467
-0.7807086840292309
-0.8056339617709461
-0.8298620758113021
-0.8534087825001604
-0.8762893230791744
-0.898518483427478
-0.9201108005519648
-0.9410803232993277
-0.9614406465626978
-0.9812049604567634
-1.0003860860991456
-1.0189965025402004
-1.0370484165286231
-1.0545536860850466
-1.0715238653150012
-1.0879702220560248
-1.103903750193557
-1.1193351799579891
-1.1342749964032244
-1.1487334793273312
-1.1627206605189009
-1.1762463226686504
-1.189320010781696
-1.2019510441369214
-1.2141485265981007
-1.2259213553439443
-1.2372782283984392
-1.2482276512894082
-1.2587779430718098
-1.2689372418787006
-1.2787135101102258
-1.2881145393351314
-1.297147954955136
-1.3058212206664304
-1.3141416427418828
-1.3221163741506106
-1.3530917022982407
-1.4019257893613424
-1.4625825483568036
-1.5308626240579093
-1.603911873790841
-1.6797521541609415
-1.7569916508467343
-1.8346442945659311
-1.9120113847707776
-1.9885983812541805
-2.0640581654968684
-2.138151250117635
-2.2107159352767605
-2.2816481585879163
-2.3508865084239083
-2.4183985911264263
-2.484173103472082
-2.5482141132599896
-2.610536752793482
-2.6711641716609753
-2.7301260010616524
-2.787456188647043
-2.8431910566331045
-2.8973675360408806
-2.9500225880492144
-3.001192920288756
-3.050915394236052
-3.099226897229257
-3.146162758662234
-3.1917580398505434
-3.236046935075278
-3.2790621670077864
-3.3420475678093897
-3.420130725869381
-3.507783836982696
-3.6012230225617725
-3.6979122715830206
-3.796114492194939
-3.9151136047429715
-4.0491164463777665
-4.192047279532687
-4.339763093410204
-4.4894917742944385
-4.6393572038759485
-4.78807399118884
-4.934764325254825
-5.078843394695972
-5.2199252611471625
-5.3577683636824185
-5.492234454498461
-5.623256134161202
-5.750814147176014
-5.874928164016669
-5.995644393377147
-6.113026125713601
-6.22714969430018
-6.338100024365877
-6.445961518302979
-6.550816930495003
-6.652749947292783
-6.751847467527633
-6.848194761596638
-6.941872804713492
-7.032958159885747
-7.1215255420653065
-7.207649303161702
-7.291401749658224
-7.372849545802161
-7.452058765618956
-7.529091819965751
-7.604006999340698
-7.676859801260218
-7.747706673595872
-7.81660095484369
-7.88359211262196
-7.948726648411597
-8.012048934537713
-8.073601976369574
-8.133428813624285
-8.19157280740415
-8.248075536779686
-8.302977815517893
-8.356317406947854
-8.408129613673722
-8.458447917059674
-8.50730438181765
-8.554730005377836
-8.600754838054113
-8.645410225068963
-8.688726097922501
-8.730730817095317
-8.771451534348648
-8.810915953472346
-8.865441096245872
-8.931144015138052
-9.003886501787916
-9.080916876699236
-9.160413221681258
-9.241121256279442
-9.322158740155347
-9.402895487839924
-9.482878719156743
-9.561782008116372
-9.639370369910896
-9.715477749208244
-9.789990576554723
-9.862831183535157
-9.933949941872818
-10.003319395236085
-10.070927756429894
-10.136777618127507
-10.200876758291425
-10.263239030623506
-10.323883874279092
-10.397930270467668
-10.48173314890807
-10.571476208085272
-10.66464531294213
-10.759579262597853
-10.855138601917606
-10.950520938885234
-11.045152422564001
-11.13862395756117
-11.230648120182893
-11.321024159378126
-11.409606108373561
-11.49629077794854
-11.581009344379716
-11.663719819560312
-11.744401386596877
-11.82304740306016
-11.899662367076377
-11.974259865878233
-12.046865360856074
-12.11751011244863
-12.186227035053072
-12.25304932528069
-12.318010976706686
-12.381145128298161
-12.442490672807189
-12.50208514468853
-12.55996455885101
-12.616163990772021
-12.670717869237937
-12.723660021249538
-12.775025671142274
-12.824850966814825
-12.873169476570402
-12.920011490127028
-12.96540612367424
-13.009382001327392
-13.051968165477103
-13.093195487777336
-13.133091241623452
-13.17168131057356
-13.208990682348638
-13.245043691850874
-13.279864204657684
-13.313475554784825
-13.345900491312705
-13.37716116992443
-13.407279425484758
-13.436276803715643
-13.464174194551289
-13.490991754443936
-13.516749627178045
-13.541468807497816
-13.565168037874788
-13.58786611245961
-13.609580863664343
-13.630328900582946
-13.65012609360726
-13.668987796243735
-13.686928969248285
-13.703964253685028
-13.720108020999955
-13.73537440823776
-13.74977731319897
-13.763330391319917
-13.776047057074955
-13.787940487185333
-13.799023631046945
-13.809309210989808
-13.818809721148703
-13.827537428887283
-13.83550437791951
-13.842722392432261
-13.849203081853739
-13.854957846043801
-13.859997885951445
-13.864334243358991
-13.867977776686521
-13.870939143675553
-13.873228800625988
-13.874857010124199
-13.889098186467805
-13.913008771862211
-13.943463151171084
-13.978392526188264
-14.016403559278611
-14.056508354466052
-14.097978977539613
-14.140261045559537
-14.182924844954005
-14.225632839945293
-14.268117413469064
-14.310162852823503
-14.351596558947582
-14.392280999599153
-14.432106798164813
-14.47098987211546
-14.508864063275537
-14.54567711481817
-14.581388856903507
-14.615969526224871
-14.649398026096968
-14.681662683857683
-14.712758890323128
-14.742685327893104
-14.771443622533736
-14.799038160768514
-14.825475829453293
-14.850765708956379
-14.874918010178554
-14.897944028928967
-14.919857015000497
-14.940671706804915
-14.960403889124793
-14.979070075178987
-14.996687272918802
-15.013272806074854
-15.028845885678383
-15.043424685332871
-15.057026634497758
-15.069668853235175
-15.081368236739973
-15.092141469828197
-15.102005067708511
-15.110975319194196
-15.119068252070104
-15.126299613126244
-15.132684855928185
-15.138239133374334
-15.142977293506286
-15.146913877706945
-15.15006312079606
-15.152438952724093
-15.154055001650146
-15.154924598223095
-15.155060780898877
-15.154476304661891
-15.153183657672948
-15.163870059116606
-15.18380899544097
-15.210089866269346
-15.240786402454189
-15.274595845753796
-15.310586018797872
-15.34806097870938
-15.398902296237974
-15.459906279792149
-15.527804260133559
-15.600373233792446
-15.67606967813142
-15.75376524911363
-15.832603211208557
-15.91191756507849
-15.991190906870068
-16.070006010904525
-16.14804271375071
-16.22503731851808
-16.300775704777294
-16.375084039678633
-16.447824184973292
-16.518889226574704
-16.588192272767895
-16.65566959064778
-16.721278557839103
-16.784993315623215
-16.84680212013709
-16.90670363845296
-16.964703152307838
-17.02081287279713
-17.07505393426141
-17.12745160952185
-17.178035679317677
-17.226838560621577
-17.27389312175216
-17.319232783225157
-17.36289167545662
-17.404902840435273
-17.445298860098266
-17.48411280437489
-17.52137818293858
-17.55712857452057
-17.591397472902795
-17.624218207979826
-17.655625000983886
-17.685650336425514
-17.714325584303264
-17.74168002041271
-17.767741681716437
-17.792538921756375
-17.8160999857619
-17.838452589197416
-17.85962369525647
-17.879639418439467
-17.898524992955064
-17.916304773161926
-17.933002249860056
-17.948640075025693
-17.963239633180763
-17.97682141130527
-17.989405348482897
-18.001010866966855
-18.01165700013998
-18.021363578072734
-18.03014846074877
-18.038028594428116
-18.04502020513414
-18.051138915677534
-18.05639983020326
-18.06081758206972
-18.064406363353534
-18.067179946491084
-18.06915170233343
-18.07033461637086
-18.070741303942444
-18.070384024844294
-18.069274697549936
-18.0674249131471
-18.06484594903562
-18.061548782398816
-18.057544103444236
-18.05284232840246
-18.04745361227016
-18.04138786128437
-18.034654745116747
-18.027263305026157
-18.019222044888828
-18.010539334711968
-18.001223484915183
-17.991281673676916
-17.980721771544577
-17.969551278750476
-17.95777758941625
-17.945408087731984
-17.93245012453378
-17.918910996378095
-17.904797933078893
-17.890118091322762
-17.87487855236238
-17.85908632247054
-17.84274833528513
-17.825871455457627
-17.808462483199325
-17.79052815944103
-17.77207517140562
-17.753110158446393
-17.73364116436269
-17.71367519729959
-17.693218760245003
-17.67227812277766
-17.650859441064622
-17.62896881799165
-17.606612339066935
-17.583795849787162
-17.560520629702125
-17.53678829202581
-17.512602219111592
-17.48796702930492
-17.462888014951176
-17.43737085835957
-17.411421470670682
-17.385045908055837
-17.358250329742855
-17.33104097412165
-17.303424229379043
-17.27540661773675
-17.246994735214262
-17.218195207927042
-17.18901467444112
-17.159459785101085
-17.129537209449143
-17.09925227943138
-17.068604830534337
-17.037596654800183
-17.00612097654566
-16.974202976683006
-16.941879118216004
-16.909178215241884
-16.876122311151917
-16.842729125927367
-16.80901337737175
-16.774992020664474
-16.740679725950695
-16.706087956197354
-16.671226010963014
-16.636101860231648
-16.600721560463263
-16.565084229616378
-16.529191034127034
-16.493045246619854
-16.45665149645478
-16.42001530209757
-16.383143044932723
-16.346041491009327
-16.30871756179191
-16.271178285954626
-16.233433828731727
-16.19549427479253
-16.15736786135086
-16.119061963638657
-16.08058056608831
-16.04192342529019
-16.003092390069533
-15.96409114319847
-15.924930299770494
-15.88561692644707
-15.846157409450148
-15.80655821726536
-15.766825905935455
-15.726967065268713
-15.686988295483816
-15.646896212883403
-15.606697516626022
-15.56639749804158
-15.52599780922204
-15.485507256086965
-15.444937646943496
-15.40429661543952
-15.363589856291702
-15.32282224306898
-15.281998845561766
-15.241124997687985
-15.200206037240081
-15.15924754994364
-15.118255112178288
-15.07723421542847
-15.03618836704944
-14.99511859055252
-14.954028155494916
-14.91292645060734
-14.871819143028235
-14.830711165024674
-14.789607172809598
-14.748511696929738
-14.707430948404731
-14.666374503052408
-14.625348895772673
-14.58435909559716
-14.543409243157392
-14.502501483293523
-14.461636578531849
-14.420815983376118
-14.380041808314704
-14.339316514543984
-14.298642756185123
-14.258026680864598
-14.217474720310072
-14.176991830471003
-14.1365818808997
-14.096248349888624
-14.055994825732462
-14.01582456023423
-13.9757395626899
-13.935745356029498
-13.895850465411675
-13.856057699271863
-13.816367665769
-13.776780049170188
-13.737294172414064
-13.69790928305398
-13.65862469680923
-13.619440059231914
-13.58035526055812
-13.541370308727199
-13.502485326131534
-13.463701054486192
-13.42501818959176
-13.38643909765729
-13.347966114211864
-13.309600787122713
-13.271343916376424
-13.233195765233893
-13.19515623803686
-13.157225601939924
-13.11940741002956
-13.081702258217977
-13.044110719022505
-13.006634748284263
-12.969274496099025
-12.93203241013705
-12.894908461505171
-12.857900880998859
-12.821007959683522
-12.784229545122768
-12.747565224087708
-12.711014017372806
-12.674574516469612
-12.638244984286654
-12.60202356101312
-12.565908316419213
-12.52989728604688
-12.49398859451524
-12.45818049008744
-12.422471337700967
-12.386859614163484
-12.351348458585544
-12.31593906931055
-12.280630630844856
-12.245421428127763
-12.210311043216427
-12.175299062917897
-12.140384399159801
-12.105566196414522
-12.070843396449316
-12.036214525025185
-12.00167778471601
-11.9672312013192
-11.932876021729408
-11.898611110381959
-11.864434634886422
-11.830345724081221
-11.796347031673355
-11.762438929434547
-11.728620144010659
-11.694888556579045
-11.661241698232999
-11.627677589587618
-11.59419604315878
-11.560799351336847
-11.527487079009598
-11.494257479634067
-11.461108243989113
-11.428037455255986
-11.395043238950462
-11.362123633625938
-11.329276636633033
-11.312678120772741
-11.309205260920816
-11.315238711187913
-11.328279666100284
-11.346572009535734
-11.36881192748591
-11.393991689498607
-11.421311535501891
-11.45012554932229
-11.479906129860797
-11.510219564057815
-11.540707577698724
-11.571075201025192
-11.601081864174425
-11.63052739107639
-11.65924637387739
-11.687104790895775
-11.713994459180674
-11.739828648561254
-11.764539268394325
-11.788074406900833
-11.810396131273903
-11.831478507429502
-11.851305817917961
-11.869870990856176
-11.887174229436022
-11.903221820012083
-11.91802509700635
-11.931599545081529
-11.943964020432837
-11.955140080154841
-11.965151405354487
-11.97402330656676
-11.981782320218024
-11.988456087258788
-11.99407328084771
-11.998662448581594
-12.002251910432701
-12.004869851991385
-12.006543929142016
-12.00730121004231
-12.007168256973062
-12.00617112030947
-12.004335315352963
-12.001685796019753
-11.998246930373801
-11.994042637698472
-11.989096304850074
-11.983430570558378
-11.977067449530654
-11.970028468267454
-11.962334824693302
-11.954007141088294
-11.945065214159632
-11.93552801997519
-11.925413780844888
-11.914740029643566
-11.903523662488226
-11.891780981519625
-11.879527730761165
-11.866779126574103
-11.86908053264332
-11.883303517069667
-11.90588159718716
-11.93437213105559
-11.967081874651207
-12.00277869498104
-12.040532207911001
-12.094806080727372
-12.161816746883547
-12.237517419977832
-12.319094211212157
-12.404563661942893
-12.49246116551244
-12.581674444385538
-12.671342295721644
-12.760791732555592
-12.849493794546252
-12.937031747724276
-13.02307921526397
-13.107390789659878
-13.189779939185014
-13.270100532327465
-13.348244428968338
-13.42413392263526
-13.49772101773343
-13.568979469252012
-13.637899203110948
-13.704483742581361
-13.768750755819074
-13.830727732156296
-13.890447390588646
-13.947944054483129
-14.003257097920795
-14.056430537873268
-14.107516592695086
-14.156564717033389
-14.203624423518534
-14.248745752104073
-14.291978779199328
-14.333373456973915
-14.372979329322755
-14.410845202792315
-14.447016726893569
-14.481539166330574
-14.514459868353969
-14.545823866765083
-14.575673906527024
-14.604051107691047
-14.63099622212796
-14.656550261525279
-14.680751529666335
-14.703636051710431
-14.725238052169377
-14.745590267879741
-14.764724144332003
-14.782669961829079
-14.799456920352215
-14.815113200208863
-14.829666017179578
-14.843141661079223
-14.855565524309553
-14.866962128480495
-14.877355152279332
-14.886767460825059
-14.895221135950647
-14.902737506856385
-14.909337180734138
-14.915040073093643
-14.919865437606584
-14.92383189533636
-14.92695746325535
-14.92925958197553
-14.930755142636944
-14.93146051291396
-14.931391562112305
-14.93056368534111
-14.928991826753759
-14.926690501859593
-14.923673818915132
-14.91995549940923
-14.915548897660939
-14.910467019639444
-14.904722540906697
-14.898327823647733
-14.891294932858685
-14.883635651777572
-14.875361496631093
-14.866483730727929
-14.85701337791614
-14.84696123553262
-14.836337886751352
-14.825153712263385
-14.813418901317373
-14.801143462185745
-14.814665321587688
-14.84841876390982
-14.896345093253542
-14.954386245039446
-15.019769169442728
-15.09048910028548
-15.165033415589383
-15.242225710496369
-15.321133721989836
-15.401016139345064
-15.481269188431622
-15.56139692035541
-15.640987178475688
-15.719705042055326
-15.797278161712146
-15.87348746490534
-15.948162394778027
-16.021172833170354
-16.092415332868
-16.161815624442955
-16.22931305910069
-16.29486237034104
-16.358432864994978
-16.420007579358565
-16.479581503418373
-16.537159548966418
-16.592754641312332
-16.646381037800975
-16.698059802805666
-16.747818204503908
-16.795687606859172
-16.841700963010748
-16.885896403633613
-16.928312402660957
-16.968988027294152
-17.007962776390677
-17.045277496741555
-17.08097630325991
-17.115103004696014
-17.147699519695735
-17.178804461544985
-17.20845263907897
-17.236676700984834
-17.263509259245353
-17.28898252953027
-17.31312810182524
-17.335976841224213
-17.35755816163562
-17.377900482743375
-17.408252642154462
-17.4461601150458
-17.48905565921858
-17.535260131551105
-17.58364870592208
-17.633422272547953
-17.683989619109898
-17.734899626249295
-17.78579741084967
-17.836398547185794
-17.886476698078244
-17.93584919402324
-17.984368193195298
-18.031914898922693
-18.07839932211978
-18.12374955768845
-18.167907122315608
-18.21082628788206
-18.25247237185504
-18.29282022030124
-18.33185738117063
-18.3695778022516
-18.40597651949702
-18.44105284727975
-18.47481054762196
-18.50725479081528
-18.538393314618187
-18.568236231045535
-18.596795983699995
-18.62408701360547
-18.650125299203374
-18.674927995751105
-18.698513309908915
-18.720900265167717
-18.742108242993744
-18.762156797827032
-18.781065551531977
-18.798854149956092
-18.81554221445616
-18.831149221292144
-18.84569445016815
-18.859196935798124
-18.871675391223388
-18.883148146998536
-18.893633116520512
-18.903147779932418
-18.91170917861659
-18.919333915117576
-18.92603815672089
-18.93183765527384
-18.936747752088834
-18.940783375173407
-18.943959038499244
-18.94628884595756
-18.94778649915277
-18.94846530760771
-18.948338200306196
-18.947417737917597
-18.945716125335
-18.94324522432559
-18.9400165661822
-18.936041364312892
-18.93133052673064
-18.925894668423435
-18.919744123634075
-18.912888957872816
-18.905338979820975
-18.89710375305977
-18.88819260761965
-18.87861465134894
-18.868378781099462
-18.857493693726674
-18.845967896903428
-18.833809719747208
-18.821027323261774
-18.80762871059502
-18.793621737115608
-18.77901412031143
-18.763813449520992
-18.74802719549531
-18.73166271978637
-18.7147256361663
-18.697220734388907
-18.679153628910232
-18.660530494304297
-18.641356130021666
-18.621635626561492
-18.601374645308486
-18.580579426874234
-18.559257366584383
-18.537415112104306
-18.515058830703552
-18.492194504952487
-18.468828053651112
-18.444965373297016
-18.420612355723303
-18.395774899479292
-18.37045891935119
-18.34467044697788
-18.318415727280946
-18.291700981207665
-18.26453238374419
-18.23691152754564
-18.20884133264675
-18.180325059342685
-18.15136554699583
-18.121966530580103
-18.09213270498096
-18.061869616840237
-18.031183315374346
-18.00008365559897
-17.968581099109578
-17.936689758711875
-17.904417875228706
-17.871771798881223
-17.838757250543733
-17.8053823922937
-17.771653480240932
-17.737570866590683
-17.70313477429119
-17.668345196258006
-17.633203706033406
-17.597713453285248
-17.561878786409792
-17.525704923240962
-17.489197675645535
-17.452363349058665
-17.415208896692942
-17.37774167713578
-17.339969255508596
-17.301899321682924
-17.26353966830083
-17.224892995945616
-17.185959473081233
-17.14674150761601
-17.107243821037105
-17.067473663164883
-17.027441824702624
-16.987157407012162
-16.94663113356277
-16.905876398192895
-16.864902101271664
-16.82371639367229
-16.782327217032602
-16.74074239500236
-16.69896892423573
-16.657010966635614
-16.614872903440357
-16.572559610082997
-16.530076442153465
-16.487429305092405
-16.44462521639703
-16.40167177846031
-16.358576861054143
-16.315348487884442
-16.271998732534392
-16.2285386262116
-16.184973477866006
-16.141303747401178
-16.097532155950272
-16.053663330611766
-16.009703119966257
-15.965658185411073
-15.921541772936756
-15.877364720507611
-15.833135529845853
-15.78886188830531
-15.744551249946893
-15.700211058795853
-15.655845947396955
-15.611456430652531
-15.5670456450029
-15.522619454977862
-15.478190727259042
-15.433773192931191
-15.38937649594632
-15.345008340802941
-15.300675330331675
-15.256383194434239
-15.212137076914546
-15.167941800065195
-15.12380102078078
-15.079714423679496
-15.035683289904227
-14.991710319976628
-14.947800420281997
-14.903963692763105
-14.860205919645969
-14.816531770514823
-14.772945634407826
-14.729454876370237
-14.686068141906134
-14.642790707405876
-14.599626644370131
-14.556575779517438
-14.513637893318169
-14.47081339102189
-14.428103075173023
-14.385507998196962
-14.343029442807419
-14.300668913526167
-14.25842834630147
-14.216314563589217
-14.174332423992622
-14.132485738121254
-14.090777669759138
-14.049210558626795
-14.00778493341611
-13.96650117244192
-13.925368780155898
-13.884390947786281
-13.843567206092237
-13.802895729773297
-13.762374162838753
-13.72200001325019
-13.681770861878237
-13.641684461907552
-13.601738875335117
-13.561932588440289
-13.522264261603386
-13.482732569272475
-13.443338177544673
-13.404082355127626
-13.364965649038284
-13.325987862277294
-13.287148249074889
-13.248445668665251
-13.209878706058412
-13.171446577740133
-13.133151622629933
