-65.0
-64.97856871015354
-64.95790036060912
-64.93793570777528
-64.91865343753717
-64.90004686424
-64.88210939481053
-64.86482969429228
-64.84819117659477
-64.83217291714908
-64.81675084761171
-64.8018988576442
-64.78758970870895
-64.77379575642223
-64.76048950400173
-64.74764401421736
-64.73523320583209
-64.72323205741856
-64.71161673814693
-64.7003646819469
-64.68945461849346
-64.6788665720443
-64.66858183686274
-64.65858293614325
-64.64885356981702
-64.63937855535701
-64.63014376471388
-64.62113605970174
-64.61234322752894
-64.60375391768346
-64.59535758100866
-64.58714441152078
-64.57910529130592
-64.57123173867741
-64.56351585965076
-64.55595030271625
-64.548528216829
-64.54124321249571
-64.53408932581084
-64.52706098527828
-64.52015298124991
-64.5133604378072
-64.50667878691557
-64.50010374468569
-64.49363128958258
-64.48725764243036
-64.48097924807377
-64.4747927585579
-64.46869501770377
-64.46268304696335
-64.45675403244694
-64.45090531302348
-64.4451343694025
-64.43943881411401
-64.43381638230919
-64.42826492331069
-64.42278239284813
-64.4173668459194
-64.41201643022369
-64.40672938011687
-64.40150401104397
-64.39633871440758
-64.39123195283462
-64.38618225580727
-64.38118821562668
-64.37624848368112
-64.3713617669929
-64.36652682502019
-64.36174246669228
-64.35700754763276
-64.35232096753847
-64.34768166780259
-64.3430886293302
-64.33854087050904
-64.33403744531405
-64.3295774415333
-64.32515997910545
-64.32078420856115
-64.31644930956104
-64.31215448952331
-64.307898982335
-64.30368204714064
-64.29950296720281
-64.2953610488297
-64.29125562036457
-64.28718603123278
-64.2831516510425
-64.27915186873508
-64.27518609178183
-64.27125374542382
-64.26735427195197
-64.2634871300246
-64.25965179402
-64.25584775342166
-64.25207451223416
-64.24833158842769
-64.24461851340945
-64.24093483152016
-64.23728009955434
-64.23365388630272
-64.23005577211569
-64.22648534848635
-64.22294221765216
-64.2194259922142
-64.21593629477283
-64.21247275757919
-64.20903502220133
-64.20562273920444
-64.20223556784438
-64.19887317577378
-64.19553523876007
-64.19222144041498
-64.18893147193474
-64.18566503185053
-64.1824218257889
-64.17920156624125
-64.17600397234246
-64.17282876965777
-64.16967568997785
-64.16654447112164
-64.16343485674649
-64.16034659616538
-64.15727944417094
-64.15423316086581
-64.15120751149938
-64.14820226631022
-64.14521720037439
-64.14225209345908
-64.13930672988147
-64.14572771225228
-64.15933321314874
-64.17852237170986
-64.20213984281305
-64.22933592295966
-64.25946817315499
-64.29285547670379
-64.33010245432892
-64.37173850947877
-64.41811077546993
-64.46968848601827
-64.5269828882284
-64.59041332924079
-64.66023043509581
-64.73649763123169
-64.81910761355688
-64.90781381312084
-65.00226485852112
-65.10203616826482
-65.20665646410303
-65.31562888281516
-65.4284471999419
-65.54460795812092
-65.66361931178217
-65.78500730496933
-65.908320174029
-66.03313114647045
-66.15904010329632
-66.28567438822691
-66.41268898061145
-66.53976619780315
-66.66661505312334
-66.79297036714016
-66.91859170722222
-67.04326221206243
-67.16678734495905
-67.28899360920234
-67.4097272518539
-67.52885297537736
-67.64625267210076
-67.76182419263266
-67.87548015634302
-67.98714680929164
-68.09676293403683
-68.20427881400741
-68.30965525330106
-68.41286265216864
-68.5138801378791
-68.61269474990577
-68.70930067812215
-68.80369855234429
-68.89589478132262
-68.98590093914144
-69.0737331968128
-69.15941179682416
-69.24296056843849
-69.32440648146502
-69.40377923602006
-69.48111088637394
-69.55643549688982
-69.62978882788684
-69.70120804932735
-69.77073148042612
-69.83839835338077
-69.90424859950332
-69.96832265612163
-70.03066129271475
-70.0913054548101
-70.15029612426552
-70.20767419466361
-70.26348036059947
-70.31775501973546
-70.37053818656312
-70.42186941682579
-70.47178774177215
-70.52033161133883
-70.56753884546855
-70.61344659282959
-70.65809129625576
-70.70150866428072
-70.7437336481575
-70.7848004238451
-70.8247423784615
-70.86359210074859
-70.90138137512945
-70.93814117895904
-70.97390168257247
-71.00869225193811
-71.04254145357251
-71.07547706141835
-71.10752606543672
-71.13871468167095
-71.16906836359829
-71.19861181458191
-71.22736900125696
-71.25536316769961
-71.28261685024312
-71.30915189281772
-71.33498946270372
-71.36015006659773
-71.38465356690494
-71.40851919818213
-71.43176558363199
-71.45441075162478
-71.47647215217242
-71.49796667330712
-71.51891065732191
-71.53931991683551
-71.55920975064899
-71.57859495936609
-71.59748986075313
-71.61590830481832
-71.63386368859332
-71.6513689706033
-71.66843668501413
-71.68507895544793
-71.70130750846046
-71.71713368667629
-71.73256846158067
-71.747622445957
-71.76230590597928
-71.77662877295899
-71.79060065474826
-71.80423084680208
-71.81752834290427
-71.83050184556008
-71.84315977606121
-71.85551028422947
-71.86756125784501
-71.87932033176575
-71.89079489674434
-71.90199210794995
-71.91291889320196
-71.92358196092295
-71.93398780781827
-71.94414272628985
-71.95405281159138
-71.9637239687325
-71.97316191913939
-71.98237220707914
-71.9913602058551
-72.00013112378052
-72.00869000993744
-72.0170417597276
-72.02519112022331
-72.03314269532352
-72.04090095072243
-72.04847021869682
-72.05585470271846
-72.06305848189766
-72.07008551526391
-72.07693964588938
-72.08362460486089
-72.09014401510576
-72.09650139507696
-72.10270016230243
-72.1087436368039
-72.1146350443896
-72.12037751982592
-72.12597410989217
-72.13142777632302
-72.13674139864276
-72.14191777689534
-72.14695963427438
-72.1518696196565
-72.15665031004204
-72.16130421290643
-72.16583376846576
-72.1702413518596
-72.17452927525449
-72.17869978987086
-72.18275508793693
-72.18669730457124
-72.19052851959717
-72.19425075929225
-72.19786599807463
-72.2013761601291
-72.20478312097477
-72.20808870897697
-72.21129470680523
-72.21440285283953
-72.21741484252674
-72.22033232968933
-72.22315692778783
-72.22589021113916
-72.22853371609224
-72.23108894216267
-72.23355735312796
-72.23594037808485
-72.23823941247012
-72.24045581904633
-72.24259092885377
-72.24464604212989
-72.2466224291974
-72.24852133132242
-72.25034396154355
-72.252091505473
-72.25376512207104
-72.25536594439441
-72.25689508032004
-72.25835361324465
-72.2597426027614
-72.26106308531428
-72.26231607483099
-72.26350256333548
-72.26462352154032
-72.26567989942016
-72.26667262676668
-72.26760261372577
-72.26847075131762
-72.26927791194028
-72.27002494985734
-72.27071270167032
-72.27134198677619
-72.27191360781069
-72.27242835107789
-72.27288698696651
-72.27329027035346
-72.27363894099497
-72.27393372390593
-72.27417532972761
-72.27436445508445
-72.27450178293
-72.27458798288264
-72.27462371155126
-72.27460961285135
-72.27454631831179
-72.27443444737263
-72.27427460767422
-72.27406739533794
-72.27381339523888
-72.27351318127063
-72.27316731660255
-72.27277635392971
-72.27234083571581
-72.27186129442912
-72.27133825277205
-72.27077222390416
-72.27016371165898
-72.26951321075494
-72.26882120700047
-72.26808817749355
-72.2673145908157
-72.26650090722092
-72.26564757881941
-72.26475504975645
-72.26382375638644
-72.26285412744247
-72.26184658420125
-72.26080154064388
-72.25971940361231
-72.25860057296175
-72.25744544170927
-72.25625439617839
-72.25502781614024
-72.25376607495082
-72.25246953968502
-72.25113857126716
-72.2497735245982
-72.2483747486799
-72.24694258673583
-72.24547737632942
-72.2439794494791
-72.24244913277063
-72.24088674746665
-72.23929260961368
-72.2376670301465
-72.23601031498995
-72.23432276515844
-72.23260467685297
-72.23085634155593
-72.2290780461237
-72.22727007287696
-72.22543269968901
-72.22356620007204
-72.22167084326131
-72.2197468942975
-72.21779461410716
-72.21581425958124
-72.21380608365196
-72.21177033536792
-72.20970725996742
-72.20761709895044
-72.20550009014882
-72.20335646779466
-72.2011864625874
-72.19899030175944
-72.19676820914033
-72.1945204052196
-72.19224710720819
-72.18994852909853
-72.18762488172341
-72.18527637281349
-72.18290320705368
-72.18050558613827
-72.17808370882483
-72.17563777098718
-72.17316796566703
-72.17067448312467
-72.1681575108885
-72.16561723380374
-72.16305383407989
-72.16046749133733
-72.15785838265303
-72.15522668260522
-72.15257256331718
-72.14989619450023
-72.14719774349571
-72.14447737531623
-72.14173525268603
-72.13897153608066
-72.13618638376563
-72.13337995183456
-72.13055239424644
-72.12770386286216
-72.12483450748037
-72.1219444758726
-72.11903391381773
-72.11610296513582
-72.11315177172118
-72.11018047357491
-72.10718920883681
-72.10417811381662
-72.10114732302468
-72.0980969692021
-72.09502718335023
-72.09193809475963
-72.08882983103854
-72.08570251814076
-72.08255628039306
-72.07939124052196
-72.07620751968021
-72.07300523747261
-72.06978451198144
-72.06654545979141
-72.06328819601414
-72.06001283431218
-72.05671948692265
-72.05340826468037
-72.0500792770407
-72.04673263210175
-72.04336843662647
-72.03998679606411
-72.0365878145714
-72.0331715950334
-72.02973823908381
-72.02628784712518
-72.02282051834844
-72.01933635075244
-72.01583544116284
-72.01231788525081
-72.00878377755144
-72.00523321148172
-72.00166627935833
-71.99808307241496
-71.99448368081943
-71.99086819369052
-71.98723669911456
-71.98358928416171
-71.97992603490188
-71.9762470364204
-71.97255237283352
-71.96884212730349
-71.96511638205357
-71.96137521838257
-71.95761871667939
-71.95384695643709
-71.95006001626687
-71.94625797391176
-71.94244090626006
-71.93860888935865
-71.93476199842596
-71.9309003078648
-71.927023891275
-71.9231328214657
-71.91922717046768
-71.9153070095456
-71.91137240920975
-71.90742343922744
-71.90346016863444
-71.89948266574609
-71.89549099816836
-71.89148523280866
-71.88746543588661
-71.88343167294445
-71.87938400885746
-71.87532250784407
-71.87124723347596
-71.86715824868782
-71.86305561578712
-71.85893939646361
-71.85480965179876
-71.85066644227491
-71.8465098277845
-71.84233986763891
-71.83815662057732
-71.83396014477539
-71.82975049785378
-71.8255277368866
-71.8212919184096
-71.8170430984284
-71.81278133242645
-71.80850667537297
-71.80421918173067
-71.79991890546346
-71.79560590004392
-71.79128021846078
-71.78694191322617
-71.78259103638284
-71.77822763951124
-71.77385177373651
-71.76946348973524
-71.76506283774232
-71.76064986755759
-71.75622462855245
-71.75178716967635
-71.74733753946316
-71.74287578603742
-71.73840195712046
-71.73391610003655
-71.7294182617188
-71.72490848871512
-71.72038682719392
-71.71585332294995
-71.71130802140985
-71.70675096763773
-71.70218220634062
-71.6976017818739
-71.69300973824657
-71.68840611912651
-71.68379096784564
-71.679164327405
-71.67452624047989
-71.66987674942466
-71.66521589627766
-71.66054372276594
-71.65586027031003
-71.65116558002853
-71.6464596927427
-71.64174264898097
-71.63701448898341
-71.6322752527061
-71.62752497982547
-71.62276370974251
-71.61799148158708
-71.61320833422194
-71.60841430624689
-71.60360943600276
-71.59879376157542
-71.59396732079968
-71.58913015126313
-71.58428229030994
-71.57942377504462
-71.57455464233571
-71.56967492881978
-71.56478467090537
-71.55988390477577
-71.55497266639243
-71.55005099149844
-71.54511891562187
-71.54017647407923
-71.53522370197871
-71.5302606342235
-71.52528730551498
-71.52030375035592
-71.51531000305356
-71.51030609772269
-71.50529206828877
-71.50026794849082
-71.49523377188441
-71.49018957184462
-71.4851353815688
-71.48007123407942
-71.47499716222696
-71.46991319869255
-71.46481937599083
-71.45971572647251
-71.45460228232712
-71.4494790755855
-71.44434613812248
-71.43920350165939
-71.43405119776651
-71.42888925786559
-71.42371771323228
-71.41853659499851
-71.41334593415488
-71.408145761553
-71.40293610790778
-71.3977170037997
-71.3924884796771
-71.38725056585835
-71.38200329253404
-71.37674668976913
-71.37148078750513
-71.36620561556217
-71.36092120364098
-71.35562758132512
-71.35032477808339
-71.34501282327315
-71.33969174613956
-71.33436157581805
-71.32902234133637
-71.32367407161658
-71.31831679547692
-71.31295054163371
-71.30757533870317
-71.30219121520318
-71.29679819955511
-71.29139632008554
-71.28598560502792
-71.28056608252436
-71.27513778062723
-71.26970072730091
-71.26425495042153
-71.25880047776438
-71.25333733700519
-71.24786555572723
-71.24238516142876
-71.23689618152926
-71.2313986433739
-71.2258925742368
-71.22037800132328
-71.21485495177161
-71.20932345265416
-71.20378353097848
-71.19823521368825
-71.19267852766401
-71.18711349972413
-71.18154015662556
-71.17595852506471
-71.17036863167844
-71.16477050304485
-71.15916416568439
-71.15354964606072
-71.14792697058186
-71.14229616560219
-71.13665725742246
-71.13101027229071
-71.1253552364033
-71.11969217590601
-71.11402111689519
-71.10834208541877
-71.10265510747736
-71.09696020902534
-71.09125741597188
-71.08554675418198
-71.07982824947753
-71.07410192763835
-71.06836781440317
-71.06262593547065
-71.05687631650038
-71.05111898311385
-71.04535396089547
-71.03958127539347
-71.03380095212087
-71.02801301655644
-71.02221749414562
-71.0164144103014
-71.01060379040524
-71.00478565980801
-70.99896004383116
-70.99312696776758
-70.98728645688227
-70.98143853641315
-70.97558323157182
-70.96972056754434
-70.9638505694921
-70.9579732625525
-70.95208867183987
-70.94619682244617
-70.94029773944175
-70.93439144787618
-70.92847797277894
-70.92255733916015
-70.91662957201137
-70.91069469630625
-70.90475273700127
-70.89880371903642
-70.89284766733593
-70.88688460680912
-70.88091456235155
-70.87493755884542
-70.86895362116006
-70.86296277415246
-70.85696504266781
-70.8509604515401
-70.84494902559275
-70.83893078963919
-70.83290576848339
-70.82687398692049
-70.82083546973742
-70.81479024171338
-70.80873832762046
-70.80267975222417
-70.79661454028398
-70.7905427165539
-70.78446430578296
-70.77837933271574
-70.77228782209295
-70.76618979865182
-70.76008528712671
-70.75397431224955
-70.74785689875036
-70.74173307135767
-70.73560285479915
-70.72946627380198
-70.7233233530933
-70.71717411740072
-70.71102157015237
-70.70487560324192
-70.69875575604489
-70.69269205782881
-70.68672413461627
-70.68089914451173
-70.67526913488825
-70.66988829246479
-70.66481040099875
-70.66008668368038
-70.65576410446496
-70.651884133885
-70.64848194371548
-70.64558597361918
-70.64321780498821
-70.64139227757484
-70.64011778958339
-70.63939672926897
-70.63922599422881
-70.63959756256403
-70.64049908743316
-70.64191449297965
-70.6438245551255
-70.64620745530746
-70.64903929897015
-70.65229459362048
-70.65594668359682
-70.65996814051732
-70.66433110973591
-70.66900761413656
-70.67396981730515
-70.67919024859478
-70.68464199289353
-70.6902988480558
-70.69613545299993
-70.70212738944163
-70.70825126013544
-70.71448474635936
-70.72080664721325
-70.72719690311992
-70.73363660572817
-70.7401079962249
-70.74659445387431
-70.75308047641842
-70.75955165379939
-70.76599463649853
-70.77239709963403
-70.77874770381777
-70.78503605364153
-70.79125265454425
-70.79738886870537
-70.8034368705129
-70.80938960206886
-70.81524072911795
-70.82098459771791
-70.82661619191009
-70.83213109259682
-70.8375254377865
-70.84279588432797
-70.84793957122208
-70.85295408456898
-70.85783742418538
-70.8625879719051
-70.86720446155886
-70.87168595061506
-70.87603179345149
-70.88024161621846
-70.8843152932466
-70.88825292494661
-70.8920548171442
-70.89572146179039
-70.89925351898539
-70.90265180025338
-70.90591725300496
-70.90905094612485
-70.91205405662282
-70.91492785728727
-70.91767370528255
-70.92029303163301
-70.92278733153839
-70.925158155468
-70.92740710098272
-70.92953580523658
-70.93154593811217
-70.93343919594602
-70.93521729580287
-70.93688197025972
-70.93843496266302
-70.93987802282429
-70.94121290312182
-70.94244135497784
-70.94356512568275
-70.94458595553955
-70.94550557530378
-70.94632570389544
-70.94704804636142
-70.94767429206809
-70.9482061131055
-70.94864516288546
-70.94899307491755
-70.94925146174799
-70.94942191404733
-70.94950599983426
-70.94950526382344
-70.9494212268865
-70.94925538561593
-70.9490092119824
-70.94868415307702
-70.94828163093038
-70.94780304240103
-70.94724975912679
-70.94662312753236
-70.94592446888778
-70.94515507941227
-70.94431623041878
-70.94340916849467
-70.9424351157145
-70.94139526988137
-70.94029080479302
-70.9391228705301
-70.9378925937632
-70.93660107807654
-70.93524940430561
-70.9338386308868
-70.93236979421692
-70.93084390902096
-70.92926196872635
-70.92762494584227
-70.92593379234285
-70.92418944005279
-70.92239280103453
-70.92054476797588
-70.91864621457728
-70.91669799593787
-70.91470094893978
-70.91265589262984
-70.91056362859827
-70.90842494135381
-70.90624059869494
-70.90401135207664
-70.90173793697254
-70.89942107323209
-70.89706146543244
-70.89465980322495
-70.89221676167605
-70.88973300160235
-70.88720916989985
-70.88464589986721
-70.88204381152298
-70.87940351191662
-70.87672559543356
-70.87401064409396
-70.87125922784543
-70.86847190484951
-70.86564922176215
-70.86279171400801
-70.85989990604875
-70.8569743116454
-70.85401543411476
-70.8510237665799
-70.84799979221498
-70.84494398448427
-70.84185680737562
-70.83873871562835
-70.83559015495572
-70.83241156226201
-70.82920336585434
-70.82596598564942
-70.82269983337508
-70.81940531276693
-70.8160828197601
-70.81273274267625
-70.80935546240585
-70.80595135258596
-70.80252077977343
-70.79906410361379
-70.79558167700587
-70.7920738462622
-70.78854095126533
-70.78498332562013
-70.78140129680227
-70.77779518630282
-70.77416530976915
-70.7705119771422
-70.76683549279026
-70.76313615563923
-70.75941425929958
-70.75567009218994
-70.75190393765764
-70.74811607409596
-70.74430677505849
-70.74047630937042
-70.73662494123703
-70.73275293034929
-70.72886053198685
-70.7249479971182
-70.72101557249839
-70.71706350076407
-70.71309202052625
-70.7091013664605
-70.70509176939495
-70.7010634563959
-70.69701665085127
-70.69295157255198
-70.68886843777106
-70.68476745934096
-70.68064884672863
-70.67651280610882
-70.6723595404355
-70.66818924951141
-70.66400213005588
-70.65979837577083
-70.65557817740525
-70.6513417228178
-70.64708919703816
-70.64282078232644
-70.63853665823143
-70.63423700164718
-70.62992198686818
-70.62559178564328
-70.6212465672281
-70.61688649843624
-70.61251174368924
-70.60812246506511
-70.60371882234584
-70.59930097306366
-70.59486907254613
-70.59042327396018
-70.58596372835498
-70.5814905847039
-70.57700398994527
-70.57250408902235
-70.5679910249221
-70.5634649387132
-70.5589259695831
-70.55437425487412
-70.54980993011873
-70.54523312907396
-70.5406439837551
-70.53604262446838
-70.53142917984309
-70.52680377686285
-70.5221665408961
-70.51751759572599
-70.51285706357949
-70.5081850651558
-70.50350171965418
-70.49880714480095
-70.49410145687604
-70.48938477073874
-70.48465719985332
-70.47991885631369
-70.47516985086759
-70.47041029294012
-70.46564029065682
-70.46085995086638
-70.45606937916263
-70.45126867990614
-70.44645795624528
-70.4416373101369
-70.43680684236641
-70.43196665255715
-70.42711683917842
-70.4222574995667
-70.41738872995118
-70.41251062547879
-70.40762328023709
-70.40272678727506
-70.39782123862203
-70.39290672530535
-70.38798333736685
-70.38305116387863
-70.37811029295827
-70.3731608117834
-70.36820280660616
-70.3632363627671
-70.35826156470885
-70.35327849598974
-70.34828723929691
-70.34328787645934
-70.33828048846067
-70.3332651554517
-70.32824195676277
-70.32321097091587
-70.31817227563657
-70.31312594786573
-70.30807206377094
-70.30301069875787
-70.29794192748142
-70.29286582385646
-70.28778246106863
-70.28269191158482
-70.27759424716348
-70.27248953886476
-70.26737785706045
-70.26225927144398
-70.25713385104137
-70.25200166421986
-70.24686277869638
-70.24171726154916
-70.23656517922325
-70.23140659753926
-70.22624158170223
-70.22107019631014
-70.21589250536273
-70.21070857227015
-70.20551845986006
-70.20032223038537
-70.19511994553194
-70.18991166642618
-70.18469745364246
-70.1794773672104
-70.17425146662205
-70.16901981083899
-70.16378245829915
-70.15853946692371
-70.15329089412371
-70.1480367968067
-70.14277723138312
-70.13751225377271
-70.13224191941073
-70.12696628325409
-70.12168539978742
-70.11639932302896
-70.1111081065364
-70.1058118034127
-70.1005104663116
-70.09520414744331
-70.08989289858029
-70.08457677106246
-70.07925581580244
-70.07393008329065
-70.06859962360033
-70.06326448639261
-70.05792472092142
-70.05258037603838
-70.04723150019757
-70.04187814146032
-70.0365203474998
-70.03115816560565
-70.02579164268846
-70.02042082528425
-70.0150457595588
-70.00966649131202
-70.00428306598212
-69.99889552864984
-69.99350392404253
-69.98810829653824
-69.98270869016969
-69.97730514862819
-69.97189771526754
-69.96648643310785
-69.96107134483923
-69.95565249282558
-69.95022991910822
-69.94480366540945
-69.93937377313614
-69.9339402833832
-69.928503236937
-69.92306267427885
-69.91761863558827
-69.9121711607463
-69.90672028933876
-69.90126606065951
-69.89580851371352
-69.89034768722001
-69.88488361961562
-69.8794163490573
-69.87394591342536
-69.86847235032647
-69.86299569709647
-69.85751599080331
-69.85203326824984
-69.84654756597662
-69.84105892026467
-69.83556736713817
-69.83007294236714
-69.82457568147011
-69.81907561971668
-69.81357279213017
-69.80806723349006
-69.8025589783346
-69.79704806096319
-69.7915345154389
-69.78601837559083
-69.78049967501651
-69.7749784470843
-69.7694547249356
-69.76392854148725
-69.75839992943366
-69.7528689212492
-69.74733554919025
-69.74179984529745
-69.73626184139783
-69.73072156910693
-69.72517905983088
-69.71963434476848
-69.71408745491323
-69.70853842105534
-69.70298727378372
-69.69743404348796
-69.69187876036024
-69.68632145439726
-69.68076215540215
-69.6752008929863
-69.66963769657127
-69.66407259539054
-69.65850561849136
-69.65293679473652
-69.64736615280611
-69.64179372119926
-69.63621952823584
-69.63064360205819
-69.62506597063276
-69.61948666175184
-69.61390570303513
-69.6083231219314
-69.60273894572012
-69.59715320151294
-69.59156591625538
-69.58597711672826
-69.58038682954931
-69.57479508117466
-69.56920189790027
-69.56360730586353
-69.55801133104457
-69.55241399926784
-69.54681533620344
-69.54121536736858
-69.53561411812893
-69.53001161370005
-69.52440787914873
-69.51880293939428
-69.51319681920997
-69.50758954322426
-69.50198113592215
-69.49637162164646
-69.49076102459908
-69.48514936884224
-69.4795366782998
-69.47392297675839
-69.46830828786875
-69.46269263514687
-69.4570760419752
-69.45145853160386
-69.44584012715183
-69.44022085160802
-69.4346007278325
-69.42897977855762
-69.42335802638904
-69.41773549380694
-69.41211220316706
-69.40648817670179
-69.40086343652122
-69.39523800461427
-69.38961190284964
-69.3839851529769
-69.37835777662754
-69.37272979531592
-69.36710123044035
-69.36147210328409
-69.35584243501631
-69.35021224669313
-69.34458155925854
-69.33895039354542
-69.33331877027636
-69.32768671006474
-69.32205423341559
-69.31642136072654
-69.31078811228882
-69.30515450828803
-69.2995205688051
-69.2938863138171
-69.28825176319816
-69.28261693672025
-69.27698185405407
-69.2713465347699
-69.2657109983384
-69.26007526413147
-69.25443935142313
-69.24880327939032
-69.24316706711373
-69.23753073357862
-69.23189429767554
-69.22625777820112
-69.22062119385987
-69.21498456326464
-69.20934790493702
-69.203711237308
-69.19807457871867
-69.19243794742093
-69.18680136157818
-69.18116483926623
-69.1755283984752
-69.16989205710861
-69.16425583298397
-69.15861974383346
-69.15298380730466
-69.14734804096132
-69.14171246228399
-69.13607708867373
-69.13044193744985
-69.12480702584953
-69.11917237102905
-69.11353799006457
-69.10790389995292
-69.10227011761224
-69.0966366598827
-69.09100354352712
-69.08537078523297
-69.0797384016121
-69.07410640920072
-69.06847482444412
-69.06284366367842
-69.05721294313412
-69.0515826789477
-69.04595288717319
-69.04032358379135
-69.03469478471585
-69.02906650579756
-69.02343876282696
-69.01781157153556
-69.01218494759645
-69.00655890662438
-69.00093346417562
-68.99530863574772
-68.98968443677877
-68.98406088264751
-68.97843798867304
-68.97281577011452
-68.96719424217103
-68.96157341998136
-68.95595331862403
-68.95033395311721
-68.94471533841886
-68.93909748942671
-68.93348042097843
-68.92786414785193
-68.92224868476593
-68.91663404638034
-68.91102024729635
-68.90540730205663
-68.89979522514555
-68.8941840309895
-68.88857373395719
-68.88296434836002
-68.87735588845248
-68.87174836843255
-68.86614180244206
-68.8605362045671
-68.85493158883847
-68.84932796923204
-68.84372535966915
-68.83812377401708
-68.83252322608939
-68.82692372964638
-68.82132529839548
-68.81572794599163
-68.81013168603774
-68.80453653208507
-68.7989424976336
-68.7933495961325
-68.78775784098046
-68.78216724552613
-68.77657782306846
-68.7709895868571
-68.76540255009276
-68.75981672592762
-68.7542321274657
-68.7486487677633
-68.74306665982931
-68.73748581662564
-68.73190625106754
-68.72632797602401
-68.72075100431815
-68.71517534872747
-68.70960102198434
-68.70402803677626
-68.69845640574628
-68.6928861414933
-68.68731725657243
-68.68174976349536
-68.67618367473068
-68.67061900270423
-68.6650557597994
-68.65949395835754
-68.65393361067821
-68.64837472901954
-68.64281732559856
-68.6372614125915
-68.63170700213415
-68.62615410632212
-68.62060273721121
-68.61505290681767
-68.60950462711854
-68.60395791005197
-68.59841276751749
-68.59286921137631
-68.58732725345166
-68.58178690552907
-68.57624817935664
-68.57071108664536
-68.56517563906938
-68.55964184826632
-68.55410972583756
-68.54857928334852
-68.5430505323289
-68.53752348427307
-68.53199815064022
-68.52647454285479
-68.52095267230658
-68.51543255035115
-68.50991418831003
-68.50439759747101
-68.49888278908837
-68.49336977438315
-68.48785856454343
-68.48234917072459
-68.47684160404953
-68.47133587560894
-68.46583199646157
-68.46032997763446
-68.45482983012316
-68.44933156489203
-68.44383519287449
-68.43834072497314
-68.43284817206019
-68.42735754497754
-68.42186885453707
-68.4163821115209
-68.41089732668163
-68.40541451074252
-68.39993367439777
-68.39445482831277
-68.38897798312433
-68.38350314944088
-68.37803033784267
-68.37255955888207
-68.3670908230837
-68.36162414094468
-68.35615952293486
-68.35069697949699
-68.34523652104694
-68.33977815797395
-68.33432190064076
-68.32886775938387
-68.32341574451371
-68.31796586631488
-68.31251813504636
-68.30707256094173
-68.30162915420935
-68.2961879250326
-68.29074888357003
-68.28531203995558
-68.27987740429874
-68.27444498668476
-68.26901479717478
-68.26358684580607
-68.25816114259223
-68.25273769752324
-68.24731652056582
-68.24189762166343
-68.2364810107366
-68.231066697683
-68.22565469237769
-68.2202450046733
-68.21483764440023
-68.2094326213669
-68.20402994535984
-68.19862962614383
-68.19323167346212
-68.18783609703662
-68.1824429065681
-68.17705211173627
-68.17166372220025
-68.16627774759968
-68.16089419755468
-68.15551308166555
-68.15013440951259
-68.14475819065613
-68.13938443463657
-68.13401315097441
-68.12864434917043
-68.12327803870575
-68.11791422904201
-68.11255292962149
-68.10719414986723
-68.10183789918324
-68.0964841869546
-68.09113302254872
-68.0857844153152
-68.08043837458499
-68.07509490967043
-68.06975402986546
-68.06441574444582
-68.05908006266915
-68.0537469937752
-68.04841654698598
-68.04308873150585
-68.03776355652174
-68.03244103120537
-68.027121164713
-68.0218039661824
-68.01648944473382
-68.0111776094703
-68.00586846947792
-68.00056203382607
-67.99525831156753
-67.98995731173864
-67.98465904335943
-67.9793635154338
-67.9740707369501
-67.96878071688243
-67.9634934641891
-67.95820898781244
-67.95292729667894
-67.94764839969939
-67.94237230576911
-67.93709902376804
-67.93182856256085
-67.92656093099714
-67.92129613791153
-67.91603419212373
-67.91077510243875
-67.90551887764691
-67.90026552652398
-67.89501505783129
-67.8897674803158
-67.88452280271022
-67.87928103373312
-67.874042182089
-67.86880625646836
-67.86357326554786
-67.85834321799031
-67.85311612244487
-67.84789198754707
-67.8426708219189
-67.83745263416893
-67.83223743289233
-67.82702522667101
-67.82181602407371
-67.81660983365602
-67.81140666396107
-67.80620652351949
-67.80100942084927
-67.79581536445566
-67.79062436283122
-67.7854364244558
-67.78025155779657
-67.77506977130815
-67.76989107343262
-67.7647154725996
-67.75954297722636
-67.75437359571788
-67.74920733646685
-67.74404420785389
-67.73888421824745
-67.733727376004
-67.72857368946804
-67.72342316697218
-67.7182758168372
-67.71313164737214
-67.70799066687427
-67.70285288362923
-67.6977183059111
-67.69258694198233
-67.68745880009395
-67.68233388848553
-67.67721221538525
-67.67209378901
-67.66697861756536
-67.6618667092295
-67.65675807212702
-67.65165271433075
-67.64655064387458
-67.64145186876684
-67.63635639700115
-67.631264236564
-67.62617539543946
-67.62108988161205
-67.61600770306796
-67.61092886779542
-67.60585338378445
-67.60078125902618
-67.59571250151205
-67.59064711923287
-67.58558512017783
-67.58052651233355
-67.57547130368324
-67.57041950220588
-67.5653711158754
-67.56032615266007
-67.55528462052175
-67.5502465274154
-67.5452118812887
-67.54018069008161
-67.53515296172607
-67.53012870414561
-67.52510792525509
-67.52009063296045
-67.51507683515854
-67.51006653973688
-67.50505975457358
-67.50005648753711
-67.49505674648627
-67.4900605392696
-67.48506787372595
-67.48007875768432
-67.47509319896378
-67.47011120537337
-67.46513278471211
-67.46015794476891
-67.45518669332256
-67.45021903814173
-67.44525498698489
-67.44029454760042
-67.43533772772643
-67.43038453509071
-67.42543497741084
-67.4204890623943
-67.41554679773836
-67.4106081911302
-67.40567325024678
-67.40074198275492
-67.39581439631124
-67.39089049856219
-67.38597029714403
-67.38105379968283
-67.37614101379447
-67.37123194708462
-67.36632660714878
-67.36142500157223
-67.35652713793006
-67.35163302378713
-67.3467426666981
-67.34185607420744
-67.33697325384937
-67.33209421314788
-67.32721895961676
-67.32234750075953
-67.31747984406952
-67.31261599702981
-67.30775596711327
-67.30289976178253
-67.29804738848998
-67.29319885467777
-67.2883541677777
-67.28351333521125
-67.2786763643896
-67.27384326271358
-67.26901403757375
-67.26418869635026
-67.25936724641294
-67.25454969512121
-67.24973604982412
-67.24492631786028
-67.24012050655787
-67.23531862323468
-67.23052067519801
-67.22572666974476
-67.22093661416135
-67.2161505157237
-67.21136838169717
-67.20659021933663
-67.20181603588628
-67.19704583857977
-67.19227963464003
-67.18751743127936
-67.18275923569934
-67.17800505509095
-67.17325489663455
-67.16850876749983
-67.16376667484579
-67.15902862582068
-67.154294627562
-67.14956468719646
-67.14483881183997
-67.14011700859754
-67.13539928456322
-67.13068564682006
-67.12597610244002
-67.12127065848397
-67.11656932200165
-67.11187210003187
-67.10717899960231
-67.10249002772954
-67.09780519141894
-67.09312449766459
-67.08844795345036
-67.08377556574955
-67.07910734152445
-67.07444328772603
-67.06978341129378
-67.0651277191556
-67.06047621822768
-67.05582891541442
-67.05118581760844
-67.04654693169047
-67.0419122645293
-67.0372818229818
-67.03265561389279
-67.02803364409506
-67.02341592040935
-67.01880244964421
-67.01419323859605
-67.00958829404904
-67.00498762277508
-67.00039123153378
-66.9957991270724
-66.9912113161273
-66.98662780542281
-66.98204860167053
-66.97747371156926
-66.972903141805
-66.96833689905102
-66.96377498996772
-66.95921742120272
-66.95466419939078
-66.95011533115375
-66.9455708231006
-66.94103068182723
-66.93649491391662
-66.93196352593861
-66.9274365244529
-66.92291391600679
-66.9183957071331
-66.91388190435082
-66.90937251416524
-66.90486754306811
-66.9003669975375
-66.89587088403793
-66.89137920902027
-66.8868919789217
-66.88240920016568
-66.87793087916194
-66.87345702230742
-66.86898763598644
-66.86452272656928
-66.86006230041198
-66.85560636385631
-66.85115492322971
-66.84670798484537
-66.84226555500211
-66.83782763998447
-66.83339424606253
-66.82896537949199
-66.82454104651406
-66.82012125335538
-66.81570600622803
-66.81129531132946
-66.80688917484238
-66.8024876029348
-66.79809060175987
-66.79369817745587
-66.78931033614616
-66.78492708393911
-66.78054842692802
-66.77617437119109
-66.77180492279133
-66.76744008777654
-66.76307987217916
-66.7587242820165
-66.75437332329099
-66.75002700198999
-66.74568532408551
-66.74134829553404
-66.73701592227636
-66.73268821023744
-66.72836516532645
-66.72404679343656
-66.71973310044496
-66.71542409221276
-66.71111977458492
-66.70682015339021
-66.70252523444115
-66.69823502353397
-66.69394952644848
-66.68966874894812
-66.6853926967798
-66.68112137567391
-66.67685479134421
-66.6725929494878
-66.66833585578502
-66.66408351589942
-66.65983593547769
-66.65559312014959
-66.65135507552789
-66.6471218072083
-66.64289332076937
-66.63866962177254
-66.63445071576193
-66.63023660826437
-66.62602730478929
-66.6218228108287
-66.61762313185707
-66.6134282733313
-66.60923824069063
-66.60505303935663
-66.60087267473307
-66.59669715220586
-66.59252647714304
-66.58836065489467
-66.58419969079277
-66.58004359015126
-66.5758923582659
-66.57174600041425
-66.56760452185554
-66.56346792783066
-66.55933622356206
-66.55520941425374
-66.55108750509112
-66.54697050124102
-66.54285840785155
-66.53875123005211
-66.53464897295326
-66.53055164164668
-66.52645924120515
-66.52237177668238
-66.51828925311305
-66.51421167551271
-66.5101390488777
-66.5060713781851
-66.50200866839265
-66.4979509244387
-66.49389815124216
-66.4898503537024
-66.4858075366992
-66.48176970509267
-66.47773686372325
-66.47370901741154
-66.46968617095831
-66.46566832914442
-66.46165549673073
-66.45764767845809
-66.45364487904722
-66.44964710319866
-66.44565435559274
-66.44166664088945
-66.43768396372846
-66.43370632872902
-66.42973374048985
-66.42576620358919
-66.42180372258464
-66.41784630201316
-66.41389394639094
-66.40994666021344
-66.40600444795521
-66.40206731406994
-66.39813526299031
-66.394208299128
-66.39028642687353
-66.38636965059634
-66.38245797464458
-66.37855140334516
-66.37464994100363
-66.3707535919041
-66.36686236030928
-66.36297625046029
-66.3590952665767
-66.35521941285644
-66.35134869347576
-66.3474831125892
-66.3436226743295
-66.33976738280757
-66.33591724211239
-66.33207225631101
-66.32823242944842
-66.32439776554754
-66.32056826860914
-66.31674394261174
-66.31292479151166
-66.30911081924286
-66.30530202971694
-66.30149842682306
-66.29770001442792
-66.29390679637564
-66.29011877648777
-66.28633595856321
-66.28255834637814
-66.27878594368597
-66.27501875421731
-66.2712567816799
-66.26750002975851
-66.263748502115
-66.26000220238816
-66.25626113419376
-66.25252530112456
-66.24879470675026
-66.24506935461744
-66.24134924824946
-66.23763439114646
-66.23392478678515
-66.23022043861891
-66.22652135007756
-66.22282752456742
-66.21913896547119
-66.21545567614793
-66.21177765993298
-66.20810492013796
-66.20443746005068
-66.20077528291463
-66.19711839190767
-66.19346679014518
-66.1898204806924
-66.18617946657703
-66.1825437507991
-66.17891333633798
-66.17528822615681
-66.17166842320506
-66.16805393041983
-66.16444475072613
-66.16084088703663
-66.15724234225102
-66.15364911925533
-66.15006122092102
-66.14647865010402
-66.14290140964387
-66.13932950236281
-66.13576293106493
-66.13220169853537
-66.12864580753971
-66.12509526082323
-66.12155006111036
-66.11801021110414
-66.11447571348573
-66.11094657091395
-66.10742278602491
-66.10390436143163
-66.10039129972375
-66.09688360346725
-66.09338127520417
-66.08988431745239
-66.08639273270548
-66.08290652343247
-66.0794256920777
-66.07595024106071
-66.07248017277605
-66.06901548959323
-66.06555619385661
-66.06210228788535
-66.05865377397338
-66.05521065438909
-66.05177293137548
-66.04834060715004
-66.04491368390474
-66.04149216380594
-66.03807604899433
-66.03466534158488
-66.03126004366692
-66.02786015730409
-66.02446568453438
-66.02107662737002
-66.01769298779745
-66.01431476777722
-66.01094196924396
-66.00757459410632
-66.00421264424698
-66.00085612152253
-65.99750502776354
-65.99415936477412
-65.99081913433312
-65.9874843381941
-65.98415497808492
-65.98083105570754
-65.97751257273785
-65.97419953082554
-65.97089193159411
-65.96758977664075
-65.96429306753636
-65.96100180582555
-65.95771599302657
-65.95443563063131
-65.95116072010514
-65.94789126288704
-65.94462726038965
-65.94136871399925
-65.9381156250758
-65.9348679949528
-65.93162582493743
-65.92838911631041
-65.92515787032612
-65.92193208821246
-65.91871177117093
-65.91549692037663
-65.91228753697818
-65.90908362209781
-65.90588517683125
-65.90269220224779
-65.89950469939026
-65.89632266927502
-65.89314611289191
-65.88997503120423
-65.88680942514878
-65.88364929563708
-65.88049464355454
-65.87734546975985
-65.87420177508504
-65.87106356033551
-65.86793082629003
-65.86480357370081
-65.86168180329351
-65.85856551576724
-65.85545471179456
-65.85234939202155
-65.84924955706772
-65.8461552075261
-65.84306634396319
-65.839982966919
-65.83690507690704
-65.83383267441431
-65.83076575990134
-65.82770433380213
-65.82464839652607
-65.82159794845738
-65.8185529899527
-65.8155135213417
-65.81247954292728
-65.80945105498571
-65.8064280577667
-65.80341055149336
-65.80039853636232
-65.79739201254374
-65.79439098018126
-65.79139543939209
-65.788405390267
-65.7854208328714
-65.78244176724499
-65.77946819340104
-65.77650011132617
-65.77353752098041
-65.77058042229729
-65.76762881518387
-65.76468269952076
-65.76174207516222
-65.75880694193611
-65.75587729964396
-65.75295314806098
-65.75003448693612
-65.747121315992
-65.74421363492505
-65.74131144340541
-65.73841474107732
-65.73552352755925
-65.73263780244378
-65.72975756529745
-65.72688281566074
-65.72401355304798
-65.72114977694739
-65.71829148682102
-65.71543868210485
-65.71259136220876
-65.70974952651656
-65.70691317438605
-65.70408230514899
-65.70125691811117
-65.69843701255242
-65.69562258772662
-65.6928136428618
-65.69001017716003
-65.68721218979762
-65.68441967992499
-65.68163264666677
-65.67885108912185
-65.67607500636335
-65.67330439743868
-65.6705392613696
-65.66777959715215
-65.66502540375677
-65.6622766801283
-65.65953342518601
-65.6567956378236
-65.65406331690932
-65.65133646128584
-65.64861506977047
-65.64589914115504
-65.643188674206
-65.64048366766447
-65.6377841202462
-65.63509003064165
-65.63240139751605
-65.62971821950937
-65.6270404952364
-65.62436822328674
-65.62170140222487
-65.61904003059018
-65.61638410689702
-65.61373362963467
-65.61108859726744
-65.6084490082347
-65.60581486095087
-65.60318615380551
-65.60056288516333
-65.59794505336423
-65.59533265672336
-65.59272569353116
-65.59012416205344
-65.58752806053134
-65.58493738718145
-65.58235214019581
-65.57977231774193
-65.57719791796285
-65.57462893897718
-65.57206537887913
-65.56950723573853
-65.56695450760088
-65.56440719248742
-65.56186528839511
-65.55932879329673
-65.55679770514085
-65.55427202185197
-65.55175174133049
-65.54923686145277
-65.54672738007115
-65.54422329501406
-65.54172460408601
-65.53923130506766
-65.53674339571582
-65.53426087376356
-65.53178373692022
-65.52931198287145
-65.5268456092793
-65.52438461378223
-65.52192899399512
-65.51947874750941
-65.5170338718931
-65.51459436469077
-65.51216022342365
-65.5097314455897
-65.50730802866357
-65.50488997009677
-65.5024772673176
-65.50006991773131
-65.49766791872008
-65.49527126764309
-65.4928799618366
-65.49049399861397
-65.48811337526571
-65.48573808905958
-65.48336813724057
-65.48100351703101
-65.47864422563062
-65.4762902602165
-65.47394161794328
-65.4715982959431
-65.46926029132568
-65.46692760117843
-65.46460022256638
-65.46227815253236
-65.45996138809701
-65.45764992625884
-65.45534376399422
-65.45304289825755
-65.45074732598124
-65.44845704407578
-65.44617204942982
-65.44389233891019
-65.441617909362
-65.43934875760863
-65.43708488045188
-65.43482627467195
-65.43257293702753
-65.43032486425588
-65.42808205307283
-65.42584450017289
-65.42361220222928
-65.42138515589404
-65.41916335779803
-65.416946804551
-65.41473549274168
-65.41252941893782
-65.41032857968625
-65.40813297151296
-65.40594259092313
-65.40375743440124
-65.40157749841106
-65.39940277939579
-65.39723327377806
-65.39506897796004
-65.39290988832346
-65.3907560012297
-65.38860731301989
-65.38646382001485
-65.38432551851531
-65.38219240480186
-65.38006447513514
-65.37794172575592
-65.37582415288509
-65.37371175272385
-65.3716045214536
-65.36950245523612
-65.3674055502135
-65.36531380250833
-65.3632272082236
-65.3611457634429
-65.35906946423039
-65.35699830663089
-65.35493228666995
-65.35287140035392
-65.35081564366997
-65.34876501258624
-65.3467195030518
-65.34467911099681
-65.34264383233253
-65.34061366295143
-65.33858859872721
-65.33656863551492
-65.33455376915097
-65.33254399545325
-65.33053931022116
-65.3285397092357
-65.32654518825954
-65.32455574303707
-65.32257136929447
-65.32059206273978
-65.31861781906301
-65.31664863393614
-65.31468450301323
-65.31272542193045
-65.31077138630624
-65.30882239174126
-65.30687843381853
-65.30493950810349
-65.30300561014407
-65.30107673547073
-65.29915287959658
-65.29723403801738
-65.2953202062117
-65.2934113796409
-65.29150755374927
-65.28960872396405
-65.28771488569552
-65.28582603433708
-65.2839421652653
-65.28206327384002
-65.28018935540439
-65.27832040528493
-65.27645641879165
-65.2745973912181
-65.2727433178414
-65.27089419392237
-65.2690500147056
-65.26721077541946
-65.26537647127623
-65.26354709747217
-65.26172264918758
-65.25990312158682
-65.25808850981849
-65.25627880901543
-65.25447401429477
-65.25267412075807
-65.25087912349134
-65.24908901756514
-65.24730379803462
-65.24552345993962
-65.24374799830473
-65.24197740813936
-65.24021168443784
-65.23845082217943
-65.23669481632844
-65.23494366183431
-65.23319735363162
-65.23145588664028
-65.22971925576543
-65.22798745589769
-65.22626048191309
-65.22453832867323
-65.22282099102536
-65.22110846380234
-65.21940074182285
-65.2176978198914
-65.21599969279836
-65.21430635532013
-65.21261780221913
-65.2109340282439
-65.20925502812919
-65.20758079659602
-65.20591132835173
-65.20424661809008
-65.20258666049133
-65.2009314502223
-65.19928098193641
-65.1976352502738
-65.19599424986141
-65.194357975313
-65.19272642122925
-65.19109958219786
-65.18947745279358
-65.1878600275783
-65.1862473011011
-65.18463926789842
-65.18303592249399
-65.18143725939898
-65.17984327311207
-65.17825395811954
-65.1766693088953
-65.17508931990098
-65.17351398558601
-65.17194330038767
-65.17037725873121
-65.16881585502986
-65.16725908368498
-65.16570693908608
-65.16415941561087
-65.16261650762543
-65.16107820948419
-65.15954451553006
-65.15801542009446
-65.15649091749744
-65.15497100204767
-65.15345566804265
-65.15194490976863
-65.15043872150078
-65.14893709750321
-65.14744003202908
-65.14594751932064
-65.14445955360934
-65.14297612911584
-65.14149724005014
-65.14002288061164
-65.13855304498917
-65.13708772736112
-65.13562692189547
-65.13417062274986
-65.13271882407174
-65.13127151999831
-65.12982870465667
-65.12839037216392
-65.12695651662716
-65.1255271321436
-65.12410221280062
-65.12268175267587
-65.1212657458373
-65.11985418634325
-65.1184470682425
-65.1170443855744
-65.11564613236888
-65.11425230264653
-65.11286289041871
-65.11147788968758
-65.11009729444618
-65.1087210986785
-65.10734929635959
-65.10598188145553
-65.10461884792365
-65.10326018971244
-65.10190590076175
-65.10055597500276
-65.09921040635813
-65.09786918874201
-65.09653231606018
-65.09519978221002
-65.09387158108068
-65.09254770655308
-65.0912281525
-65.08991291278616
-65.08860198126831
-65.08729535179523
-65.08599301820787
-65.08469497433937
-65.08340121401515
-65.08211173105302
-65.08082651926313
-65.07954557244818
-65.07826888440341
-65.07699644891666
-65.07572825976847
-65.07446431073214
-65.07320459557381
-65.07194910805254
-65.0706978419203
-65.06945079092218
-65.06820794879633
-65.0669693092741
-65.06573486608008
-65.06450461293218
-65.06327854354168
-65.06205665161332
-65.06083893084532
-65.05962537492951
-65.05841597755133
-65.05721073238995
-65.05600963311828
-65.05481267340309
-65.05361984690506
-65.05243114727882
-65.05124656817306
-65.05006610323052
-65.04888974608815
-65.0477174903771
-65.04654932972282
-65.04538525774515
-65.04422526805831
-65.04306935427104
-65.0419175099866
-65.04076972880293
-65.03962600431258
-65.03848633010288
-65.03735069975599
-65.03621910684893
-65.03509154495366
-65.03396800763713
-65.03284848846137
-65.03173298098356
-65.03062147875605
-65.02951397532642
-65.02841046423765
-65.02731093902804
-65.02621539323137
-65.02512382037689
-65.02403621398948
-65.0229525675896
-65.02187287469344
-65.02079712881296
-65.0197253234559
-65.01865745212594
-65.01759350832266
-65.01653348554167
-65.01547737727465
-65.01442517700944
-65.01337687823009
-65.0123324744169
-65.0112919590465
-65.01025532559196
-65.00922256752273
-65.0081936783048
-65.00716865140078
-65.0061474802698
-65.00513015836778
-65.00411667914729
-65.00310703605777
-65.00210122254549
-65.00109923205365
-65.00010105802241
-64.99910669388898
-64.99811613308766
-64.9971293690499
-64.99614639520436
-64.99516720497698
-64.994191791791
-64.99322014906704
-64.99225227022322
-64.9912881486751
-64.99032777783582
-64.98937115111613
-64.98841826192447
-64.98746910366698
-64.98652366974763
-64.9855819535682
-64.98464394852839
-64.98370964802584
-64.98277904545623
-64.9818521342133
-64.9809289076889
-64.9800093592731
-64.97909348235416
-64.9781812703187
-64.97727271655162
-64.9763678144363
-64.9754665573545
-64.97456893868655
-64.97367495181133
-64.97278459010637
-64.97189784694785
-64.97101471571068
-64.9701351897686
-64.96925926249413
-64.96838692725876
-64.96751817743286
-64.96665300638584
-64.96579140748615
-64.96493337410138
-64.96407889959823
-64.96322797734268
-64.96238060069992
-64.96153676303447
-64.96069645771027
-64.95985967809067
-64.9590264175385
-64.95819666941615
-64.95737042708565
-64.95654768390862
-64.9557284332464
-64.95491266846011
-64.95410038291058
-64.95329156995857
-64.95248622296465
-64.9516843352894
-64.95088590029333
-64.95009091133701
-64.94929936178112
-64.94851124498642
-64.94772655431392
-64.94694528312479
-64.94616742478055
-64.94539297264302
-64.9446219200744
-64.9438542604373
-64.94308998709485
-64.94232909341068
-64.94157157274898
-64.9408174184746
-64.94006662395302
-64.93931918255043
-64.93857508763385
-64.93783433257104
-64.93709691073066
-64.93636281548223
-64.93563204019628
-64.9349045782443
-64.93418042299884
-64.93345956783355
-64.9327420061233
-64.93202773124416
-64.93131673657346
-64.93060901548985
-64.92990456137328
-64.92920336760508
-64.92850542756803
-64.92781073464633
-64.9271192822257
-64.92643106369341
-64.9257460724383
-64.92506430185084
-64.92438574532319
-64.92371039624922
-64.92303824802457
-64.92236929404665
-64.92170352771475
-64.92104094243005
-64.92038153159565
-64.91972528861662
-64.91907220690007
-64.91842227985514
-64.91777550089311
-64.91713186342739
-64.91649136087354
-64.91585398664941
-64.91521973417508
-64.91458859687297
-64.91396056816782
-64.91333564148678
-64.91271381025945
-64.91209506791787
-64.91147940789664
-64.91086682363287
-64.9102573085663
-64.9096508561393
-64.9090474597969
-64.90844711298686
-64.9078498091597
-64.90725554176873
-64.9066643042701
-64.90607609012281
-64.90549089278879
-64.90490870573292
-64.90432952242307
-64.90375333633013
-64.90318014092804
-64.90260992969391
-64.90204269610793
-64.9014784336535
-64.90091713581725
-64.9003587960891
-64.89980340796221
-64.89925096493315
-64.89870146050178
-64.89815488817146
-64.8976112414489
-64.89707051384435
-64.89653269887155
-64.89599779004779
-64.89546578089391
-64.89493666493442
-64.89441043569745
-64.89388708671483
-64.89336661152207
-64.89284900365851
-64.89233425666721
-64.8918223640951
-64.89131331949295
-64.89080711641543
-64.89030374842115
-64.88980320907264
-64.88930549193647
-64.88881059058322
-64.88831849858752
-64.88782920952814
-64.8873427169879
-64.88685901455386
-64.88637809581722
-64.88589995437343
-64.88542458382219
-64.88495197776747
-64.8844821298176
-64.88401503358523
-64.8835506826874
-64.8830890707457
-64.88263019138624
-64.88217403823971
-64.88172060494138
-64.88126988513103
-64.88082187245304
-64.8803765605564
-64.87993394309468
-64.87949401372617
-64.8790567661138
-64.87862219392522
-64.87819029083282
-64.87776105051377
-64.87733446665004
-64.87691053292842
-64.87648924304058
-64.87607059068309
-64.87565456955737
-64.87524117336989
-64.87483039583202
-64.87442223066016
-64.87401667157575
-64.87361371230529
-64.87321334658036
-64.87281556813767
-64.87242037071906
-64.87202774807156
-64.87163769394739
-64.87125020210402
-64.87086526630415
-64.87048288031576
-64.87010303791216
-64.86972573287197
-64.86935095897918
-64.86897871002319
-64.8686089797988
-64.86824176210622
-64.86787705075116
-64.86751483954482
-64.86715512230391
-64.86679789285068
-64.86644314501294
-64.8660908726241
-64.86574106952318
-64.86539372955485
-64.86504884656945
-64.864706414423
-64.86436642697724
-64.86402887809965
-64.86369376166344
-64.86336107154766
-64.86303080163714
-64.86270294582253
-64.86237749800038
-64.86205445207308
-64.86173380194893
-64.86141554154217
-64.86109966477296
-64.86078616556748
-64.86047503785784
-64.86016627558222
-64.85985987268481
-64.85955582311585
-64.8592541208317
-64.85895475979477
-64.85865773397366
-64.85836303734305
-64.85807066388382
-64.85778060758305
-64.85749286243401
-64.85720742243622
-64.85692428159543
-64.85664343392364
-64.8563648734392
-64.85608859416674
-64.85581459013721
-64.85554285538795
-64.85527338396263
-64.8550061699113
-64.8547412072905
-64.85447849016312
-64.85421801259854
-64.85395976867258
-64.85370375246758
-64.85344995807237
-64.85319837958231
-64.85294901109928
-64.85270184673176
-64.85245688059479
-64.85221410680998
-64.85197351950562
-64.85173511281658
-64.85149888088442
-64.85126481785734
-64.85103291789024
-64.85080317514472
-64.85057558378911
-64.85035013799848
-64.85012683195463
-64.84990565984617
-64.84968661586848
-64.84946969422374
-64.84925488912097
-64.849042194776
-64.84883160541156
-64.84862311525721
-64.84841671854942
-64.84821240953153
-64.84801018245383
-64.84781003157354
-64.84761195115485
-64.84741593546885
-64.84722197879366
-64.8470300754144
-64.84684021962316
-64.8466524057191
-64.84646662800837
-64.84628288080422
-64.84610115842695
-64.84592145520392
-64.84574376546963
-64.84556808356565
-64.8453944038407
-64.84522272065064
-64.84505302835845
-64.8448853213343
-64.84471959395556
-64.84455584060674
-64.8443940556796
-64.84423423357309
-64.84407636869342
-64.84392045545403
-64.84376648827559
-64.84361446158609
-64.84346436982075
-64.84331620742213
-64.8431699688401
-64.84302564853179
-64.84288324096173
-64.84274274060174
-64.84260414193102
-64.84246743943615
-64.84233262761104
-64.84219970095705
-64.8420686539829
-64.84193948120475
-64.84181217714612
-64.84168673633805
-64.84156315331896
-64.84144142263476
-64.84132153883881
-64.84120349649196
-64.84108729016252
-64.84097291442633
-64.84086036386672
-64.84074963307455
-64.84064071664818
-64.84053360919354
-64.84042830532408
-64.84032479966083
-64.84022308683238
-64.84012316147489
-64.8400250182321
-64.83992865175536
-64.8398340567036
-64.83974122774339
-64.8396501595489
-64.83956084680194
-64.83947328419198
-64.8393874664161
-64.83930338817906
-64.83922104419327
-64.83914042917881
-64.83906153786347
-64.83898436498271
-64.83890890527968
-64.83883515350523
-64.83876310441796
-64.83869275278416
-64.83862409337783
-64.83855712098075
-64.83849183038242
-64.8384282163801
-64.83836627377877
-64.83830599739125
-64.83824738203805
-64.8381904225475
-64.83813511375573
-64.83808145050664
-64.8380294276519
-64.83797904005105
-64.83793028257139
-64.83788315008806
-64.83783763748403
-64.83779373965007
-64.8377514514848
-64.83771076789472
-64.83767168379413
-64.8293417785574
-64.81599291356918
-64.79901487336166
-64.77922300113568
-64.75719143236832
-64.73335880795113
-64.70807369613914
-64.68161977403612
-64.65423193356166
-64.62610732284715
-64.59741321252672
-64.56829275626224
-64.53886930941609
-64.50924973672444
-64.47952699587212
-64.44978219189025
-64.42008623757751
-64.3905012148646
-64.36108150518801
-64.33187473857375
-64.30292259832873
-64.27426150917505
-64.24592323015301
-64.21793536886291
-64.1903218300915
-64.16310320922119
-64.13629713880074
-64.10991859510025
-64.08398017025758
-64.05849231466435
-64.03346355347531
-64.00890068050877
-63.98480893230677
-63.961192144714474
-63.93805289400102
-63.915392624264136
-63.89321176262678
-63.87150982353711
-63.85028550331727
-63.829536765963816
-63.80926092108262
-63.78945469473695
-63.77011429389849
-63.75123546511322
-63.73281354792728
-63.71484352355885
-63.69732005925122
-63.68023754869716
-63.66359014888483
-63.647371813681076
-63.63157632443646
-63.61619731786944
-63.601228311465775
-63.58666272661896
-63.57249390963445
-63.558715150863684
-63.54531970206971
-63.532300792186035
-63.519651641603645
-63.50736547510387
-63.49543553354685
-63.483855084416824
-63.47261743131726
-63.46171592250908
-63.45114395854399
-63.44089499908866
-63.43096256900121
-63.42134026371886
-63.41202175401269
-63.40300079016078
-63.39427120558748
-63.38582692001253
-63.377661942150525
-63.36977037199791
-63.362146402742034
-63.35478432232408
-63.34767851468523
-63.34082346072329
-63.33421373898487
-63.32784402611626
-63.32170909709456
-63.315803825258826
-63.310123182159565
-63.30466223724361
-63.29941615738998
-63.2943802063112
-63.28954974383358
-63.284920225068646
-63.28048719948732
-63.27624630990733
-63.27219329140357
-63.26832397015058
-63.26463426220605
-63.26112017224092
-63.25777779222448
-63.25460330007096
-63.25159295825369
-63.24874311239212
-63.24605018981691
-63.24351069811751
-63.24112122367656
-63.23887843019494
-63.236779057211095
-63.23481991861775
-63.23299790117906
-63.231309963050855
-63.22975313230643
-63.22832450547009
-63.227021246060445
-63.225840583145256
-63.2247798099095
-63.223836282238025
-63.223007417314186
-63.22229069223554
-63.22168364264766
-63.22118386139699
-63.220788997203385
-63.220496753353245
-63.22030488641358
-63.22021120496764
-63.220213568372515
-63.2203098855389
-63.220498113733505
-63.22077625740403
-63.221142367027156
-63.2215945379793
-63.22213090943046
-63.22275485258121
-63.223481761535766
-63.22434381571609
-63.225391389180345
-63.226691435998966
-63.22832384573773
-63.23037680980996
-63.23294202196539
-63.236110260625686
-63.23996765892159
-63.24459278801714
-63.25005455925696
-63.256410879046236
-63.263707953741125
-63.271980128584126
-63.281250145967114
-63.29152971775633
-63.30282031983146
-63.31511413168117
-63.32839505826313
-63.3426397845011
-63.357818824342516
-63.37389753612802
-63.39083708417754
-63.40859533311799
-63.4271276667477
-63.446387727346014
-63.46632807448501
-63.486900764724744
-63.50805785525373
-63.5297518357491
-63.551935993445056
-63.57456471683553
-63.597593743621694
-63.62098035851262
-63.644683546353875
-63.66866410583719
-63.69288472861879
-63.71731004857126
-63.74190666533214
-63.76664314600563
-63.79149000850115
-63.81641968963762
-63.841406500799515
-63.866426573579524
-63.89145779759263
-63.91647975234375
-63.94147363478032
-63.966422183932885
-63.991309603840214
-64.01612148577115
-64.04084473059063
-64.06546747197213
-64.08997900103031
-64.11436969283608
-64.1386309351782
-64.16275505985139
-64.1867352766772
-64.21056561040699
-64.23424084059204
-64.2577564444698
-64.28110854288066
-64.30429384919331
-64.32730962119534
-64.35015361588302
-64.37282404706849
-64.39531954571092
-64.41763912286886
-64.43978213517418
-64.46174825269065
-64.48353742904953
-64.50514987375594
-64.52658602654309
-64.5478465336578
-64.56893222597121
-64.58984409879251
-64.61058329328547
-64.63115107938397
-64.65154884010896
-64.67177805719349
-64.69184029792052
-64.71173720309187
-64.73147047604809
-64.75104187267469
-64.77045319230031
-64.78970626940678
-64.80880296613624
-64.82774516550963
-64.84653476529961
-64.86517367250762
-64.8836637983967
-64.90200705403531
-64.92020534631035
-64.93826057437039
-64.95617462646307
-64.97394937713348
-64.99158668475216
-65.00908838934411
-65.02645631069714
-65.04369224671608
-65.0607979719983
-65.07777523662172
-65.09462576512153
-65.1113512556372
-65.1279533792137
-65.1444337792418
-65.1607940710243
-65.17703584145528
-65.1931606488012
-65.20917002257265
-65.22506546347876
-65.24084844345465
-65.25652040575382
-65.27208276509819
-65.2875369078792
-65.30288419240394
-65.31812594918073
-65.33326348123921
-65.34829806436207
-65.36323094734404
-65.37806335240755
-65.39279647568726
-65.40743148773223
-65.4219695340096
-65.43641173540134
-65.45075918869209
-65.46501296705343
-65.47917412052522
-65.49324367649515
-65.5072226401762
-65.52111199508192
-65.53491270350708
-65.54862570699004
-65.56225192677807
-65.57579226429033
-65.58924760157603
-65.6026188017674
-65.61590670952691
-65.62911215148858
-65.64223593669297
-65.65527885701576
-65.66824168758919
-65.68112518721631
-65.69393009877774
-65.70665714963039
-65.71930705199908
-65.73188050336078
-65.74437818682048
-65.75680077147918
-65.76914891279395
-65.78142325293014
-65.79362442110568
-65.80575303392762
-65.81780969572092
-65.8297949988506
-65.84170952403541
-65.85355384066611
-65.86532850708355
-65.87703407087272
-65.88867106914739
-65.90024002882684
-65.91174146690562
-65.92317589071615
-65.93454379818459
-65.94584567808009
-65.95708201025745
-65.9682532658934
-65.97935990771657
-65.99040239023141
-66.00138115993607
-66.0122966555343
-66.02314930814059
-66.03393954148295
-66.04466777209785
-66.05533440952011
-66.06593985646768
-66.07648450902128
-66.08696875679937
-66.09739298312796
-66.10775756520947
-66.11806287428199
-66.12830927577312
-66.13849712945171
-66.14862678957574
-66.1586986050361
-66.16871291949626
-66.17867007152806
-66.18857039474366
-66.19841421792374
-66.20820186514213
-66.21793365588692
-66.22760990517818
-66.23723092368229
-66.24679701782313
-66.25630848989009
-66.26576563814291
-66.27516875691335
-66.28451813670475
-66.29381406428845
-66.30305682279736
-66.3122466918168
-66.32138394747291
-66.33046886251846
-66.33950170641623
-66.34848274542004
-66.35741224265351
-66.3662904581865
-66.37511764910946
-66.3838940696056
-66.39261997102106
-66.40129560193307
-66.40992120821616
-66.41849703310645
-66.4270233172642
-66.43550029883575
-66.44392821351364
-66.45230729459321
-66.46063777302746
-66.46891987748072
-66.47715383438097
-66.48533986797075
-66.49347820035669
-66.50156905155771
-66.5096126395518
-66.51760918032154
-66.52555888789833
-66.53346197440528
-66.54131865009906
-66.54912912341028
-66.556893600983
-66.56461228771326
-66.57228538678653
-66.57991309971389
-66.5874956263668
-66.59503316501124
-66.60252591234082
-66.60997406350906
-66.61737781216067
-66.62473735046207
-66.63205286913094
-66.63932455746513
-66.64655260337052
-66.65373719338821
-66.66087851272079
-66.667976745258
-66.67503207360163
-66.6820446790896
-66.68901474181962
-66.6959424406748
-66.70282795334349
-66.70967145627918
-66.71647312468973
-66.72323313257168
-66.72995165275859
-66.73662885696704
-66.74326491583604
-66.74985999895932
-66.75641427491213
-66.7629279112735
-66.76940107464533
-66.77583393066936
-66.78222664404235
-66.78857937853014
-66.79489229698089
-66.80116556133775
-66.80739933265103
-66.81359377108997
-66.81974903595435
-66.82586528568574
-66.83194267787864
-66.83798136929128
-66.84398151585638
-66.84994327269165
-66.85586679411013
-66.86175223363034
-66.86759974398626
-66.87340947713707
-66.87918158427671
-66.88491621584328
-66.89061352152822
-66.8962736502853
-66.90189675033938
-66.9074829691951
-66.9130324536453
-66.91854534977918
-66.92402180299047
-66.92946195798525
-66.93486595878966
-66.94023394875762
-66.94556607058347
-66.95086246630133
-66.95612327729359
-66.96134864429804
-66.96653870741483
-66.97169360611306
-66.97681347923725
-66.98189846501357
-66.98694870105601
-66.99196432437226
-66.99694547136966
-67.00189227786073
-67.00680487906882
-67.0116834096335
-67.0165280036158
-67.02133879450341
-67.02611591521567
-67.03085949810855
-67.03556967497944
-67.04024657707183
-67.04489033507987
-67.04950107915296
-67.05407893890002
-67.05862404339388
-67.0631365211754
-67.06761650025761
-67.07206410812974
-67.07647947176109
-67.08086271760493
-67.08521397160224
-67.08953335918538
-67.0938210052817
-67.09807703431707
-67.10230157021938
-67.10649473642184
-67.11065665586635
-67.11478745100678
-67.1188872438121
-67.12295615576954
-67.12699430788766
-67.13100182069931
-67.13497881426464
-67.13892540817398
-67.14284172155232
-67.14672787306051
-67.15058398089766
-67.15441016280383
-67.15820653606269
-67.16197321750425
-67.16571032350734
-67.16941797000214
-67.1730962724727
-67.17674534595932
-67.18036530506096
-67.18395626393755
-67.18751833631231
-67.19105163547404
-67.19455627427928
-67.19803236515457
-67.20148002009857
-67.20489935068422
-67.20829046806078
-67.21165348295598
-67.21498850567795
-67.21829564611733
-67.22157501374916
-67.22482671763488
-67.22805086642425
-67.2312475683572
-67.23441693126577
-67.23755906257588
-67.24067406930924
-67.24376205808505
-67.2468231351219
-67.24985740623939
-67.25286497685995
-67.25584595201059
-67.2588004363245
-67.26172853404282
-67.26463034901619
-67.26750598470652
-67.27035554418852
-67.27317913015135
-67.2759768449002
-67.27874879035785
-67.28149506806626
-67.28421577918809
-67.28691102450823
-67.28958090443533
-67.29222551900328
-67.29484496787273
-67.29743935033252
-67.3000087653012
-67.30255331132841
-67.30507308659637
-67.30756818892128
-67.31003871575476
-67.31248476418514
-67.31490643093893
-67.31730381238222
-67.31967700452209
-67.32202610300794
-67.32435120313284
-67.32665239983486
-67.32892978769846
-67.33118346095573
-67.33341351348778
-67.33562003882601
-67.3378031301534
-67.33996288030585
-67.34209938177338
-67.34421272670153
-67.3463030068925
-67.34837031380651
-67.35041473856302
-67.35243637194193
-67.35443530438494
-67.35641162599667
-67.35836542654594
-67.36029679546704
-67.36220582186132
-67.36409259449852
-67.3659572018177
-67.36779973192833
-67.36962027261144
-67.37141891132072
-67.3731957351837
-67.374950831003
-67.3766842852574
-67.378396184103
-67.38008661337436
-67.38175565858573
-67.38340340493215
-67.38502993729061
-67.3866353402212
-67.3882196979683
-67.38978309446163
-67.39132561331753
-67.39284733783995
-67.3943483510217
-67.3958287355455
-67.39728857378515
-67.39872794780659
-67.40014693936914
-67.40154562992647
-67.40292410062781
-67.40428243231901
-67.40562070554364
-67.40693900054414
-67.40823739726287
-67.4095159753432
-67.41077481413065
-67.4120139926739
-67.41323358972599
-67.41443368374526
-67.41561435289654
-67.41677567505218
-67.41791772779312
-67.41904058841
-67.42014433390413
-67.4212290409887
-67.42229478608974
-67.42334164534716
-67.42436969461593
-67.425379009467
-67.42636966518842
-67.4273417367864
-67.42829529898633
-67.42923042623383
-67.43014719269578
-67.43104567226139
-67.4319259385432
-67.43278806487821
-67.43363212432887
-67.43445818968415
-67.43526633346053
-67.436056627903
-67.43682914498612
-67.43758395641494
-67.4383211336261
-67.43904074778882
-67.43974286980585
-67.44042757031457
-67.4410949196879
-67.4417449880354
-67.44237784520419
-67.44299356078002
-67.44359220408822
-67.44417384419471
-67.444738549907
-67.44528638977519
-67.44581743209295
-67.4463317448985
-67.44682939597561
-67.44731045285458
-67.44777498281323
-67.44822305287786
-67.44865472982428
-67.44907008017876
-67.44946917021902
-67.44985206597521
-67.45021883323088
-67.45056953752399
-67.45090424414785
-67.45122301815204
-67.45152592434334
-67.45181302728676
-67.4520843913064
-67.45234008048644
-67.45258015867208
-67.45280468947048
-67.45301373625176
-67.45320736214988
-67.45338563006362
-67.45354860265752
-67.45369634236279
-67.45382891137832
-67.45394637167155
-67.4540487849794
-67.45413621280927
-67.45420871643988
-67.45426635692223
-67.45430919508053
-67.4543372915131
-67.4543507065933
-67.45434950047046
-67.45433373307074
-67.4543034640981
-67.45425875303518
-67.45419965914421
-67.45412624146793
-67.45403855883046
-67.45393666983823
-67.45382063288088
-67.45369050613213
-67.45354634755071
-67.4533882148812
-67.45321616565498
-67.45303025719106
-67.45283054659701
-67.45261709076982
-67.45238994639676
-67.45214916995634
-67.45189481771907
-67.45162694574839
-67.4513456099016
-67.4510508658306
-67.45074276898286
-67.45042137460227
-67.45008673772993
-67.4497389132051
-67.44937795566598
-67.44900391955065
-67.44861685909783
-67.4482168283478
-67.4478038811432
-67.4473780711299
-67.44693945175787
-67.44648807628194
-67.4460239977627
-67.4455472690673
-67.44505794287036
-67.4445560716547
-67.44404170771222
-67.44351490314469
-67.44297570986465
-67.44242417959617
-67.44186036387563
-67.43267021356846
-67.4182452389053
-67.40002420222704
-67.37885051665107
-67.35531804995728
-67.32988069346985
-67.30289935462459
-67.27466796934623
-67.24543012469078
-67.21539044965267
-67.18472272923351
-67.15357584663253
-67.12207823872451
-67.09034130917887
-67.05846209505064
-67.02652538776486
-66.99460544749058
-66.96276740881736
-66.93106844794684
-66.89955876263646
-66.8682824029861
-66.83727798169171
-66.80657928588755
-66.77621580763434
-66.746213206539
-66.71659371525807
-66.68737649655698
-66.65857795899242
-66.63021203703137
-66.60229044040067
-66.57482287672339
-66.5478172508251
-66.52127984358091
-66.4952154727511
-66.46962763790349
-66.44451865122942
-66.41988975581671
-66.39574123273827
-66.37207249814155
-66.34888219137673
-66.32616825507546
-66.30392800798397
-66.28215821126123
-66.26085512887215
-66.240014582636
-66.21963200242918
-66.19970247198833
-66.18022077071286
-66.16118141182528
-66.14257867721128
-66.12440664922944
-66.1066592397526
-66.08933021667788
-66.07241322811947
-66.05590182447828
-66.0397894785652
-66.02406960380128
-66.0087355708561
-65.99378072287539
-65.9791983893504
-65.96498189871268
-65.95112458974423
-65.93761982189166
-65.92446098457792
-65.91164150559356
-65.89915485864204
-65.88699457010766
-65.87515422510901
-65.86362747289854
-65.85240803165051
-65.84148969269195
-65.83086632422398
-65.82053187457268
-65.81048037501783
-65.80070594219893
-65.79120278016853
-65.7819651821113
-65.77298753175403
-65.76426430449247
-65.75579006825934
-65.74755948415486
-65.73956730686035
-65.73180838485398
-65.72427766044615
-65.71697016965031
-65.70988104190398
-65.70300549965427
-65.69633885782038
-65.68987652314522
-65.68361399344697
-65.67754685678098
-65.6716707905211
-65.66598156036954
-65.66047501930308
-65.65514710646306
-65.64999384599636
-65.6450113458533
-65.6401957965487
-65.63554346989125
-65.63105071768646
-65.6267139704175
-65.6225297359084
-65.61849459797341
-65.61460521505607
-65.6108583188613
-65.60725071298356
-65.60377927153375
-65.60044093776743
-65.59723272271656
-65.59415170382694
-65.59119502360325
-65.58835988826502
-65.58564356641021
-65.5830433876919
-65.58055674150903
-65.5781810757118
-65.57591389532257
-65.57375276127333
-65.57169528916025
-65.56973914801625
-65.56788205910212
-65.5661217947164
-65.56445617702501
-65.56288307691045
-65.56140041284125
-65.56000614976155
-65.55869829800139
-65.55747491220744
-65.55633409029457
-65.55527397241801
-65.55429273996637
-65.55338861457523
-65.55255985716138
-65.55180476697765
-65.55112168068793
-65.55050897146252
-65.54996504809353
-65.54948835413005
-65.549077367033
-65.54873059734926
-65.54844658790512
-65.54822391301836
-65.54806117772922
-65.54795701704943
-65.54791009522944
-65.54791910504338
-65.54798276709137
-65.54809982911907
-65.54826906535392
-65.54848927585807
-65.54875928589729
-65.54907794532593
-65.54944412798733
-65.54985673112951
-65.55031467483579
-65.55081690146997
-65.5513623751358
-65.55195008115041
-65.55257902553143
-65.55324823449745
-65.55395675398141
-65.55470364915695
-65.55548800397696
-65.55630892072446
-65.5571655195752
-65.55805693817192
-65.55898233120982
-65.5599408700331
-65.56093174224209
-65.56195415131104
-65.56300731621587
-65.56409047107208
-65.56520286478211
-65.56634376069233
-65.56751243625904
-65.56870818272348
-65.5699303047956
-65.57117812034616
-65.57245096010718
-65.57374816738036
-65.57506909775337
-65.57641311882365
-65.57777960992966
-65.57916796188928
-65.58057757674523
-65.58200786751725
-65.58345825796093
-65.58492818233292
-65.58641708516247
-65.58792442102892
-65.58944965434519
-65.59099225914701
-65.59255171888766
-65.59412752623815
-65.59571918289271
-65.59732619937937
-65.59894809487548
-65.60058439702816
-65.60223464177926
-65.6038983731951
-65.60557514330047
-65.60726451191704
-65.60896604650587
-65.61067932201402
-65.6124039207251
-65.61413943211366
-65.61588545270327
-65.61764158592824
-65.61940744199883
-65.6211826377699
-65.62296679661283
-65.62475954829064
-65.62656052883632
-65.62836938043411
-65.63018575130373
-65.63200929558752
-65.63383967324032
-65.63567654992202
-65.63751959689282
-65.63936849091093
-65.64122291413281
-65.6430825540158
-65.64494710322307
-65.64681625953078
-65.64868972573758
-65.65056720957611
-65.65244842362664
-65.65433308523272
-65.65622091641907
-65.65811164381137
-65.66000499855696
-65.66190071624803
-65.66379853684643
-65.66569820461034
-65.66759946802249
-65.66950207972008
-65.67140579642614
-65.67331037888249
-65.67521559178408
-65.6771212037149
-65.67902698708511
-65.68093271806966
-65.68283817654813
-65.68474314604595
-65.68664741367668
-65.68855077008577
-65.69045300939521
-65.69235392914956
-65.69425333026292
-65.6961510169671
-65.69804679676072
-65.69994048035954
-65.70183188164755
-65.70372081762916
-65.70560710838238
-65.70749057701276
-65.70937104960841
-65.7112483551957
-65.71312232569606
-65.7149927958833
-65.716859603342
-65.71872258842657
-65.72058159422106
-65.72243646649974
-65.72428705368843
-65.72613320682647
-65.72797477952953
-65.72981162795287
-65.73164361075544
-65.73347058906454
-65.73529242644112
-65.73710898884566
-65.73892014460475
-65.74072576437806
-65.74252572112606
-65.74431989007822
-65.74610814870168
-65.7478903766706
-65.74966645583585
-65.75143627019536
-65.75319970586482
-65.75495665104896
-65.75670699601325
-65.75845063305609
-65.76018745648136
-65.76191736257157
-65.76364024956122
-65.76535601761078
-65.76706456878097
-65.7687658070074
-65.77045963807575
-65.77214596959716
-65.77382471098414
-65.77549577342673
-65.77715906986903
-65.77881451498624
-65.78046202516178
-65.78210151846497
-65.7837329146289
-65.7853561350287
-65.78697110266012
-65.78857774211832
-65.79017597957713
-65.79176574276842
-65.79334696096196
-65.79491956494537
-65.79648348700451
-65.79803866090401
-65.79958502186818
-65.80112250656212
-65.80265105307312
-65.80417060089226
-65.80568109089636
-65.80718246533002
-65.80867466778811
-65.8101576431983
-65.81163133780387
-65.8130956991469
-65.81455067605143
-65.81599621860703
-65.81743227815252
-65.81885880725993
-65.82027575971857
-65.82168309051944
-65.8230807558398
-65.82446871302783
-65.82584692058764
-65.8272153381644
-65.82857392652963
-65.82992264756672
-65.83126146425761
-65.83259034066798
-65.83390924193252
-65.83521813424137
-65.83651698482663
-65.83780576194891
-65.83908443488413
-65.84035297391034
-65.84161135029483
-65.84285953628128
-65.84409750507722
-65.84532523084138
-65.84654268867155
-65.84774985459218
-65.8489467055425
-65.85013321936454
-65.85130937479136
-65.85247515143547
-65.85363052977733
-65.85477549115399
-65.85591001774789
-65.85703409257577
-65.85814769947775
-65.85925082310645
-65.86034344891637
-65.86142556315322
-65.86249715284356
-65.86355820578446
-65.86460871053325
-65.86564865639745
-65.86667803342485
-65.86769683239356
-65.86870504480237
-65.86970266286103
-65.8706896794808
-65.871666088265
-65.87263188349971
-65.87358706014459
-65.87453161382379
-65.87546554081696
-65.87638883805035
-65.87730150308805
-65.87820353412327
-65.87909492996984
-65.8799756900536
-65.88084581440411
-65.88170530364633
-65.88255415899238
-65.88339238223347
-65.88421997573184
-65.88503694241287
-65.88584328575722
-65.88663900979311
-65.88742411908868
-65.88819861874433
-65.88896251438531
-65.88971581215431
-65.89045851870405
-65.89119064119016
-65.89191218726393
-65.89262316506523
-65.8933235832156
-65.89401345081124
-65.89469277741617
-65.89536157305551
-65.89601984820877
-65.89666761380319
-65.89730488120728
-65.89793166222425
-65.89854796908573
-65.89915381444531
-65.89974921137241
-65.90033417334601
-65.90090871424854
-65.90147284835992
-65.90202659035145
-65.90256995527999
-65.90310295858207
-65.90362561606813
-65.9041379439168
-65.90463995866921
-65.90513167722344
-65.90561311682902
-65.90608429508136
-65.90654522991645
-65.90699593960545
-65.90743644274947
-65.90786675827427
-65.90828690542511
-65.90869690376171
-65.90909677315311
-65.90948653377271
-65.90986620609334
-65.91023581088236
-65.91059536919683
-65.91094490237877
-65.91128443205038
-65.9116139801094
-65.9119335687245
-65.91224322033075
-65.912542957625
-65.91283280356154
-65.9131127813476
-65.91338291443904
-65.91364322653601
-65.91389374157869
-65.9141344837431
-65.91436547743689
-65.91458674729523
-65.91479831817676
-65.91500021515955
-65.91519246353708
-65.91537508881437
-65.91554811670403
-65.91571157312244
-65.91586548418591
-65.91600987620699
-65.91614477569064
-65.91627020933068
-65.91638620400605
-65.91649278677727
-65.91658998488289
-65.91667782573596
-65.91675633692066
-65.91682554618879
-65.91688548145633
-65.91693617080008
-65.91697764245437
-65.91700992480777
-65.9170330463999
-65.91704703591816
-65.91705192219466
-65.91704773420311
-65.91703450105571
-65.91701225200013
-65.91698101641646
-65.91694082381417
-65.91689170382921
-65.91683368622105
-65.91676680086982
-65.91669107777338
-65.91660654704455
-65.91651323890835
-65.9164111836992
-65.91630041185819
-65.91618095393041
-65.91605284056234
-65.91591610249914
-65.9157707705821
-65.91561687574607
-65.91545444901696
-65.91528352150918
-65.91510412442322
-65.91491628904313
-65.91472004673423
-65.91451542894059
-65.91430246718275
-65.9140811930554
-65.91385163822501
-65.91361383442765
-65.91336781346665
-65.91311360721043
-65.91285124759032
-65.91258076659837
-65.9123021962852
-65.91201556875788
-65.91172091617787
-65.91141827075892
-65.91110766476505
-65.91078913050858
-65.91046270034808
-65.91012840668643
-65.90978628196889
-65.90943635868118
-65.90907866934754
-65.90871324652893
-65.90834012282113
-65.90795933085295
-65.90757090328447
-65.90717487280527
-65.90677127213256
-65.90636013400949
-65.90594149120342
-65.90551537650423
-65.90508182272264
-65.90464086268858
-65.90419252924956
-65.90373685526906
-65.90327387362491
-65.90280361720777
-65.90232611891953
-65.90184141167184
-65.90134952838454
-65.90085050198422
-65.9003443654027
-65.8998311515756
-65.89931089344093
-65.89878362393762
-65.89824937600419
-65.8977081825773
-65.89716007659044
-65.89660509097256
-65.89604325864676
-65.89547461252894
-65.8948991855266
-65.89431701053743
-65.89372812044819
-65.89313254813338
-65.89253032645402
-65.8919214882565
-65.8913060663713
-65.89068409361191
-65.8900556027736
-65.88942062663227
-65.88877919794338
-65.88813134944077
-65.88747711383562
-65.88681652381528
-65.88614961204233
-65.88547641115339
-65.88479695375815
-65.88411127243835
-65.88341939974671
-65.88272136820603
-65.88201721030808
-65.88130695851272
-65.88059064524695
-65.87986830290389
-65.8791399638419
-65.87840566038366
-65.87766542481528
-65.87691928938534
-65.87616728630412
-65.87540944774264
-65.87464580583183
-65.87387639266173
-65.87310124028062
-65.87232038069418
-65.87153384586476
-65.87074166771053
-65.8699438781047
-65.86914050887479
-65.8683315918018
-65.86751715861955
-65.86669724101387
-65.86587187062189
-65.86504107903139
-65.86420489778001
-65.86336335835462
-65.86251649219057
-65.86166433067109
-65.86080690512661
-65.85994424683406
-65.8590763870163
-65.85820335684146
-65.85732518742228
